Q20	Q30	EHFB	M22	M23	M33
170.14170516717567	0.0	0.06755408523913732	0.007037187440547066	0.0	0.022237161009801908
170.1877727481276	1.7904980284690366e-05	0.06614613508533439	0.0070363187495070135	3.985122587609966e-06	0.02222727685403541
170.2338403290795	3.580996056938073e-05	0.0647395366728448	0.007035450212816552	5.6227553948111115e-06	0.0222173940614996
170.2799079100314	5.37149408540711e-05	0.06333431336400185	0.007034581830488739	6.870440937215521e-06	0.022207512632181417
170.3259754909833	7.161992113876147e-05	0.061930488536531984	0.00703371360253665	7.914819853457983e-06	0.022197632566067785
170.3720430719352	8.952490142345184e-05	0.06052808558359612	0.0070328455289733445	8.82836628501788e-06	0.02218775386314563
170.4181106528871	0.0001074298817081422	0.059127127913837875	0.007031977609811897	9.648337746864095e-06	0.022177876523401887
170.46417823676347	0.00011051768213372627	0.05773086129729323	0.007031109342934383	9.762959450008704e-06	0.02216789357152914
170.51024582119408	0.00011079728603138676	0.056336706760890094	0.00703024099543651	9.752195202497957e-06	0.022157890473537865
170.55631340562468	0.00011107688992904725	0.05494407743733454	0.007029372650376393	9.74134750139548e-06	0.02214788739680735
170.60238099005528	0.00011135649382670773	0.05355299634799818	0.007028504307754243	9.730416377409793e-06	0.022137884341337392
170.64844857448588	0.00011163609772436822	0.05216348651532254	0.007027635967570247	9.719401839296477e-06	0.022127881307127784
170.69451615891649	0.0001119157016220287	0.05077557096293031	0.007026767629824628	9.708303928546334e-06	0.022117878294178307
170.74058374334768	0.00011203936460166197	0.04938930687601923	0.0070258992851992665	9.690380511764491e-06	0.022107874141034663
170.7866513277791	0.00011209023210732531	0.04800469915646226	0.00702503093700378	9.669278606125846e-06	0.02209786945232404
170.8327189122105	0.00011214109961298864	0.04662175489685334	0.00702416258927418	9.648155292001932e-06	0.022087864767458935
170.87878649664196	0.00011219196711865199	0.045240497120383576	0.0070232942420105195	9.627010466890426e-06	0.022077860086439277
170.92485408107336	0.00011224283462431533	0.043860948852153886	0.007022425895212831	9.60584400617197e-06	0.02206785540926507
170.97092166550476	0.00011229370212997865	0.04248313311945888	0.007021557548881146	9.584655790489041e-06	0.02205785073593625
171.0169892499362	0.00011236929889285087	0.04110706750417978	0.007020689205133196	9.56449831691736e-06	0.022047846256285232
171.06305683436753	0.0001124675367079043	0.039732775486790904	0.007019820864101242	9.545274057237008e-06	0.022037841957026467
171.10912441879884	0.00011256577452295767	0.03836028508891916	0.007018952523944158	9.526016487444024e-06	0.022027837665219225
171.15519200323024	0.00011266401233801108	0.03698961935254868	0.007018084184662016	9.50672548906212e-06	0.02201783338086341
171.20125958766155	0.00011276225015306447	0.035620801324590945	0.007017215846254881	9.487400932951155e-06	0.022007829103958997
171.24732717209292	0.00011286048796811789	0.03425385405781267	0.007016347508722835	9.468042709516242e-06	0.021997824834505856
171.2933947565242	0.00011297958270321366	0.0328887959990992	0.007015479174391978	9.449523058437348e-06	0.02198782073737408
171.3394623409554	0.00011313519211336511	0.03152564674559632	0.007014610845346181	9.432486784526984e-06	0.02197781693931287
171.3855299253866	0.00011329080152351658	0.030164437449798766	0.007013742517670907	9.41540184956234e-06	0.021967813153070198
171.43159750981778	0.00011344641093366805	0.028805191205300958	0.007012874191366255	9.398268130630416e-06	0.021957809378645964
171.47766509424895	0.00011360202034381951	0.02744793112159967	0.007012005866432344	9.381085517518635e-06	0.021947805616040043
171.52373267868015	0.00011375762975397096	0.026092680328124403	0.007011137542869279	9.363853894244431e-06	0.021937801865252328
171.56980026311135	0.00011391443906583697	0.024739461713657616	0.007010269220842083	9.346622387636554e-06	0.021927798136041718
171.61586784754252	0.00011407594540027962	0.023388297690099688	0.007009400900862064	9.329533412946535e-06	0.021917794457120995
171.6619354319737	0.00011423745173472227	0.022039212527653607	0.0070085325823041455	9.31239350940569e-06	0.021907790790467035
171.70800301640486	0.00011439895806916495	0.020692229511451346	0.007007664265168466	9.295202573345795e-06	0.021897787136079705
171.75407060083603	0.0001145604644036076	0.019347372001307945	0.0070067959494551245	9.27796046870663e-06	0.0218877834939589
171.80013818526717	0.00011472197073805025	0.018004663459177336	0.007005927635164247	9.26066707862036e-06	0.0218777798641045
171.84620576969834	0.00011487529323695018	0.016664129303080616	0.00700505932095931	9.242992997779099e-06	0.021867776178086776
171.8922733541298	0.00011485659401717474	0.015325829634960595	0.007004190979267856	9.218368009469876e-06	0.021857771058795574
171.93834093856125	0.00011483789479739929	0.013989750433065981	0.007003322637442696	9.193733276829771e-06	0.02184776593805319
171.98440852299268	0.00011481919557762381	0.01265591625666005	0.007002454295483819	9.169088660078682e-06	0.021837760815859624
172.03047610742414	0.00011480049635784836	0.011324351905228831	0.0070013644436985436	9.161001938420935e-06	0.021828292670293428
172.0765436918556	0.00011478179713807291	0.009995077648214017	0.0070001612683739224	9.161380621400545e-06	0.021819099241473794
172.12261127628705	0.00011476309791829744	0.008668112122571072	0.006998958093191948	9.16174852216936e-06	0.021809905813570396
172.168678860718	0.00011496618166646102	0.007343428927715785	0.006997754954300445	9.170956987955996e-06	0.021800714249494507
172.21474644514888	0.00011519807516782623	0.00602110175342894	0.006996551818343354	9.181298000731648e-06	0.02179152291685746
172.2608140295797	0.00011542996866919144	0.0047011881165887745	0.006995348680508906	9.191621390289376e-06	0.0217823315729663
172.3068816140106	0.00011566186217055666	0.003383798409812149	0.006994145540797042	9.201927155994302e-06	0.021773140217821067
172.35294919844145	0.00011589375567192186	0.002069290036663405	0.006992942399207722	9.212215314323768e-06	0.021763948851421817
172.39901678287237	0.00011612564917328707	0.0007603972480232068	0.00699173925574089	9.222485867195304e-06	0.021754757473768583
172.44508436706778	0.00011221315547546752	0.000564914996140731	0.006990535535145705	9.066802781864392e-06	0.02174553187711437
172.49115195117503	0.00010674758251410385	0.0018657284915403786	0.006989331636773858	8.844204938525736e-06	0.021736293689085594
172.53721953528225	0.00010128200955274015	0.0031692728188050137	0.0069881277824578765	8.615746776922823e-06	0.02172705576650103
172.58328711938947	9.581643659137646e-05	0.004471043745029647	0.0069869239721988986	8.380950668354483e-06	0.021717818109359546
172.6293547034967	9.035086363001277e-05	0.00577059197475714	0.006985720205998087	8.139269795086365e-06	0.021708580717659947
172.6754222876039	8.488529066864913e-05	0.007067789930804716	0.0069845164838565794	7.890073209940554e-06	0.021699343591401125
172.72148987184002	8.421007313471902e-05	0.008363626232909644	0.006983313354824399	7.859465432239467e-06	0.021690145572249867
172.76755745617467	8.719677650631457e-05	0.009657817831210886	0.006982110636181659	7.998485287499744e-06	0.021680977188950963
172.8136250405093	9.018347987791011e-05	0.010949541351706785	0.006980907893452899	8.135178433984762e-06	0.02167180866060945
172.85969262484394	9.317018324950568e-05	0.012238777636428234	0.006979705126637465	8.269659351640757e-06	0.021662639987225972
172.9057602091786	9.615688662110124e-05	0.013525509858022604	0.006978502335734749	8.402033417197878e-06	0.021653471168801133
172.9518277935132	9.914358999269676e-05	0.01480972249987816	0.006977299520744106	8.53239783126371e-06	0.0216443022053356
172.9978953778783	0.00010149429113015704	0.016091263452702197	0.006976096624151164	8.633830316788825e-06	0.021635128032581576
173.04396296228748	0.00010292810561350386	0.017370058663222696	0.006974893629379466	8.695466972853424e-06	0.021625946467112696
173.09003054669662	0.00010436192009685068	0.0186462926641653	0.006973690623039253	8.756684016967693e-06	0.02161676483201944
173.13609813110577	0.00010579573458019748	0.019919951809573413	0.006972487605130231	8.817489808115053e-06	0.0216075831273021
173.1821657155149	0.00010722954906354429	0.021191022604754688	0.006971284575652077	8.87789239878147e-06	0.021598401352960993
173.22823329992406	0.00010866336354689109	0.022459491663102522	0.0069700815346045	8.937899590308327e-06	0.021589219508996418
173.27430088433766	0.00010958384775896753	0.023725236094631157	0.0069688784479849525	8.976516390141907e-06	0.021580033582742974
173.3203684687648	0.00010895349950852857	0.02498802235929188	0.006967675257463087	8.951482307352171e-06	0.021570835526706696
173.36643605319193	0.00010832315125808963	0.02624816907975288	0.006966472072016845	8.92635871062952e-06	0.021561637501289643
173.41250363761907	0.00010769280300765069	0.02750566315286983	0.006965268891646355	8.901145015681941e-06	0.0215524395064917
173.4585712220462	0.00010706245475721175	0.02876049150120252	0.006964065716351748	8.8758406392752e-06	0.021543241542312717
173.50463880647334	0.0001064321065067728	0.03001264106745126	0.006962862546133159	8.850444985812844e-06	0.021534043608752575
173.5507063909005	0.00010580318561842959	0.031262099110788796	0.006961659381050743	8.825016992099404e-06	0.021524845716760756
173.59677397532786	0.00010518836630410187	0.03250885526224354	0.006960456221569117	8.800086815368288e-06	0.021515647963152296
173.64284155975523	0.00010457354698977414	0.03375289352667494	0.006959253067038669	8.775067492080968e-06	0.02150645023940815
173.68890914418256	0.00010395872767544643	0.034994200893582815	0.006958049917459524	8.749958431211667e-06	0.021497252545528193
173.73497672860992	0.00010334390836111871	0.03623276435927274	0.006956846772831808	8.724759035989276e-06	0.0214880548815123
173.78104431303728	0.00010272908904679096	0.03746857092563514	0.006955643633155662	8.699468706422193e-06	0.021478857247360327
173.82711189746462	0.00010211426973246323	0.03870160759917132	0.006954440498431207	8.674086822971484e-06	0.021469659643072167
173.87317948189286	0.00010157195923513136	0.03993187637590053	0.006953237369660289	8.651701716981548e-06	0.02146046261255588
173.9192470663212	0.00010103503299768419	0.04115935030748746	0.006952034245309133	8.62947191299602e-06	0.021451265648640062
173.96531465074952	0.00010049810676023702	0.04238401529205122	0.006950831125281754	8.607168286099209e-06	0.021442068710805104
174.01138223517785	9.996118052278986e-05	0.04360585834589056	0.00694962800957827	8.584790428246835e-06	0.021432871799050873
174.05744981960618	9.942425428534269e-05	0.04482486648719969	0.006948424898198786	8.562337907297086e-06	0.021423674913377266
174.1035174040345	9.88873280478955e-05	0.04604102673576576	0.00694722179114342	8.53981029804695e-06	0.021414478053784176
174.14958498846292	9.836054115214801e-05	0.047254328170940156	0.006946018688306999	8.51764623481251e-06	0.021405281294852304
174.1956525728914	9.783670609411325e-05	0.048464756341011474	0.006944815589670573	8.495536826770647e-06	0.021396084583149153
174.2417201573199	9.73128710360785e-05	0.04967229766777216	0.006943612495252993	8.47335418211267e-06	0.021386887896890475
174.28778774174833	9.678903597804376e-05	0.050876939174887344	0.006942409405054375	8.45109788363677e-06	0.021377691236076152
174.33385532617683	9.6265200920009e-05	0.05207866788669019	0.00694120631907483	8.428767506217477e-06	0.02136849460070606
174.3799229106053	9.574136586197427e-05	0.053277470828057845	0.006940003237314466	8.406362613925137e-06	0.021359297990780093
174.42599049503355	9.519588763701603e-05	0.05447333071699923	0.006938800160521942	8.382929787351605e-06	0.02135010125025291
174.4720580794616	9.463676684033686e-05	0.05566623621073061	0.006937597088650305	8.358813535794268e-06	0.02134090443819018
174.51812566388963	9.407764604365769e-05	0.05685617706040981	0.006936394021282855	8.33461225282178e-06	0.021331707653284702
174.56419324831768	9.351852524697853e-05	0.05804314029300902	0.006935190958419724	8.31032537613069e-06	0.021322510895536353
174.61026083274578	9.295940445029936e-05	0.05922711293565447	0.006933987900061022	8.285952314506854e-06	0.021313314164945
174.65632841717385	9.24002836536202e-05	0.060408082015572455	0.0069327848462068745	8.261492479365845e-06	0.02130411746151054
174.70239600160176	9.183139017496887e-05	0.06158603265663481	0.0069315817974319235	8.236506961180201e-06	0.02129492071619641
174.74846358602957	9.125090386811697e-05	0.06276095155442656	0.006930378753968931	8.210909102376248e-06	0.02128572391690051
174.7945311704574	9.067041756126508e-05	0.06393282800299005	0.006929175715183229	8.185216465514613e-06	0.021276527145798644
174.84059875488515	9.00899312544132e-05	0.06510164902998532	0.006927972681074946	8.159428338240283e-06	0.021267330402890673
174.88666633931294	8.950944494756128e-05	0.06626740166299687	0.006926769651644204	8.133543988535317e-06	0.021258133688176473
174.93273392374073	8.892895864070939e-05	0.06743007292950366	0.006925566626891125	8.1075626685729e-06	0.021248937001655917
174.97880150816857	8.835123351905554e-05	0.06858965038227843	0.006924363606586668	8.081609924552453e-06	0.02123974036243229
175.02486909259648	8.778006889067745e-05	0.06974612176221184	0.006923160590366865	8.055860595034861e-06	0.021230543796497855
175.07093667702438	8.720890426229938e-05	0.07089947284283006	0.00692195757874988	8.030014855230364e-06	0.02122134725830405
175.11700426145228	8.663773963392129e-05	0.07204969065086328	0.006920754571735818	8.004071933605412e-06	0.021212150747850773
175.16307184588018	8.606657500554322e-05	0.07319676221285956	0.006919551569324804	7.978031061907514e-06	0.021202954265137904
175.20913943030808	8.549541037716513e-05	0.0743406745551728	0.006918348571516963	7.951891456534788e-06	0.021193757810165314
175.25520701473602	8.492369287545203e-05	0.07548141460134031	0.006917145578371689	7.925626520344127e-06	0.021184561379188324
175.30127459916386	8.434859657667214e-05	0.07661896885639097	0.006915942590210148	7.899102833598492e-06	0.021175364953176064
175.34734218359173	8.377350027789227e-05	0.07775332497587482	0.006914739606683873	7.872476693866282e-06	0.021166168555094622
175.39340976801958	8.319840397911241e-05	0.07888446998532149	0.006913536627792977	7.845747229273484e-06	0.021156972184943904
175.43947735244745	8.262330768033253e-05	0.08001239091002169	0.006912333653537589	7.818913567559584e-06	0.021147775842723752
175.48554493687533	8.204821138155267e-05	0.08113707477501537	0.006911130683917827	7.791974804140063e-06	0.02113857952843408
175.5316125213032	8.14731150827728e-05	0.08225850860508847	0.006909927718933817	7.764930034761168e-06	0.021129383242074733
175.57768010573074	8.087201377948835e-05	0.08337667474618626	0.006908724762108144	7.736534449391795e-06	0.02112018681193626
175.62374769015824	8.027036689152336e-05	0.08449156484656033	0.006907521810204456	7.707995589239721e-06	0.021110990407401373
175.66981527458577	7.966872000355837e-05	0.08560316602910285	0.006906318863151182	7.679338332769392e-06	0.021101794032085636
175.71588285901328	7.906707311559337e-05	0.08671146531780713	0.00690511592094845	7.650561538631127e-06	0.021092597685988954
175.7619504434408	7.846542622762839e-05	0.08781644973637544	0.006903912983596387	7.621664045310271e-06	0.021083401369111167
175.80801802786834	7.78637793396634e-05	0.08891810630821101	0.00690271005109512	7.592644663203223e-06	0.021074205081452153
175.85408561229644	7.730863599517204e-05	0.09001643018916133	0.006901507116019636	7.565778212469476e-06	0.02106500912329767
175.90015319672466	7.676341128431488e-05	0.0911114019165166	0.006900304183796097	7.539291823352378e-06	0.021055813255910202
175.9462207811529	7.621818657345774e-05	0.09220300676928628	0.0068991012559682825	7.5127009357036885e-06	0.02104661741500155
175.99228836558112	7.56729618626006e-05	0.09329123176920665	0.006897898332536297	7.4860045985829085e-06	0.021037421600571624
176.03835595000936	7.512773715174344e-05	0.09437606422746456	0.006896349077505618	7.454698127952047e-06	0.021029307010845794
176.08442353443758	7.458251244088629e-05	0.0954574933855031	0.006894730189598204	7.422422863344924e-06	0.021021409773058972
176.13049111886673	7.412394799126209e-05	0.09653552398434347	0.006893111286025973	7.394411506517997e-06	0.021013513062833767
176.17655870329628	7.370940591421577e-05	0.0976101386308345	0.0068914923742243945	7.368563377123579e-06	0.02100561661102298
176.22262628772586	7.329486383716943e-05	0.0986813198455411	0.006889873461716279	7.342687076324065e-06	0.020997720134326055
176.26869387215547	7.288032176012311e-05	0.0997490576595849	0.006888254548501592	7.31678221006885e-06	0.02098982363274304
176.31476145658505	7.246577968307679e-05	0.10081334210386501	0.006886635634580312	7.2908484026699655e-06	0.02098192710627396
176.36082904101463	7.205123760603045e-05	0.10187416320906045	0.00688501671995241	7.264885257570978e-06	0.020974030554918845
176.40689662544494	7.174388593398498e-05	0.10293152864299461	0.00688339778694144	7.2443065255050266e-06	0.020966134691009164
176.45296420987592	7.154026232647804e-05	0.10398542758842456	0.006881778836390139	7.228960422898978e-06	0.020958239501083848
176.49903179430692	7.133663871897113e-05	0.10503583291655466	0.006880159885492554	7.213615236732621e-06	0.020950344298933644
176.54509937873794	7.11330151114642e-05	0.10608273465660062	0.006878540934248669	7.198270933427303e-06	0.0209424490845586
176.59116696316894	7.092939150395728e-05	0.10712612283767363	0.006876921982658483	7.1829274806582564e-06	0.02093455385795871
176.63723454759995	7.072576789645036e-05	0.10816598748878228	0.006875303030721966	7.1675848320699885e-06	0.020926658619134
176.68330213168022	6.724203821903586e-05	0.10920179614222492	0.0068736846025458116	6.983919469465049e-06	0.02091874097957152
176.72936971510137	5.7594034042106974e-05	0.11023309056384431	0.006872067148101896	6.458933587915578e-06	0.020910780871332187
176.77543729852255	4.794602986517807e-05	0.11126084811771852	0.006870449677174476	5.8889994622978945e-06	0.020902820183935734
176.8215048819437	3.829802568824918e-05	0.1122850588327907	0.006868832189762924	5.259522754078563e-06	0.02089485891738282
176.86757246536484	2.8650021511320288e-05	0.11330571273231403	0.00686721468586662	4.5458323625929765e-06	0.02088689707167405
176.91364004878602	1.9002017334391394e-05	0.1143227998338491	0.006865597165484918	3.69950335367542e-06	0.020878934646810062
176.95970034554963	0.00037079966531247064	0.11539182234155448	0.006863923988688228	1.633378300379439e-05	0.020873505048502543
177.00573011013972	0.0022371080873302513	0.11668791612878443	0.006862019677453779	4.013060419416114e-05	0.020878757203356437
177.05175987472987	0.004103416509348032	0.11797715656594093	0.006860118741253647	5.4365488792027e-05	0.020884121109212957
177.09778963931998	0.005969724931365813	0.1192595442256209	0.006858221182153169	6.559173450419504e-05	0.020889596764006785
177.14381940391013	0.007836033353383594	0.12053508076406397	0.006856327002213106	7.517003004263228e-05	0.020895184165677146
177.18984916850025	0.009702341775401375	0.1218037689168053	0.006854436203489685	8.366863182071208e-05	0.020900883312167832
177.23587126181664	0.011670550916817036	0.12308061877753204	0.00685253388285993	9.179613239785054e-05	0.02090742760965337
177.28166164723456	0.01671663242915142	0.12480118274680728	0.006850188146799393	0.00011008246366987593	0.020936332941439467
177.32745203265245	0.021762713941485805	0.1265097032732739	0.006847852403715587	0.0001258554469639937	0.020965537936567177
177.3732424180704	0.026808795453820193	0.12820623700556788	0.0068455266678784585	0.0001399692195216197	0.020995042580766544
177.41903280348825	0.03185487696615458	0.12989084319930938	0.006843210953524904	0.00015288569833866268	0.021024846859800717
177.46482318890617	0.03690095847848896	0.13156358368657323	0.006840905274858743	0.0001648880859069551	0.021054950759465816
177.51061357432408	0.041947039990823345	0.13322452284543773	0.006838609646050734	0.0001761648152457399	0.021085354265591116
177.55594935773192	0.05004416413180164	0.13530175121233956	0.0068359097769373454	0.00019313337572604322	0.021138672896085675
177.60122180809134	0.05856634541386609	0.13742224155555102	0.006833170183460508	0.00020975982402760416	0.021195628597260565
177.64649425845073	0.06708852669593054	0.1395262132158631	0.006830449138473557	0.00022539635486354092	0.02125308280424613
177.69176670881012	0.075610707977995	0.1416138289458928	0.006827746681279242	0.00024024020129769942	0.021311035477739607
177.7370391591695	0.08413288926005946	0.14368525473061017	0.006825062851087711	0.0002544338204662941	0.021369486578530855
177.7823116095289	0.09265507054212392	0.14574065970728856	0.006822397687016543	0.00026808403859024756	0.021428436067502294
177.82696101522896	0.10386463163850664	0.14814240104479717	0.006819415171804923	0.00028539197675481854	0.021508279331784824
177.8713649225676	0.11613310132343146	0.1506674480855338	0.006816327958971639	0.00030360263216128603	0.021596831252355887
177.91576882990626	0.12840157100835628	0.1531727571050765	0.006813270016975669	0.0003211701167953815	0.02168608396950808
177.9601727372449	0.1406700406932811	0.1556586238491545	0.006810241424447799	0.0003382017749710512	0.021776037404610604
178.00457664458355	0.15293851037820594	0.1581253463753525	0.00680724225983335	0.00035478163749593097	0.021866691479218152
178.0489805519222	0.16520698006313075	0.1605732249080574	0.006804272601392232	0.00037097691891856366	0.02195804611507082
178.09264130465638	0.1797506977940169	0.16329860378033229	0.006801075539303669	0.0003897770379742743	0.022067738301980798
178.1357259464744	0.19605824128660748	0.16623266775129336	0.006797718884627751	0.0004104098166580269	0.022191958933997957
178.1788105882924	0.21236578477919804	0.16914560802901374	0.006794404770102142	0.0004306314535789363	0.022317078617122437
178.22189523011042	0.22867332827178866	0.17203785150765388	0.006791133328667921	0.00045050899022916686	0.022443097218413165
178.26497987192843	0.24498087176437922	0.17490982427989712	0.0067879046929561265	0.00047009741748693337	0.022570014605239108
178.30806451374644	0.26128841525696983	0.1777619514288775	0.006784718995287784	0.0004894424861027639	0.022697830645279235
178.35040093833817	0.2793073927340557	0.18081108584462913	0.006781406137304115	0.0005105893959809753	0.022840050653307967
178.39162947331	0.2998605005142408	0.1841603755322949	0.006777894865076449	0.0005344658796447119	0.023003292310203743
178.43285800828184	0.3204136082944259	0.18748928699159392	0.0067744418693946725	0.0005581188001669932	0.023167611294224393
178.4740865432537	0.340966716074611	0.19079832554724405	0.0067710473497629665	0.0005815929461582453	0.023333007405865736
178.51531507822554	0.36151982385479614	0.19408799026592632	0.006767711505231918	0.0006049262011982516	0.023499480446077196
178.5565436131974	0.38207293163498124	0.19735877371519198	0.0067644345343985815	0.0006281509338373	0.02366703021626171
178.59717231017686	0.4036848171782634	0.20074231029832074	0.006761126918198678	0.0006524833095706666	0.023844123692593908
178.63599530672502	0.4284839557594613	0.20450249965538939	0.006757618578317388	0.0006803158740110118	0.024047868878980753
178.6748183032732	0.4532830943406593	0.20824488739600144	0.006754185902596093	0.0007080908625634208	0.02425282866061465
178.71364129982138	0.47808223292185714	0.21196994633514532	0.006750829161259444	0.0007358387940061227	0.024459002767270924
178.75246429636954	0.5028813715030551	0.21567813604596398	0.006747548623942691	0.0007635860621285335	0.024666390929314334
178.79128729291773	0.5276805100842531	0.21936990264254053	0.006744344559691768	0.0007913556657807932	0.02487499287769895
178.82985865838998	0.55283129920249	0.22308866950430617	0.006741192928419324	0.0008195586775428065	0.025087641293645855
178.86585968671403	0.5815740947338766	0.2272313990061875	0.006737878587954279	0.0008518191906983552	0.025330484660398892
178.9018607150381	0.6103168902652639	0.23135962327994306	0.006734657336421567	0.0008841688487522555	0.02557462167903052
178.93786174336213	0.6390596857966513	0.2354736377768598	0.006731529506600191	0.0009166281762031753	0.0258200520167617
178.97386277168624	0.6678024813280387	0.23957371797746507	0.0067284954305833105	0.0009492152323992464	0.02606677534149931
179.00986380001027	0.696545276859426	0.24366011925887548	0.006725555439778428	0.000981945998972187	0.02631479132183581
179.04586482833435	0.7252880723908134	0.24773307677103773	0.006722709864907538	0.001014834693749866	0.02656409962704924
179.079047486712	0.7572237238789705	0.2521808076901178	0.006719795566310229	0.0010514969708637573	0.026840429970714914
179.1120362692493	0.7893790121229665	0.256643112536994	0.006716978539789993	0.0010886176021675182	0.027119842223432448
179.14502505178666	0.8215343003669624	0.26109332420919845	0.006714270853833856	0.001125963049821126	0.02740056671157785
179.17801383432396	0.8536895886109583	0.2655314071625405	0.006711672885200545	0.0011635453009181153	0.027682603058392354
179.2110026168613	0.8858448768549544	0.26995730110502575	0.006709185009922649	0.0012013750948802757	0.0279659508878434
179.24399139939862	0.9180001650989503	0.2743709209924351	0.0067068076033067045	0.0012394620930911522	0.02825060982462444
179.27468472491623	0.9523114816139302	0.27903289143504795	0.006704463943830903	0.0012803071451476646	0.02855378462467216
179.30471246867629	0.9872479516707173	0.2837584821912174	0.006702218981517767	0.0013221771585933688	0.028863234763584142
179.33474021243637	1.0221844217275047	0.28847178540851953	0.006700096715381712	0.0013643615590315196	0.029173968102038723
179.36476795619643	1.057120891784292	0.2931723826195477	0.0066980975460941205	0.0014068680387092438	0.029485984239364483
179.3947956999565	1.0920573618410792	0.2978598286289122	0.006696221873610304	0.001449703554472007	0.02979928277560613
179.42482344371655	1.1269938318978665	0.30253365162503576	0.00669447009716977	0.001492874418483187	0.03011386331152415
179.4531393490784	1.163291523404408	0.3073568434057971	0.006692813349662228	0.0015380032140032845	0.030440375509839225
179.4804140362084	1.200417171914715	0.3122648200245662	0.006691270167744234	0.0015844843756844798	0.030774600455004155
179.50768872333836	1.237542820425022	0.31715737751850653	0.00668986031475829	0.0016313449217951522	0.03111004908799671
179.53496341046832	1.274668468935329	0.3220337001076258	0.006688584197639564	0.001678589616853742	0.03144672100188173
179.5622380975983	1.311794117445636	0.3268929456019575	0.006687442222650575	0.0017262227969601163	0.0317846157903967
179.5895127847283	1.348919765955943	0.33173424560393083	0.006686434795381365	0.0017742484183270618	0.03212373304795159
179.61565493027447	1.3868223332891083	0.3366488445556511	0.0066855553140202995	0.001823617184300464	0.032469966779999644
179.64047258169774	1.4256334980897356	0.34165098698651153	0.00668480720259978	0.0018745085067023663	0.03282426306044809
179.66529023312106	1.4644446628903616	0.34663162798860664	0.0066842006096950865	0.001925823610869922	0.03317970865146656
179.69010788454432	1.5032558276909886	0.3515895809246184	0.006683735936153335	0.00197756531578989	0.03353630315220787
179.7149255359676	1.542066992491616	0.35652363458354835	0.006683413582207927	0.0020297361929124133	0.033894046162438685
179.73974318739087	1.580878157292243	0.36143255344250624	0.006683233947478755	0.0020823385923280117	0.034252937282539045
179.76390192296878	1.6200858824952111	0.3663610935428331	0.006683197908935081	0.002135868789124414	0.03461585857971756
179.78657654150388	1.6601868052980207	0.3713649008658149	0.0066833089762563785	0.0021909574387324786	0.034986369787221326
179.80925116003897	1.7002877281008297	0.3763385144423848	0.006683567794067571	0.00224649854658884	0.035357951800934
179.83192577857406	1.7403886509036388	0.38128042281701163	0.006683974749806884	0.0023024936589465207	0.035730604233417375
179.85460039710915	1.7804895737064481	0.3861890925805448	0.006684530230361243	0.002358944180374791	0.036104326697784496
179.87727501564424	1.8205904965092574	0.3910629686649474	0.006685234622066342	0.002415851388061971	0.0364791188076997
179.8996820267158	1.860834864152961	0.3959165640144502	0.006686089575565626	0.002473398093272252	0.03685596585879439
179.92052425804263	1.901917996076765	0.40082550669298184	0.00668710299764143	0.002532471565302326	0.03723960325662862
179.94136648936944	1.943001128000569	0.4056934249654401	0.006688268903250598	0.0025920147549959903	0.037624235687963935
179.96220872069625	1.9840842599243729	0.4105185347108987	0.006689587662922239	0.002652028383915358	0.03800986278227125
179.98305095202306	2.0251673918481767	0.41529903273903057	0.006691059646692655	0.0027125130939998176	0.038396484169514265
180.00389318334987	2.066250523771981	0.420033097086138	0.006692214376518179	0.002772071941591816	0.038776442605396554
180.0247354146767	2.107333655695785	0.4247188841297625	0.006691405411442171	0.0028257927683766277	0.03912311191100217
180.04346573583476	2.149421128630733	0.4294607389138045	0.006690913450276065	0.002881674006228745	0.03947979011951462
180.0621798275879	2.1915163196292795	0.43414934443834136	0.006690472255149176	0.0029376941615430058	0.03983598135882828
180.08089391934107	2.233611510627826	0.4387818217870178	0.0066900785985516764	0.0029938334094601468	0.04019160533604698
180.09960801109418	2.2757067016263726	0.443356100464802	0.006689731351158462	0.00305008770206959	0.04054666318049591
180.11832210284732	2.3178018926249195	0.44787009513791665	0.006689429386380793	0.0031064529965056354	0.04090115601876371
180.13703619460043	2.359897083623466	0.4523217059860919	0.00668917158036365	0.003162925257786587	0.04125508497470546
180.15419134402578	2.402644476481261	0.45677298991783577	0.006689182609183365	0.003220985203742847	0.04161557991307471
180.17102790635826	2.445525153996585	0.46116890603916927	0.006689290762334033	0.0032794792885990558	0.04197700071899043
180.18786446869075	2.488405831511909	0.4654939136919463	0.006689449680490655	0.003338103114381367	0.042337894453703645
180.20470103102326	2.5312865090272316	0.4697457393152778	0.006689658314428236	0.003396852780158603	0.04269826216643929
180.22153759335575	2.5741671865425553	0.4739220974553768	0.0066899156172410355	0.0034557244022232563	0.043058104904103195
180.23837415568823	2.617047864057879	0.47802069105760503	0.0066902205443401625	0.0035147141154586873	0.04341742371128422
180.25409120817162	2.6603435251151777	0.4820763513137506	0.006690749211785019	0.0035748665086233074	0.043780933796124605
180.26927240091302	2.7038378203997033	0.48606577602232504	0.00669141573517376	0.003635657109969185	0.04414620507853626
180.2844535936544	2.7473321156842294	0.489968461168182	0.006692135789628267	0.0036965853728043144	0.04451098720832499
180.2996347863958	2.790826410968756	0.49378197275569785	0.006692908405827213	0.003757647610997832	0.04487528115481205
180.3148159791372	2.8343207062532816	0.4975038673030598	0.006693732616407872	0.003818840161353484	0.04523908788536022
180.3299971718786	2.877815001537808	0.5011316920833429	0.006694607455964299	0.0038801593841750388	0.04560240836537541
180.34443023822132	2.921556525152303	0.5046825490977037	0.006695660661610897	0.003942298188284444	0.04596817576252553
180.3581546705	2.965532226328938	0.5081515855507177	0.006696890625099904	0.004005237070997721	0.046336258440737396
180.3718791027787	3.0095079275055734	0.5115172965586957	0.0066981765104716495	0.004068319495914691	0.04670388701808457
180.38560353505738	3.0534836286822093	0.5147771223243837	0.00669951742506395	0.004131542020437704	0.04707106238722929
180.39932796733606	3.0974593298588444	0.517928495499008	0.0067009124778679196	0.004194901226953437	0.04743778543918039
180.4130523996148	3.14143503103548	0.520968841381086	0.006702360779526117	0.004258393722965897	0.04780405706329527
180.4263142579696	3.185547726783333	0.523904813860327	0.006703947615059483	0.004322448234677298	0.04817158191541346
180.4387502679408	3.229905003428158	0.526739980207843	0.006705744804895548	0.004387417525572645	0.048541717147330694
180.45118627791203	3.274262280072982	0.5294546941087269	0.006707600040142343	0.0044525348345684414	0.04891143040446652
180.4636222878832	3.318619556717806	0.5320462972301204	0.006709512500260086	0.004517796968766324	0.04928072250736081
180.47605829785437	3.36297683336263	0.534512125230365	0.0067114813661051246	0.004583200760286873	0.04964959427515718
180.4884943078256	3.4073341100074543	0.5368495079230289	0.006713505819928577	0.004648743066179857	0.05001804652560442
180.50070736237637	3.451750826429439	0.5390590100964603	0.00671562988107408	0.004714631320351206	0.0503868584488067
180.51200360655366	3.496411963929913	0.5411471781471654	0.006717996308182307	0.00478153090485454	0.05075846776490762
180.52329985073095	3.5410731014303867	0.5430973907504336	0.00672042268155581	0.004848581908002931	0.0511296842951198
180.5345960949082	3.585734238930861	0.5449069125845264	0.006722908247448227	0.004915781379689339	0.051500508793189646
180.5458923390855	3.630395376431334	0.5465730035420461	0.00672545225329449	0.004983126393804372	0.051870942011682145
180.55718858326276	3.6750565139318083	0.5480929188655405	0.0067280539477098935	0.005050614048038228	0.05224098470198208
180.56844378303603	3.7197275394687943	0.5494643113279902	0.006730721466954614	0.005118280897307866	0.05261077448502386
180.57872513388156	3.764633175642225	0.5506929078605552	0.006733659255867331	0.005187030667910301	0.0529834341920267
180.58900648472707	3.8095388118156563	0.5517657828707954	0.006736658739362758	0.005255934534469445	0.05335572760984437
180.59928783557257	3.8544444479890876	0.5526801407610509	0.006739719225228846	0.00532498977637743	0.05372765543068886
180.60956918641807	3.899350084162518	0.5534331821161304	0.006742840022255317	0.005394193695496621	0.054099218345770465
180.61985053726357	3.944255720335949	0.5540221038156543	0.006746020440232564	0.005463543615914205	0.05447041704529878
180.63013188810908	3.9891613565093804	0.5544440991460668	0.0067492597899507095	0.0055330368836922815	0.054841252218483696
180.6396136865194	4.034241544788594	0.5547008700927484	0.006736758823338134	0.005493913483345527	0.05461624981528867
180.64898271955394	4.079346351132774	0.5547891972686079	0.006719369698164923	0.005420659422297207	0.05420240333827009
180.65835175258854	4.124451157476955	0.5547116067403265	0.0067021498748419915	0.005347966841227689	0.05378920416820874
180.66772078562315	4.169555963821135	0.5544712842419853	0.006685098151429242	0.005275834382415188	0.05337665350704481
180.6770898186577	4.214660770165312	0.5540714183691098	0.006668213329134461	0.005204260682044518	0.05296475255357063
180.68645885169227	4.259765576509493	0.553515200550741	0.006651494212316275	0.005133244370109955	0.05255350250342739
180.69588016529684	4.3048594794086315	0.5528057168443095	0.006634933951579963	0.005062773038650483	0.05214294501903449
180.70532176385126	4.349949151752594	0.5519462846313669	0.006618535286597028	0.00499285366024968	0.0517330612585014
180.71476336240573	4.395038824096558	0.5509401508930755	0.006602299293869052	0.00492348936860801	0.05132383748324307
180.72420496096015	4.44012849644052	0.5497905142193374	0.006586224781508296	0.004854678747901736	0.050915274885147355
180.73364655951457	4.485218168784483	0.5485005759215822	0.006570310560840516	0.0047864203754130535	0.05050737465288848
180.743088158069	4.530307841128447	0.5470735400047676	0.006554555446407773	0.004718712821408431	0.05010013797192428
180.75262784691316	4.57537677322463	0.5455126489623786	0.006538949871219575	0.0046515417672009255	0.049693666831254896
180.7622459135737	4.620429133085823	0.5438211969309503	0.006523495298247415	0.004584911720100013	0.04928795261636251
180.77186398023423	4.665481492947015	0.5420023855169218	0.006508197506626907	0.004518832438960112	0.04888291896003376
180.78148204689478	4.710533852808209	0.5400594199333951	0.006493055302787245	0.004453302414307773	0.048478567055839354
180.79110011355533	4.755586212669401	0.537995508008433	0.006478067496508221	0.0043883201285371985	0.04807489809399958
180.80071818021585	4.800638572530594	0.5358138601564003	0.006463232900923047	0.004323884055752753	0.047671913261381205
180.81045131698082	4.845665980938947	0.533517963784283	0.006448543016353994	0.004259986663145573	0.04726976381521075
180.82035772734858	4.8906558172242125	0.5311112713876568	0.006433994264169621	0.004196628049885656	0.046868542265319973
180.8302641377163	4.935645653509478	0.5285966178032758	0.006419597016869063	0.004133817637689239	0.04646803045649845
180.84017054808405	4.980635489794741	0.5259772084663289	0.006405350067761689	0.00407155378064192	0.0460682295954368
180.85007695845184	5.025625326080006	0.5232562513476058	0.006391252213725904	0.004009834822861227	0.04566914088525658
180.85998336881954	5.070615162365271	0.5204369569235551	0.0063773022552120655	0.003948659098286348	0.0452707655255075
180.86998640538428	5.115583256473196	0.5175229347467183	0.006363494888064098	0.003888027472988568	0.04487325982630037
180.8803057108317	5.160480185883031	0.5145183811081105	0.006349821093495842	0.0038279495806992584	0.04447699706601356
180.8906250162791	5.20537711529287	0.5114252488175669	0.006336294033393712	0.003768418747979386	0.04408148286093212
180.9009443217265	5.250274044702707	0.5082467364828547	0.00632291247660428	0.0037094331397263024	0.043686718442209546
180.91126362717392	5.295170974112546	0.5049860451895843	0.006309675195858988	0.003650990908215589	0.04329270503711434
180.92158293262133	5.340067903522383	0.5016463784692674	0.00629658096777701	0.003593090192813657	0.04289944386902737
180.93194442020942	5.384954863581518	0.4982311792863877	0.0062836276330599655	0.0035357334977757374	0.042507017716042816
180.94281618680805	5.429721224014028	0.4947463275287138	0.006270805155509848	0.0034789735224973607	0.042116355563288056
180.9536879534067	5.474487584446536	0.4911921817499806	0.006258125031704812	0.003422760435600623	0.04172649153421074
180.96455972000535	5.519253944879046	0.4875719256141114	0.0062455859950533415	0.0033670921476915004	0.041337426895402395
180.97543148660404	5.564020305311556	0.4838887452199598	0.00623318678328292	0.0033119665529936417	0.04094916290913552
180.98630325320272	5.608786665744066	0.4801458290665557	0.006220926138443429	0.0032573815289554547	0.04056170083336024
180.99717501980135	5.653553026176575	0.47634636801843877	0.006208802806910435	0.003203334935845037	0.04017504192170101
181.0086967788217	5.698156025078244	0.47249809648130975	0.006196815281490337	0.00314994773154271	0.03979070204255111
181.02028205483072	5.742743060359192	0.4686000623726042	0.006184965831295172	0.003097119114071558	0.039407367688238916
181.0318673308397	5.78733009564014	0.4646549795353509	0.006173253323996631	0.0030448352147737032	0.03902489457696876
181.0434526068487	5.831917130921088	0.46066600915193684	0.006161676451962446	0.002993093587008995	0.038643284016372924
181.05503788285765	5.876504166202036	0.4566363147653515	0.006150233912466533	0.0029418917619855826	0.038262537309177495
181.06662315886663	5.921091201482984	0.45256906224074345	0.006138924407692581	0.0028912272482069217	0.03788265575319877
181.07888383207384	5.965495448194017	0.44847296214719223	0.006127758829239369	0.002841275614165207	0.03750548013699398
181.09136675559208	6.009839545386161	0.44434726019613763	0.006116731084199594	0.0027919277477561288	0.03712983683043721
181.10384967911034	6.054183642578305	0.4401932291658408	0.006105836278744994	0.0027431240355258917	0.036755130251286246
181.1163326026286	6.09852773977045	0.43601399290387494	0.006095073051070475	0.0026948615883135743	0.0363813617613462
181.12881552614687	6.142871836962595	0.4318126775734677	0.00608444004504764	0.0026471374875239382	0.036008532716745464
181.1412984496651	6.187215934154738	0.4275924116101488	0.006073935910228824	0.002599948784389571	0.03563664446793169
181.15443443721952	6.231367284505539	0.4233624472511946	0.006063582695376245	0.0025535123584534865	0.035267760430700526
181.16803021447495	6.275382931452608	0.41912369022748563	0.006053375453116077	0.0025077728339892524	0.03490133717364154
181.18162599173039	6.319398578399678	0.4148747997659545	0.006043297160662385	0.0024625753605639414	0.03453594136548273
181.19522176898585	6.363414225346749	0.41061884621619216	0.006033346395743044	0.002417916483177501	0.03417157442849622
181.20881754624128	6.407429872293819	0.40635890217804665	0.006023521742769652	0.0023737927078928646	0.03380823777827039
181.22241332349674	6.451445519240889	0.40209804245201847	0.006013821792842051	0.0023302005008971997	0.03344593282370544
181.2365898297621	6.495271871205493	0.3978454307557292	0.006004275956845403	0.0022873734800937387	0.033086774416636634
181.25154444032793	6.538844591549458	0.39360552722313974	0.0059948964382831515	0.0022454004666936462	0.03273155248531195
181.26649905089374	6.582417311893423	0.38937291086092873	0.00598564173357303	0.002203964368412472	0.032377464915591056
181.28145366145958	6.625990032237387	0.3851505775407688	0.005976510358725553	0.0021630610234046445	0.03202451319146345
181.29640827202542	6.669562752581351	0.3809415252768167	0.0059675008377319755	0.0021226862192793875	0.031672698788937845
181.31136288259125	6.713135472925316	0.37674875416839754	0.005958611702569349	0.0020828356920135874	0.03132202317603721
181.3267474303479	6.7565514539699	0.37258020127600366	0.0059498715510011655	0.0020437111676253174	0.03097428414102576
181.34334454550853	6.799525377501433	0.36844682863497774	0.005941336439397997	0.0020056935245200886	0.030632825397800132
181.35994166066916	6.842499301032965	0.3643370380549914	0.005932921706194905	0.0019682027852557242	0.030292624545469375
181.37653877582977	6.885473224564498	0.3602537232919115	0.005924625812331819	0.0019312339336003648	0.029953683123093523
181.3931358909904	6.92844714809603	0.356199780065748	0.005916447228373951	0.0018947818902127196	0.02961600266010743
181.40973300615104	6.971421071627563	0.3521781059941595	0.005908384434517464	0.001858841511613656	0.02927958467631489
181.42652853515318	7.014313078283073	0.34819403213500494	0.0059004531006356074	0.0018235166175062253	0.028945380198737325
181.4450822307643	7.056479210599418	0.34426814746084405	0.005892789121958929	0.0017896669036008897	0.028620926170342623
181.46363592637545	7.098645342915763	0.34038053962743037	0.005885240617236505	0.00175632694681143	0.028297868455185334
181.48218962198655	7.140811475232107	0.3365339648490761	0.005877806011752386	0.001723490756605321	0.027976208627981364
181.50074331759765	7.182977607548453	0.3327311810200749	0.005870483742441293	0.0016911522690737952	0.02765594825179602
181.51929701320873	7.225143739864796	0.32897494763789237	0.005863272257894853	0.0016593053464392532	0.02733708887803766
181.53785070881983	7.267309872181141	0.3252680257267165	0.005856170018367823	0.0016279437766640657	0.027019632046451584
181.55855492104868	7.308458025007415	0.3216384742819192	0.005849399565328171	0.0015983997818084601	0.02671542142610482
181.57940631889176	7.349536505302331	0.31806152437603824	0.005842754299652872	0.0015694302700172027	0.026413562043895496
181.6002577167348	7.390614985597248	0.3145378916480732	0.0058362174347277975	0.0015409369850647881	0.026113249443908866
181.62110911457785	7.431693465892166	0.3110701515397494	0.005829787411435877	0.0015129128575780062	0.025814485185262026
181.64196051242087	7.472771946187082	0.3076608806597842	0.005823462684707456	0.0014853507440555716	0.025517270813024615
181.6628119102639	7.513850426482	0.30431265669700663	0.0058172417235269865	0.0014582434279107972	0.025221607858212248
181.68570677777217	7.553806232290912	0.301050955069621	0.005811370654000442	0.0014330005327176853	0.024940362488232094
181.70919593217047	7.593435539135746	0.2978567958702112	0.005805675069292704	0.0014086147257215537	0.024664537595134626
181.73268508656878	7.633064845980581	0.294725202868941	0.005800081784629289	0.0013846667515890559	0.024390409191417915
181.75617424096708	7.672694152825416	0.2916585169382121	0.0057945893050394	0.0013611487170495662	0.02411797877205275
181.7796633953654	7.712323459670251	0.28865907951814884	0.005789196152218	0.0013380526731199308	0.023847247815344183
181.80315254976367	7.751952766515086	0.2857292325209069	0.005783900864532477	0.0013153706184703884	0.02357821778292475
181.82842368491816	7.790432820712914	0.282888225289631	0.0057789498221644045	0.0012944634231981213	0.023323729213817597
181.8548352483476	7.828177378632719	0.28012560906443734	0.005774254039946776	0.0012748297753822219	0.02307926221879792
181.88124681177703	7.865921936552526	0.27743102938163045	0.00576965394589389	0.0012555853079764586	0.022836625928740174
181.90765837520647	7.903666494472333	0.274806539476278	0.00576514819152691	0.0012367217948481858	0.022595821692123222
181.93406993863593	7.941411052392139	0.27225419240685694	0.00576073544755019	0.0012182309977719738	0.022356850838242768
181.96048150206533	7.9791556103119445	0.2697760409551066	0.0057564144038574775	0.001200104672315312	0.022119714677204864
181.98777577640044	8.016246785934296	0.2673784592027292	0.005757901922222889	0.001205126609038827	0.022169192951329148
182.01616026999895	8.05253098164685	0.26505809777827194	0.005766450242530155	0.0012384426628957383	0.022570175812274423
182.0445447635974	8.088815177359404	0.26280641252721504	0.005774975274837525	0.0012718737388364835	0.022970832139916467
182.07292925719588	8.125099373071958	0.26062200705418076	0.00578347642308095	0.0013054154698677834	0.023371162530319536
182.10131375079436	8.16138356878451	0.2585034782665156	0.005791953091979641	0.0013390635419745318	0.023771167578764338
182.12969824439284	8.197667764497064	0.25644941634113166	0.005800404687035388	0.001372813692265909	0.024170847879749106
182.1576785581811	8.234255689953333	0.25445998831451866	0.005808872033925594	0.0014067308713309153	0.024572112996095026
182.18463410645649	8.271613697830148	0.25253890973524035	0.005817418213760534	0.0014409145872423604	0.024977899501727855
182.21158965473182	8.308971705706963	0.25068213836322134	0.0058259376665397555	0.0014751839898225468	0.025383370692381817
182.23854520300716	8.346329713583774	0.24888809196199205	0.005834429806335576	0.0015095350535888473	0.025788527153984716
182.26550075128253	8.38368772146059	0.24715518129005817	0.005842894047964153	0.001543963793356878	0.026193369471720497
182.29245629955793	8.421045729337404	0.24548181007126021	0.005851329806984775	0.0015784662628618772	0.026597898230029865
182.31924913076128	8.4585167701311	0.24386860030986274	0.005859751448630315	0.0016130587961761958	0.027002799984081147
182.34484963254937	8.496816073565318	0.24232988871163036	0.005868253158565426	0.0016478635100899012	0.027412420754070313
182.37045013433746	8.535115376999535	0.24084912194086505	0.005876724960259166	0.0016827266329764873	0.027821738399542047
182.39605063612555	8.573414680433755	0.23942454055575735	0.00588516628132887	0.0017176444248312819	0.028230753492879054
182.42165113791364	8.611713983867975	0.23805437789436407	0.005893576550092333	0.0017526131760756327	0.02863946660576351
182.44725163970173	8.650013287302194	0.2367368600484719	0.005901955195567099	0.001787629206503444	0.029047878309177867
182.47285214148982	8.688312590736414	0.23547020583796893	0.005910301647469811	0.0018226888642591834	0.0294559891734055
182.49720667706788	8.727414718501793	0.2342804287256673	0.0059187191353552	0.0018578891303675303	0.029868504678142522
182.5215030609728	8.766554315644498	0.2331416896791881	0.005927108635783513	0.0018931271594102945	0.030280949376257804
182.54579944487773	8.805693912787206	0.2320508201066788	0.00593546475930297	0.001928394679655573	0.030693104448997276
182.57009582878266	8.84483350992991	0.23100588364075827	0.005943786950399961	0.001963688214612619	0.031104970451874485
182.5943922126876	8.883973107072615	0.2300049365393812	0.005952074654214615	0.0019990043095312188	0.03151654793974942
182.6186885965925	8.923112704215319	0.22904602766354082	0.005960327316540185	0.002034339530596001	0.03192783746682862
182.64199180171985	8.962847232702774	0.2281549307188695	0.005968620047929192	0.0020697325376259363	0.03234219926810375
182.66503550460862	9.002737207540104	0.22731087928548227	0.005976897017970741	0.002105146157275068	0.032757161094640184
182.6880792074974	9.042627182377432	0.22650474028867426	0.005985137989117588	0.0021405657841777784	0.03317184669797795
182.7111229103862	9.082517157214763	0.2257344164196242	0.005993342424016043	0.002175988139827827	0.03358625661547086
182.734166613275	9.122407132052091	0.22499780294129593	0.006001509785919006	0.0022114099612587216	0.034000391383865854
182.75721031616374	9.16229710688942	0.22429278766924116	0.006009639538685482	0.0022468280003910095	0.03441425153930388
182.7794998293399	9.20260787300172	0.22364137549318738	0.006017784286752376	0.0022822448379009415	0.03483012378564659
182.80134233676333	9.243168040713499	0.2230326963805629	0.006025922543543626	0.0023176528219507686	0.0352470860013101
182.82318484418673	9.28372820842528	0.2224504712702994	0.0060340224511469314	0.002353044902857592	0.03566378564700498
182.84502735161013	9.32428837613706	0.2218924513862213	0.006042083491790291	0.0023884179706664533	0.03608022324050324
182.8668698590335	9.36484854384884	0.22135638053611562	0.006050105148261226	0.0024237689258470177	0.036496399299017296
182.88871236645693	9.40540871156062	0.22083999509536445	0.006058086903906285	0.0024590946787479604	0.03691231433920079
182.9100213936239	9.446246583854691	0.2203595552269075	0.006066063463110412	0.0024943797113706435	0.03732941789853524
182.93071706027604	9.487403742614433	0.21991618826758533	0.006074040313466721	0.0025296176173026123	0.03774793523159083
182.9514127269281	9.528560901374172	0.21948645310546938	0.006081976726165659	0.002564819169580689	0.03816620368633272
182.97210839358019	9.56971806013391	0.21906795965553608	0.006089872203912718	0.0025999814015054625	0.038584223760055554
182.99280406023232	9.61087521889365	0.21865831048485695	0.006097726249926857	0.0026351013525220015	0.039001995949540506
183.0134997268844	9.652032377653388	0.2182551007987795	0.006105538367940048	0.002670176067749753	0.039419520751055356
183.03386782739244	9.693348880614188	0.2178678349606624	0.006113328624817388	0.0027051859652733193	0.03983759568464302
183.05347212586986	9.73503693425739	0.217510269685249	0.006121124638948355	0.002740104998838611	0.04025728957239519
183.07307642434722	9.776724987900591	0.21715229008954653	0.0061288783750755626	0.0027749685685016985	0.0406767481438621
183.09268072282458	9.818413041543792	0.21679137520644332	0.006136589356842139	0.002809773828777354	0.04109597187540078
183.112285021302	9.860101095186995	0.2164249968353278	0.0061442571083605655	0.0028445179366916643	0.04151496124289886
183.13188931977936	9.901789148830195	0.21605061953050406	0.006151881154212118	0.002879198051362976	0.041933716721774796
183.15135181122182	9.943541766986641	0.21567096248005393	0.006159469619156803	0.002913800736674628	0.04235254777290971
183.16992273448838	9.985700314689055	0.2153113844457853	0.006167068194523311	0.0029482666076217894	0.04277309447418412
183.18849365775492	10.027858862391469	0.21493625771417293	0.0061746228803963455	0.0029826591244819576	0.04319341913531601
183.20706458102148	10.070017410093879	0.21454294101264756	0.006182133221418579	0.0030169755432871742	0.043613522211662786
183.22563550428805	10.112175957796294	0.21412878598613572	0.006189598762660143	0.0030512131194480015	0.04403340415815435
183.2442064275546	10.154334505498706	0.21369113718741137	0.006197019049618226	0.0030853691073697547	0.04445306542929337
183.26277735082118	10.19649305320112	0.2132273320677045	0.006204393628216671	0.0031194407600684203	0.044872506479156214
183.28040011983708	10.239056299757433	0.21276982403346645	0.0062117791555590576	0.0031533348594614524	0.04529358216350633
183.2979957763636	10.28163111868541	0.21228168134197054	0.006219121005585222	0.0031871362263290576	0.045714501573370404
183.3155914328901	10.32420593761339	0.2117591471207374	0.0062264171288371715	0.0032208447821741528	0.04613521225799795
183.33318708941658	10.36678075654137	0.21119946323339459	0.006233667091104386	0.0032544578634055403	0.04655571465159941
183.3507827459431	10.409355575469348	0.2105998646319565	0.006240870458564335	0.0032879728027010403	0.0469760091879974
183.36837840246963	10.45193039439733	0.2099575793490825	0.006248026797782126	0.003321386928642851	0.04739609630062687
183.38523251873386	10.4948024183491	0.2092967758515755	0.006255180326395851	0.0033546143305294126	0.04781727487872542
183.40191157995213	10.537744603345045	0.20859379365037398	0.006262297755696089	0.003387716088620274	0.04823856227743361
183.4185906411704	10.58068678834099	0.20783939334880017	0.006269368261918815	0.003420709271817973	0.048659653320935706
183.43526970238867	10.623628973336933	0.2070307170497288	0.006276391431074843	0.0034535912814213756	0.049080548423220904
183.45194876360696	10.666571158332875	0.20616490014454414	0.0062833668495268225	0.0034863595125537122	0.04950124799792661
183.46862782482526	10.70951334332882	0.20523907130679342	0.006290294103988973	0.0035190113538075265	0.04992175245833858
183.48475318061173	10.752664260827952	0.20426984835786602	0.006297206622302492	0.0035514745740314593	0.050342930079628916
183.50057246825037	10.795930558034396	0.2032452589830138	0.006304090034194487	0.003583778230031747	0.0507644008344143
183.51639175588895	10.83919685524084	0.2021515110592559	0.006310925491783579	0.00361595836840217	0.05118568706422146
183.53221104352752	10.882463152447283	0.20098565633914137	0.0063177126006370675	0.0036480124403375216	0.051606789163483206
183.54803033116613	10.925729449653726	0.19974474007691387	0.006324450966640933	0.003679937888617557	0.05202770752631362
183.56384961880474	10.96899574686017	0.19842580102334426	0.006331140195999683	0.003711732147252755	0.0524484425465081
183.579282135987	11.012399406364782	0.19703893642497763	0.006337804217894949	0.0037433400736728508	0.05286953713177956
183.59429658794878	11.055951542565385	0.19558183485708694	0.006344445689084883	0.0037747556463990414	0.053291042166606926
183.60931103991055	11.099503678765991	0.19403721971919932	0.006351038319584681	0.003806033453944361	0.053712373932924266
183.62432549187236	11.143055814966594	0.19240206116723377	0.00635758173372946	0.0038371709831907866	0.05413353280639645
183.63933994383413	11.186607951167199	0.1906733230795352	0.006364075556142852	0.0038681657105055643	0.05455451916239978
183.65435439579593	11.230160087367803	0.188847963052696	0.00637051941173677	0.0038990151013796256	0.05497533337602243
183.66913092767868	11.273791955211088	0.18693058446530075	0.006376928501680308	0.003929682613005641	0.055396274381096414
183.6833914773676	11.317596738716077	0.18492669260481395	0.006383321629033902	0.003960126942649411	0.05581769704167427
183.6976520270565	11.361401522221062	0.18281640395767926	0.006389665158684483	0.003990419834879206	0.05623895711948549
183.71191257674542	11.40520630572605	0.18059661505960564	0.006395958732903391	0.004020558798800011	0.056660054972258816
183.72617312643433	11.449011089231037	0.1782642163931319	0.006402201994223122	0.004050541330985403	0.05708099095746169
183.74043367612327	11.492815872736026	0.17581609238429846	0.006408394585437071	0.004080364915102035	0.0575017654323008
183.75458680796686	11.536654671668023	0.1732523934065416	0.006414543540559556	0.004110011260061181	0.05792249926427512
183.7681400331199	11.580683439800904	0.17058464558403555	0.00642068324767235	0.004139406635146914	0.058343749934932264
183.78169325827298	11.624712207933788	0.16779116399712712	0.006426772716799393	0.004168637364144317	0.058764848156157644
183.79524648342604	11.66874097606667	0.16486877878423556	0.006432811607313529	0.0041977009654865375	0.059185794268578236
183.8087997085791	11.712769744199553	0.1618143142559638	0.006438799578823748	0.004226594943089574	0.059606588612585096
183.8223529337322	11.756798512332438	0.15862458889252368	0.006444736291175126	0.004255316785957946	0.060027231528333225
183.83590615888525	11.80082728046532	0.1552964153412925	0.006450621404448427	0.0042838639677803695	0.060447723355741736
183.84879380477312	11.845055377052727	0.1518454518101724	0.0064565038072578	0.0043121368484311685	0.06086873435642436
183.86167263872312	11.889286112649563	0.14824927329194093	0.00646233610137066	0.004340230966295109	0.061289611441427284
183.87455147267312	11.933516848246398	0.14450439614600497	0.006468117320815922	0.004368145138049103	0.061710346115649656
183.88743030662312	11.977747583843236	0.14060758470934226	0.006473847141678619	0.004395876863706801	0.062130938703006476
183.90030914057314	12.021978319440075	0.13655569650337815	0.006509204272526411	0.004405867180423013	0.06213655892512653
183.91318797452314	12.06620905503691	0.1323478906131633	0.006574101289165076	0.00439563880064934	0.06172196217842638
183.9263979559813	12.110341730745763	0.12797712798804126	0.006638168514575513	0.0043823590984371765	0.06130863140613857
183.93967917858322	12.154453310422157	0.12345201135020221	0.006701538894407589	0.00436603718442538	0.0608953616711377
183.95296040118515	12.198564890098552	0.11877598494842842	0.006764258955098483	0.0043467615187567895	0.06048181674313082
183.96624162378708	12.242676469774947	0.11395063348110236	0.0068263389924053475	0.004324631505487369	0.0600679863263608
183.97952284638902	12.286788049451342	0.10897754836426984	0.006887789320135074	0.0042997406358763575	0.059653860107020736
183.99280406899092	12.330899629127735	0.10385832775667657	0.006948620270330245	0.00427217695056562	0.05923942775306803
184.0063638040809	12.37492589215257	0.098588342948214	0.007010782607802169	0.004247522733856228	0.05884536999796626
184.02006824314788	12.418907828049134	0.09317244354496973	0.007074943216309034	0.004228121335044113	0.05847331186542532
184.03377268221482	12.462889763945697	0.08761551437320353	0.00713884062356481	0.004208106585195618	0.05809992847830401
184.04747712128176	12.50687169984226	0.08191915546304915	0.0072024754293260294	0.004187486411647656	0.057725219236845884
184.0611815603487	12.550853635738822	0.0760849738567622	0.007265848237616477	0.004166268599726867	0.05734918353702722
184.07488599941564	12.594835571635384	0.07011458365008366	0.007328959656727838	0.004144460798618066	0.05697182077055626
184.0891860484168	12.638622881848828	0.06399883585629404	0.007391575383734809	0.004122402532537881	0.05659763980459328
184.10409652490034	12.682210724493101	0.05773962204324724	0.007453678388533405	0.004100099681189365	0.056226671165501084
184.11900700138395	12.725798567137375	0.0513497367599704	0.0075155060794944726	0.004077216145479296	0.0558542650805522
184.1339174778675	12.769386409781646	0.04483075229692003	0.007577059114511911	0.0040537593266590346	0.05548042089185227
184.14882795435108	12.812974252425915	0.038184249242036644	0.007638338156453231	0.004029736512911737	0.05510513793653414
184.16373843083468	12.856562095070188	0.03141181740419517	0.007699343873160373	0.004005154884097953	0.05472841554675583
184.1790909975704	12.899991014933839	0.024509737883540033	0.007759865445842243	0.003980264105393206	0.054353627777885744
184.19534486946628	12.943095933258089	0.017474599106374777	0.007819672742442324	0.003955314936118497	0.0539842017263205
184.2115987413622	12.986200851582339	0.010319122453643248	0.007879192031040113	0.0039298157123285	0.05361321729378825
184.2278526132581	13.029305769906589	0.003045687299463972	0.007938424033769566	0.003903773443327987	0.05324067375815496
184.24410648515405	13.072410688230839	0.00434907042582726	0.007997369478558631	0.0038771950503867485	0.05286657039149277
184.26036035704993	13.115515606555089	0.011856128570653678	0.008056029099130184	0.00385008737064091	0.0524909064600785
184.27686472612507	13.158520948446274	0.019479210363124937	0.008114261632465685	0.003822595095986888	0.052115625819389694
184.294640141779	13.201021030018884	0.027220700651488374	0.008171478912249707	0.0037952801288644905	0.05174857641915875
184.31241555743293	13.243521111591495	0.03507260021537502	0.008228394804256375	0.003767444486484457	0.05137983750844807
184.3301909730869	13.286021193164107	0.04303339924522629	0.008285010101371204	0.0037390949005148815	0.051009408294372414
184.34796638874084	13.328521274736715	0.05110158974792768	0.008341325603231994	0.0037102380371988124	0.050637287977293714
184.3657418043948	13.371021356309328	0.059275658657437225	0.008397342116230137	0.003680880500621246	0.050263475750820644
184.38351722004873	13.41352143788194	0.06755408574222099	0.008453060453511718	0.0036510288358572295	0.04988797080180713
