Q20	Q30	EHFB	M22	M23	M33
170.1417051671743	0.0	0.06755408523917891	0.007037187440547092	0.0	0.022237161009802203
170.21128693952747	0.0	0.06543383291459377	0.007035875128320511	0.0	0.02222204263021417
170.28086871188066	0.0	0.06331671812149534	0.00703456281609393	0.0	0.02220692425062613
170.35045048423382	0.0	0.06120282007249448	0.00703325050386735	0.0	0.022191805871038098
170.420032256587	0.0	0.05909221798238554	0.007031938191640769	0.0	0.022176687491450058
170.4896140289402	0.0	0.056984991068545356	0.007030625879414188	0.0	0.02216156911186202
170.55919580129336	0.0	0.054881218551411155	0.0070293135671876065	0.0	0.022146450732273986
170.62877757364654	0.0	0.05278097965507044	0.007028001254961025	0.0	0.022131332352685947
170.6983593459997	0.0	0.05068435360800231	0.007026688942734446	0.0	0.022116213973097914
170.7679411183529	0.0	0.048591419643991184	0.0070253766305078645	0.0	0.022101095593509874
170.83752289070605	0.0	0.04650225700329595	0.007024064318281283	0.0	0.022085977213921842
170.90710466305927	0.0	0.044416944934124146	0.007022752006054702	0.0	0.0220708588343338
170.97668643541243	0.0	0.0423355626945506	0.007021439693828121	0.0	0.022055740454745766
171.0462682077656	0.0	0.0402581895549923	0.007020127381601541	0.0	0.02204062207515773
171.11584998011875	0.0	0.03818490480149266	0.00701881506937496	0.0	0.022025503695569697
171.1854317524719	0.0	0.03611578774010019	0.00701750275714838	0.0	0.022010385315981665
171.2550135248251	0.0	0.03405091770280898	0.0070161904449217985	0.0	0.021995266936393625
171.32459529717826	0.0	0.031990374055754445	0.007014878132695218	0.0	0.021980148556805593
171.39417706953145	0.0	0.029934236210713314	0.007013565820468637	0.0	0.021965030177217553
171.46375884188464	0.0	0.027882583641604838	0.007012253508242056	0.0	0.021949911797629514
171.5333406142378	0.0	0.025835495908694488	0.007010941196015475	0.0	0.02193479341804148
171.602922386591	0.0	0.023793052695068758	0.007009628883788894	0.0	0.02191967503845344
171.67250415894415	0.0	0.02175533386331693	0.007008316571562314	0.0	0.021904556658865412
171.7420859312973	0.0	0.019722419546774714	0.007007004259335733	0.0	0.021889438279277376
171.8116677036505	0.0	0.017694390302740358	0.007005691947109152	0.0	0.02187431989968934
171.8812494760037	0.0	0.01567132738300883	0.007004379634882571	0.0	0.0218592015201013
171.95083124835685	0.0	0.013653313241857768	0.0070030673226559904	0.0	0.021844083140513264
172.02041302071004	0.0	0.011640432421453772	0.007001607067061813	0.0	0.021829327602368345
172.08999479306323	0.0	0.009632762172269745	0.006999790460940103	0.0	0.021815446038783885
172.1595765654164	0.0	0.007630369787296393	0.006997973854818392	0.0	0.02180156447519943
172.22915833776955	0.0	0.005633349449860122	0.006996157248696682	0.0	0.021787682911614974
172.29874011012274	0.0	0.003641903013217959	0.006994340642574971	0.0	0.021773801348030513
172.36832188247593	0.0	0.0016569836511485336	0.00699252403645326	0.0	0.021759919784446052
172.43790365482909	0.0	0.0003421332546574758	0.0069907074303315496	0.0	0.021746038220861595
172.50748542718225	0.0	0.002305064204987821	0.00698889082420984	0.0	0.02173215665727714
172.57706719953543	0.0	0.0042742653881563935	0.0069870742180881285	0.0	0.02171827509369268
172.64664897188862	0.0	0.00623855377084993	0.006985257611966418	0.0	0.02170439353010822
172.71623074424176	0.0	0.00819742968932784	0.006983441005844708	0.0	0.02169051196652377
172.78581251659494	0.0	0.010150745653735737	0.006981624399722997	0.0	0.02167663040293931
172.8553942889481	0.0	0.01209842080642504	0.006979807793601287	0.0	0.021662748839354852
172.92497606130127	0.0	0.01404039443205958	0.006977991187479578	0.0	0.021648867275770395
172.99455783365448	0.0	0.015976613624721737	0.006976174581357866	0.0	0.02163498571218593
173.06413960600764	0.0	0.01790702902789672	0.006974357975236155	0.0	0.021621104148601474
173.13372137836083	0.0	0.019831593088736055	0.006972541369114444	0.0	0.021607222585017016
173.20330315071402	0.0	0.0217502592503772	0.006970724762992734	0.0	0.021593341021432552
173.27288492306715	0.0	0.02366298154260466	0.006968908156871024	0.0	0.021579459457848102
173.34246669542034	0.0	0.025569714359061642	0.006967091550749314	0.0	0.02156557789426364
173.4120484677735	0.0	0.027470412328811915	0.006965274944627604	0.0	0.021551696330679188
173.4816302401267	0.0	0.02936503023873098	0.006963458338505892	0.0	0.021537814767094723
173.55121201247988	0.0	0.03125352298469019	0.006961641732384182	0.0	0.021523933203510266
173.62079378483307	0.0	0.03313584553981087	0.00695982512626247	0.0	0.021510051639925802
173.69037555718623	0.0	0.03501195293320023	0.00695800852014076	0.0	0.02149617007634135
173.75995732953942	0.0	0.036881800235348434	0.00695619191401905	0.0	0.021482288512756888
173.82953910189258	0.0	0.038745342547862986	0.00695437530789734	0.0	0.02146840694917243
173.89912087424574	0.0	0.04060253499612243	0.00695255870177563	0.0	0.021454525385587977
173.96870264659893	0.0	0.042453332723912406	0.006950742095653918	0.0	0.021440643822003516
174.0382844189521	0.0	0.044297690889450465	0.006948925489532208	0.0	0.02142676225841906
174.10786619130528	0.0	0.04613556466240477	0.006947108883410498	0.0	0.0214128806948346
174.17744796365844	0.0	0.04796690922161371	0.006945292277288787	0.0	0.021398999131250145
174.24702973601163	0.0	0.04979167975333885	0.006943475671167076	0.0	0.02138511756766568
174.3166115083648	0.0	0.05160983144989336	0.006941659065045366	0.0	0.021371236004081227
174.38619328071798	0.0	0.05342131950857304	0.006939842458923656	0.0	0.021357354440496766
174.45577505307114	0.0	0.055226099130796784	0.006938025852801945	0.0	0.02134347287691231
174.5253568254243	0.0	0.05702412552142776	0.006936209246680236	0.0	0.02132959131332785
174.59493859777746	0.0	0.05881535388821826	0.006934392640558525	0.0	0.021315709749743398
174.66452037013067	0.0	0.0605997394413628	0.006932576034436813	0.0	0.02130182818615893
174.73410214248383	0.0	0.06237723739312416	0.006930759428315104	0.0	0.021287946622574477
174.803683914837	0.0	0.06414780295753887	0.006928942822193393	0.0	0.021274065058990023
174.87326568719018	0.0	0.06591139135016055	0.006927126216071682	0.0	0.02126018349540556
174.94284745954337	0.0	0.06766795778784936	0.006925309609949972	0.0	0.021246301931821098
175.01242923189656	0.0	0.06941745748859811	0.00692349300382826	0.0	0.021232420368236637
175.08201100424975	0.0	0.07115984567138336	0.006921676397706549	0.0	0.02121853880465218
175.1515927766029	0.0	0.07289507755603912	0.00691985979158484	0.0	0.02120465724106772
175.22117454895607	0.0	0.074623108363152	0.00691804318546313	0.0	0.021190775677483266
175.29075632130926	0.0	0.07634389331396876	0.006916226579341419	0.0	0.021176894113898805
175.36033809366242	0.0	0.0780573876303158	0.006914409973219708	0.0	0.021163012550314348
175.4299198660156	0.0	0.07976354653453664	0.006912593367097998	0.0	0.021149130986729887
175.49950163836877	0.0	0.08146232524942827	0.006910776760976287	0.0	0.021135249423145434
175.56908341072193	0.0	0.0831536789981954	0.006908960154854577	0.0	0.02112136785956098
175.63866518307512	0.0	0.08483756300440437	0.006907143548732866	0.0	0.021107486295976516
175.70824695542828	0.0	0.08651393249194297	0.0069053269426111565	0.0	0.02109360473239206
175.77782872778147	0.0	0.0881827426849915	0.006903510336489445	0.0	0.0210797231688076
175.84741050013466	0.0	0.08984394880798846	0.006901693730367734	0.0	0.02106584160522314
175.91699227248782	0.0	0.09149750608560688	0.0068998771242460245	0.0	0.021051960041638684
175.98657404484098	0.0	0.09314336974273259	0.0068980605181243135	0.0	0.021038078478054226
176.05615581719417	0.0	0.09478149591358759	0.0068957364038047106	0.0	0.021025774892932923
176.12573758954736	0.0	0.0964118473017211	0.006893290952415358	0.0	0.021013848577151585
176.19531936190052	0.0	0.098034389497469	0.006890845501026006	0.0	0.021001922261370255
176.2649011342537	0.0	0.09964908810373739	0.006888400049636653	0.0	0.020989995945588917
176.33448290660687	0.0	0.10125590872356062	0.006885954598247301	0.0	0.020978069629807587
176.40406467896005	0.0	0.102854816960095	0.006883509146857948	0.0	0.02096614331402625
176.47364645131324	0.0	0.104445778416604	0.006881063695468595	0.0	0.020954216998244915
176.5432282236664	0.0	0.10602875869645084	0.006878618244079243	0.0	0.02094229068246358
176.61280999601956	0.0	0.10760372340309171	0.006876172792689892	0.0	0.020930364366682247
176.68239176837272	0.0	0.10917063814006614	0.00687372734130054	0.0	0.02091843805090092
176.7519735407259	0.0	0.11072946851099151	0.006871281889911187	0.0	0.020906511735119582
176.8215553130791	0.0	0.1122801801195551	0.006868836438521834	0.0	0.020894585419338245
176.89113708543223	0.0	0.11382273856950924	0.006866390987132483	0.0	0.020882659103556918
176.96071885778542	0.0	0.11535710946467048	0.00686394553574313	0.0	0.020870732787775584
177.0303006301386	0.0	0.11688325840890759	0.006861500084353777	0.0	0.020858806471994243
177.09988240249177	0.0	0.11840115100614176	0.0068590546329644255	0.0	0.020846880156212912
177.16946417484496	0.0	0.1199107528603441	0.006856609181575072	0.0	0.020834953840431575
177.23904594719815	0.0	0.12141202957552825	0.00685416373018572	0.0	0.02082302752465024
177.30862771955134	0.0	0.12290494675574999	0.006851718278796368	0.0	0.020811101208868903
177.3782094919045	0.0	0.12438947000510271	0.006849272827407014	0.0	0.02079917489308757
177.44779126425766	0.0	0.125865564927717	0.006846827376017663	0.0	0.02078724857730624
177.51737303661082	0.0	0.12733319712775598	0.0068443819246283115	0.0	0.020775322261524908
177.586954808964	0.0	0.12879233220941458	0.006841936473238958	0.0	0.02076339594574357
177.6565365813172	0.0	0.13024293577691531	0.006839491021849605	0.0	0.020751469629962233
177.72611835367036	0.0	0.1316849734345081	0.006837045570460254	0.0	0.020739543314180903
177.79570012602352	0.0	0.13311841078646905	0.006834600119070902	0.0	0.020727616998399572
177.8652818983767	0.0	0.13454321343709835	0.006832154667681549	0.0	0.020715690682618235
177.9348636707299	0.0	0.13595934699071696	0.006829709216292196	0.0	0.0207037643668369
178.00444544308306	0.0	0.13736677705166675	0.006827263764902844	0.0	0.020691838051055567
178.07402721543622	0.0	0.1387654692243103	0.006824818313513493	0.0	0.020679911735274233
178.1436089877894	0.0	0.14015538911302855	0.00682237286212414	0.0	0.0206679854194929
178.2131907601426	0.0	0.14153650232221862	0.006819927410734786	0.0	0.02065605910371156
178.28277253249573	0.0	0.14290877445629308	0.006817481959345436	0.0	0.020644132787930234
178.35235430484892	0.0	0.14427217111968338	0.006815036507956083	0.0	0.020632206472148897
178.42193607720208	0.0	0.1456266579168314	0.00681259105656673	0.0	0.020620280156367566
178.49151784955527	0.0	0.1469722004521952	0.006810145605177378	0.0	0.02060835384058623
178.56109962190845	0.0	0.14830876433024417	0.006807700153788025	0.0	0.020596427524804894
178.63068139426161	0.0	0.14963631515545972	0.006805254702398673	0.0	0.02058450120902356
178.7002631666148	0.0	0.15095481853233625	0.00680280925100932	0.0	0.020572574893242223
178.769844938968	0.0	0.15226424006537737	0.006800363799619968	0.0	0.020560648577460885
178.83942671132115	0.0	0.15356454535909686	0.006797918348230615	0.0	0.020548722261679555
178.9090084836743	0.0	0.15485570001801927	0.006795472896841263	0.0	0.020536795945898224
178.97859025602747	0.0	0.15613766964667766	0.0067930274454519116	0.0	0.020524869630116894
179.0481720283807	0.0	0.15741041984961496	0.006790581994062558	0.0	0.02051294331433555
179.11775380073388	0.0	0.15867391623137952	0.006788136542673205	0.0	0.020501016998554215
179.187335573087	0.0	0.15992812439652868	0.006785691091283854	0.0	0.02048909068277289
179.25691734544017	0.0	0.16117300994962921	0.006783245639894502	0.0	0.020477164366991554
179.3264991177934	0.0	0.1624085384952537	0.006780800188505149	0.0	0.020465238051210217
179.39608089014655	0.0	0.16363467563797898	0.006778354737115797	0.0	0.020453311735428883
179.4656626624997	0.0	0.16485138698239143	0.006775909285726444	0.0	0.02044138541964755
179.5352444348529	0.0	0.16605863813308266	0.006773463834337092	0.0	0.02042945910386621
179.6048262072061	0.0	0.16725639469464929	0.006771018382947739	0.0	0.02041753278808488
179.67440797955925	0.0	0.16844462227169324	0.006768572931558387	0.0	0.020405606472303547
179.7439897519124	0.0	0.16962328646882266	0.006766127480169035	0.0	0.020393680156522213
179.81357152426557	0.0	0.17079235289065026	0.0067636820287796835	0.0	0.020381753840740886
179.88315329661876	0.0	0.17195178714179385	0.00676123657739033	0.0	0.020369827524959548
179.95273506897195	0.0	0.17310155482687486	0.006758791126000978	0.0	0.02035790120917821
180.0223168413251	0.0	0.17424162162324505	0.006755981854305925	6.075147930834011e-10	0.02034585772997992
180.09189861367827	0.0	0.17537195799566543	0.006752402046072789	1.2309997660703027e-09	0.020333566109893734
180.16148038603149	0.0	0.1764925420839224	0.00674882223783965	1.6305537273264302e-09	0.020321274489807528
180.23106215838465	0.0	0.1776033527186943	0.006745242429606514	1.94913112844867e-09	0.020308982869721343
180.3006439307378	0.0	0.1787043687306658	0.0067416626213733745	2.212642117538328e-09	0.020296691249635155
180.370225703091	0.0	0.1797955689505248	0.006738082813140238	2.4556824074507866e-09	0.020284399629548963
180.43980747544416	0.0	0.18087693220896092	0.0067345030049071	2.6761982655615394e-09	0.020272108009462775
180.50938924779734	0.0	0.18194843733666913	0.0067309231966739625	2.879369928034928e-09	0.02025981638937658
180.5789710201505	0.0	0.18301006316434557	0.006727343388440826	3.068644814094425e-09	0.020247524769290388
180.6485527925037	0.0	0.18406178852269112	0.006723763580207688	3.2464549012050508e-09	0.020235233149204196
180.71813456485688	0.0	0.18510359224240802	0.0067201837719745505	3.4145921140180736e-09	0.020222941529118004
180.78771633721007	0.0	0.18613545315420196	0.006716603963741413	3.5744221162182925e-09	0.02021064990903181
180.85729810956323	0.0	0.18715735008878073	0.006713024155508273	3.721593070713137e-09	0.020198358288945627
180.9268798819164	0.0	0.1881692618768553	0.006709444347275135	3.868014781936166e-09	0.02018606666885944
180.99646165426955	0.0	0.18917116734913877	0.006705864539041997	4.008729781692608e-09	0.02017377504877325
181.06604342662274	0.0	0.19016304533634684	0.006702284730808859	4.144319744326112e-09	0.02016148342868706
181.1356251989759	0.0	0.19114487466919636	0.006698704922575721	4.275272649340173e-09	0.02014919180860087
181.20520697132906	0.0	0.19211663417840744	0.006695125114342581	4.397443374402299e-09	0.02013690018851469
181.27478874368225	0.0	0.19307830269470225	0.006691545306109441	4.520435332947909e-09	0.02012460856842849
181.3443705160354	0.0	0.19402985904880354	0.006687965497876304	4.63985666048769e-09	0.020112316948342302
181.4139522883886	0.0	0.19497128207143768	0.006684385689643164	4.755976635116332e-09	0.020100025328256114
181.48353406074176	0.0	0.19590255059333156	0.006680805881410027	4.869031752026149e-09	0.020087733708169925
181.55311583309492	0.0	0.19682364344521447	0.0066772260731768895	4.979231065781596e-09	0.02007544208808374
181.6226976054481	0.0	0.19773453945781774	0.00667364626494375	5.086760461980008e-09	0.02006315046799755
181.6922793778013	0.0	0.19863521746187332	0.006670066456710609	5.191786109497185e-09	0.020050858847911354
181.76186115015446	0.0	0.19952565628811503	0.0066664866484774715	5.294457277685086e-09	0.02003856722782517
181.83144292250762	0.0	0.20040583476727863	0.006662906840244333	5.394908655772637e-09	0.02002627560773898
181.90102469486084	0.0	0.20127573173010185	0.006659327032011192	5.4932622779761045e-09	0.02001398398765279
181.970606467214	0.0	0.2021353260073216	0.00665574722377805	5.586090273102643e-09	0.020001692367566604
182.04018823956716	0.0	0.20298459642967834	0.0066521674155449115	5.680635063328735e-09	0.01998940074748042
182.10977001192035	0.0	0.2038235218279134	0.00664858760731177	5.773384005729267e-09	0.019977109127394227
182.17935178427354	0.0	0.20465208103276877	0.006645007799078631	5.864422549160099e-09	0.019964817507308035
182.2489335566267	0.0	0.20547025287498757	0.006641427990845491	5.953829391774182e-09	0.019952525887221847
182.31851532897986	0.0	0.20627801618531474	0.0066378481826123515	6.041677207742405e-09	0.019940234267135665
182.38809710133305	0.0	0.2070753497944965	0.006634268374379208	6.124830750152269e-09	0.019927942647049477
182.4576788736862	0.0	0.20786223253327904	0.006630688566146069	6.2098054407219674e-09	0.019915651026963292
182.5272606460394	0.0	0.20863864323241102	0.006627108757912927	6.2934069016700854e-09	0.019903359406877097
182.59684241839255	0.0	0.20940456072264058	0.006623528949679789	6.3756893748276314e-09	0.019891067786790912
182.66642419074574	0.0	0.21015996383471858	0.006619949141446647	6.456703506101039e-09	0.019878776166704724
182.73600596309893	0.0	0.21090483139939545	0.006616369333213506	6.536496672177275e-09	0.019866484546618532
182.8055877354521	0.0	0.2116391422474228	0.006612789524980366	6.615113269969376e-09	0.01985419292653235
182.87516950780528	0.0	0.21236287520955408	0.0066092097167472245	6.692594973871638e-09	0.01984190130644616
182.94475128015847	0.0	0.21307600911654245	0.006605629908514079	6.766112144894936e-09	0.01982960968635997
183.01433305251163	0.0	0.21377852279914222	0.006602050100280939	6.841474641201445e-09	0.019817318066273786
183.08391482486482	0.0	0.2144703950881093	0.006598470292047798	6.915811920198004e-09	0.0198050264461876
183.15349659721795	0.0	0.21515160481419887	0.006594890483814659	6.989156897403244e-09	0.01979273482610142
183.22307836957114	0.0	0.21582213080816892	0.0065913106755815165	7.061540693097748e-09	0.01978044320601523
183.2926601419243	0.0	0.21648195190077626	0.006587730867348376	7.132992767274807e-09	0.019768151585929046
183.3622419142775	0.0	0.21713104692277985	0.0065841510591152334	7.203541041796772e-09	0.019755859965842858
183.43182368663068	0.0	0.21776939470493836	0.006580571250882088	7.270566725794306e-09	0.019743568345756673
183.50140545898387	0.0	0.21839697407801154	0.006576991442648945	7.3394138300897444e-09	0.01973127672567048
183.57098723133703	0.0	0.2190137638727597	0.006573411634415805	7.407431913244327e-09	0.019718985105584296
183.6405690036902	0.0	0.21961974291994402	0.006569831826182663	7.474643796564123e-09	0.01970669348549811
183.71015077604338	0.0	0.22021489005032654	0.00656625201794952	7.54107122423453e-09	0.019694401865411923
183.77973254839657	0.0	0.22079918409466928	0.0065626722097163765	7.606734933656798e-09	0.019682110245325738
183.8493143207497	0.0	0.22137260388373473	0.006559092401483238	7.671654719973904e-09	0.019669818625239557
183.9188960931029	0.0	0.22193512824828726	0.006555512593250094	7.735849495362553e-09	0.019657527005153372
183.98847786545605	0.0	0.22248673601909036	0.00655193278501695	7.796896618352116e-09	0.01964523538506719
184.0580596378092	0.0	0.22302740872520568	0.006547238957483345	7.74817778946527e-09	0.01963268104511992
184.1276414101624	0.0	0.22355714577342167	0.0065423240489931745	7.674658501211154e-09	0.01962007456751383
184.1972231825156	0.0	0.22407595384132825	0.006537409140503004	7.600595334895056e-09	0.019607468089907744
184.26680495486875	0.0	0.22458383962760553	0.006532494232012835	7.525972086988305e-09	0.019594861612301666
184.33638672722196	0.0	0.22508080983093487	0.006527579323522663	7.450771780911347e-09	0.019582255134695574
184.40596849957512	0.0	0.22556687114999666	0.0065226644150324945	7.374976614826543e-09	0.019569648657089496
184.47555027192828	0.0	0.22604203028347325	0.0065177495065423295	7.301153757127109e-09	0.019557042179483407
184.54513204428147	0.0	0.22650629393004706	0.006512834598052159	7.22413637043705e-09	0.019544435701877326
184.61471381663463	0.0	0.22695966878840057	0.006507919689561992	7.146465943294571e-09	0.01953182922427124
184.68429558898782	0.0	0.22740216155721743	0.0065030047810718215	7.06812079115243e-09	0.019519222746665153
184.75387736134098	0.0	0.2278337789351811	0.006498089872581654	6.989078065864211e-09	0.019506616269059075
184.82345913369417	0.0	0.22825452762097614	0.006493174964091485	6.909313667004449e-09	0.019494009791452986
184.89304090604733	0.0	0.22866441431328682	0.006488260055601317	6.828802144327269e-09	0.019481403313846908
184.96262267840052	0.0	0.22906344571079876	0.006483345147111147	6.74751659025773e-09	0.01946879683624082
185.0322044507537	0.0	0.22945162851219708	0.006478430238620983	6.671036791821231e-09	0.01945619035863472
185.1017862231069	0.0	0.229828969416168	0.006473515330130814	6.588179877610148e-09	0.019443583881028636
185.17136799546006	0.0	0.23019547512139762	0.006468600421640647	6.504460606820284e-09	0.019430977403422554
185.24094976781322	0.0	0.23055115232657292	0.006463685513150479	6.419845070462211e-09	0.019418370925816473
185.31053154016638	0.0	0.23089600773038096	0.006458770604660313	6.334297176644535e-09	0.01940576444821039
185.38011331251957	0.0	0.23123004803150946	0.006453855696170144	6.2477784498748315e-09	0.019393157970604306
185.44969508487273	0.0	0.23155327992864608	0.006448940787679978	6.160247806044397e-09	0.01938055149299822
185.5192768572259	0.0	0.23186571012047918	0.006444025879189813	6.074714687221161e-09	0.019367945015392136
185.58885862957908	0.0	0.23216734530569766	0.006439110970699644	5.9850672949398254e-09	0.019355338537786048
185.65844040193227	0.0	0.23245819218299027	0.006434196062209476	5.894268280361796e-09	0.019342732060179963
185.72802217428546	0.0	0.23273825745104623	0.0064292811537193075	5.802263388714757e-09	0.019330125582573875
185.79760394663862	0.0	0.23300754780855537	0.006424366245229141	5.708994126069511e-09	0.01931751910496779
185.86718571899178	0.0	0.23326606995420765	0.006419451336738974	5.614397283095073e-09	0.019304912627361708
185.936767491345	0.0	0.23351383058669367	0.006414536428248804	5.518404387857382e-09	0.019292306149755616
186.00634926369816	0.0	0.23375083640470362	0.0064096215197586405	5.424332342123301e-09	0.019279699672149524
186.07593103605132	0.0	0.23397709410692866	0.006404706611268475	5.325376545752409e-09	0.019267093194543443
186.1455128084045	0.0	0.23419261039206024	0.006399791702778307	5.224784203245721e-09	0.019254486716937358
186.21509458075764	0.0	0.23439739195878967	0.006394876794288144	5.122458687020318e-09	0.019241880239331276
186.28467635311083	0.0	0.23459144550580918	0.006389961885797976	5.018293757483518e-09	0.019229273761725188
186.354258125464	0.0	0.2347747777318108	0.006385046977307808	4.912172174517801e-09	0.0192166672841191
186.42383989781715	0.0	0.23494739533548678	0.0063801320688176445	4.803964040297676e-09	0.019204060806513018
186.49342167017036	0.0	0.23510930501553046	0.006375217160327474	4.693524807073381e-09	0.019191454328906923
186.56300344252352	0.0	0.23526051347063437	0.00637030225183731	4.580692863273378e-09	0.01917884785130084
186.6325852148767	0.0	0.23540102739949204	0.0063653873433471425	4.465286583488345e-09	0.019166241373694753
186.70216698722987	0.0	0.2355308535007972	0.00636047243485698	4.351278586161284e-09	0.019153634896088664
186.77174875958306	0.0	0.23564999847324355	0.006355557526366813	4.230194148945117e-09	0.01914102841848258
186.84133053193625	0.0	0.23575846901552544	0.006350642617876647	4.105839538849783e-09	0.019128421940876487
186.9109123042894	0.0	0.23585627182633723	0.006345727709386482	3.977907800658579e-09	0.0191158154632704
186.98049407664257	0.0	0.23594341360437363	0.006340812800896318	3.850740595686882e-09	0.019103208985664314
187.05007584899576	0.0	0.2360199010483297	0.0063358978924061525	3.71468677386699e-09	0.019090602508058226
187.11965762134895	0.0	0.23608574085690062	0.006330982983915987	3.5737994203622014e-09	0.019077996030452134
187.1892393937021	0.0	0.23614093972878195	0.006326068075425824	3.4327350645876857e-09	0.019065389552846045
187.2588211660553	0.0	0.2361855043626695	0.006321153166935658	3.280497511607534e-09	0.019052783075239957
187.32840293840846	0.0	0.2362194414572592	0.006316238258445494	3.121233891534906e-09	0.019040176597633875
187.39798471076165	0.0	0.2362427577112473	0.006311323349955328	2.9538075534426883e-09	0.01902757012002778
187.4675664831148	0.0	0.23625545982333057	0.006306408441465164	2.7767419556211235e-09	0.0190149636424217
187.53714825546797	0.0	0.23625755449220567	0.006301493532974999	2.588058978226204e-09	0.01900235716481561
187.60673002782113	0.0	0.2362490484165697	0.0062965786244848386	2.3924907714503886e-09	0.018989750687209525
187.67631180017432	0.0	0.23622994829511998	0.006291663715994673	2.171770852714028e-09	0.018977144209603433
187.7458935725275	0.0	0.23620026082655404	0.006286748807504508	1.926550063943913e-09	0.018964537731997345
187.81547534488067	0.0	0.23615999270956978	0.006281833899014344	1.6459129445824419e-09	0.01895193125439126
187.88505711723386	0.0	0.2361091506428653	0.0062769189905241786	1.3072449068938802e-09	0.018939324776785168
187.95463888958702	0.0	0.2360477413251388	0.006272004082034015	8.433103926589962e-10	0.01892671829917908
188.0242206619402	0.0	0.2359757713733408	0.006266880815299509	2.665281591170388e-10	0.018914476948051737
188.09380243429337	0.0	0.2358932429828404	0.006261367329612676	2.664007903566884e-10	0.01890291941566388
188.16338420664655	0.0	0.23580015175989838	0.00625585384392584	2.6627342159633795e-10	0.018891361883276017
188.23296597899974	0.0	0.2356964927737785	0.006250340358239005	2.661460528359873e-10	0.01887980435088815
188.3025477513529	0.0	0.2355822610937448	0.006244826872552171	2.6601868407563695e-10	0.01886824681850029
188.37212952370606	0.0	0.23545745178906172	0.006239313386865338	2.6589131531528647e-10	0.018856689286112432
188.44171129605925	0.0	0.23532205992899358	0.006233799901178502	2.657639465549359e-10	0.018845131753724563
188.51129306841244	0.0	0.2351760805828053	0.006228286415491667	2.656365777945854e-10	0.0188335742213367
188.58087484076563	0.0	0.2350195088197622	0.006222772929804831	2.655092090342349e-10	0.018822016688948836
188.65045661311876	0.0	0.2348523397091295	0.0062172594441179995	2.653818402738844e-10	0.018810459156560978
188.72003838547198	0.0	0.23467456832017275	0.006211745958431162	2.652544715135339e-10	0.01879890162417311
188.78962015782514	0.0	0.23448618972215823	0.006206232472744329	2.651271027531834e-10	0.01878734409178525
188.85920193017833	0.0	0.23428719898435185	0.006200718987057493	2.6499973399283287e-10	0.018775786559397385
188.92878370253146	0.0	0.23407759117602048	0.006195205501370662	2.6487236523248245e-10	0.01876422902700953
188.99836547488465	0.0	0.23385736136643054	0.006189692015683827	2.647449964721319e-10	0.018752671494621665
189.0679472472378	0.0	0.23362650462484943	0.006184178529996989	1.87112918976498e-10	0.018741113962233807
189.137529019591	0.0	0.23338501602054446	0.006178665044310154	1.8702285566234277e-10	0.01872955642984594
189.20711079194416	0.0	0.23313289062278347	0.00617315155862332	1.8693279234818762e-10	0.01871799889745808
189.27669256429735	0.0	0.23287012350083422	0.0061676380729364854	1.8684272903403248e-10	0.018706441365070218
189.3462743366505	0.0	0.23259670972396543	0.006162124587249651	1.867526657198773e-10	0.018694883832682356
189.4158561090037	0.0	0.2323126443614454	0.006156611101562816	1.8666260240572213e-10	0.01868332630029449
189.48543788135686	0.0	0.2320179224825434	0.0061510976158759825	1.8657253909156696e-10	0.01867176876790663
189.55501965371002	0.0	0.23171253915652876	0.006145584130189149	1.8648247577741184e-10	0.01866021123551877
189.62460142606324	0.0	0.23139648945267077	0.006140070644502311	1.863924124632566e-10	0.0186486537031309
189.6941831984164	0.0	0.23106976844024	0.006134557158815478	1.8630234914910147e-10	0.01863709617074304
189.76376497076959	0.0	0.23073237118850648	0.006129043673128642	1.8621228583494628e-10	0.018625538638355175
189.83334674312272	0.0	0.2303842927667412	0.0061235301874418115	1.8612222252079124e-10	0.018613981105967323
189.9029285154759	0.0	0.2300255282442149	0.006118016701754976	1.86032159206636e-10	0.018602423573579455
189.9725102878291	0.0	0.22965607269019905	0.00611250321606814	1.8594209589248087e-10	0.018590866041191593
190.04209206018228	0.0	0.2292759211739658	0.006106989730381304	1.858520325783257e-10	0.018579308508803728
190.11167383253547	0.0	0.22888506876478715	0.0061014762446944685	1.857619692641705e-10	0.018567750976415862
190.1812556048886	0.0	0.22848351053193625	0.006095962759007637	1.8567190595001535e-10	0.018556193444028004
190.2508373772418	0.0	0.2280712415446854	0.006090449273320802	1.8558184263586016e-10	0.01854463591164014
190.32041914959498	0.0	0.2276482568723083	0.006084935787633967	1.85491779321705e-10	0.018533078379252277
190.39000092194817	0.0	0.22721455158407902	0.006079422301947131	1.8540171600754984e-10	0.01852152084686441
190.45958269430133	0.0	0.226770120749272	0.0060739088162602975	1.8531165269339467e-10	0.01850996331447655
190.5291644666545	0.0	0.2263149594371618	0.006068395330573462	0.0	0.018498405782088695
190.59874623900768	0.0	0.2258490627170235	0.006062881844886626	0.0	0.01848684824970083
190.66832801136084	0.0	0.2253724256581332	0.006057368359199793	0.0	0.01847529071731297
190.73790978371403	0.0	0.22488504332976678	0.006051854873512957	0.0	0.018463733184925106
190.8074915560672	0.0	0.22438691080120113	0.006046341387826123	0.0	0.018452175652537244
190.87707332842035	0.0	0.22387802314171346	0.006040827902139291	0.0	0.018440618120149386
190.9466551007735	0.0	0.22335837542058143	0.0060353144164524575	0.0	0.018429060587761524
191.0162368731267	0.0	0.22282796270708294	0.006029800930765621	0.0	0.01841750305537366
191.08581864547992	0.0	0.22228678007049696	0.006024287445078783	0.0	0.01840594552298579
191.15540041783305	0.0	0.22173482258010377	0.006018773959391952	0.0	0.018394387990597935
191.22498219018627	0.0	0.22117208530518184	0.0060132604737051145	0.0	0.018382830458210063
191.29456396253943	0.0	0.220598563315013	0.006007746988018281	0.0	0.018371272925822205
191.3641457348926	0.0	0.22001425167887795	0.006002233502331447	0.0	0.018359715393434346
191.43372750724578	0.0	0.21941914546605829	0.005996720016644612	0.0	0.01834815786104648
191.50330927959894	0.0	0.2188132397458369	0.005991206530957778	0.0	0.01833660032865862
191.5728910519521	0.0	0.21819652958749677	0.005985693045270945	0.0	0.01832504279627076
191.64247282430532	0.0	0.21756901006032117	0.005980179559584108	0.0	0.01831348526388289
191.71205459665848	0.0	0.21693067623359583	0.005974666073897275	0.0	0.018301927731495027
191.78163636901166	0.0	0.21628152317660515	0.005969152588210438	0.0	0.018290370199107165
191.85121814136485	0.0	0.21562154595863542	0.005963639102523602	0.0	0.0182788126667193
191.920799913718	0.0	0.21495073964897393	0.005958125616836769	0.0	0.01826725513433144
191.9903816860712	0.0	0.21426909931690757	0.005952612131149933	0.0	0.018255697601943573
192.05996345842433	0.0	0.21357662432866492	0.005946806623420576	0.0	0.01824574709024149
192.12954523077752	0.0	0.21287334019019902	0.00594095427450238	0.0	0.018236054349352694
192.19912700313068	0.0	0.21215928223746489	0.0059351019255841865	0.0	0.0182263616084639
192.26870877548384	0.0	0.2114344858241505	0.005929249576665993	0.0	0.018216668867575104
192.338290547837	0.0	0.2106989863039451	0.005923397227747799	0.0	0.018206976126686307
192.4078723201902	0.0	0.2099528190305385	0.005917544878829603	0.0	0.018197283385797507
192.47745409254338	0.0	0.20919601935762183	0.005911692529911407	0.0	0.01818759064490871
192.54703586489654	0.0	0.20842862263888734	0.005905840180993213	0.0	0.018177897904019913
192.61661763724973	0.0	0.20765066422802717	0.005899987832075017	0.0	0.018168205163131116
192.68619940960292	0.0	0.20686217947873525	0.005894135483156821	0.0	0.018158512422242316
192.75578118195608	0.0	0.2060632037447067	0.005888283134238628	0.0	0.018148819681353522
192.82536295430927	0.0	0.20525377237963663	0.005882430785320431	0.0	0.018139126940464722
192.89494472666243	0.0	0.20443392073722244	0.005876578436402238	0.0	0.018129434199575925
192.96452649901562	0.0	0.20360368417116134	0.005870726087484042	0.0	0.018119741458687128
193.03410827136878	0.0	0.20276309803515305	0.005864873738565849	0.0	0.01811004871779833
193.10369004372197	0.0	0.20191219768289703	0.005859021389647653	0.0	0.018100355976909534
193.17327181607513	0.0	0.20105101846809534	0.00585316904072946	0.0	0.018090663236020738
193.24285358842832	0.0	0.20017959574444996	0.005847316691811264	0.0	0.01808097049513194
193.31243536078148	0.0	0.19929796486566553	0.00584146434289307	0.0	0.018071277754243144
193.38201713313467	0.0	0.19840616118544654	0.005835611993974874	0.0	0.018061585013354343
193.45159890548783	0.0	0.1975042200575002	0.00582975964505668	0.0	0.01805189227246555
193.52118067784102	0.0	0.19659217683553407	0.0058239072961384876	1.8206674211380278e-10	0.018042199531576746
193.5907624501942	0.0	0.19567006687325791	0.005818054947220291	1.820095158140013e-10	0.01803250679068795
193.66034422254737	0.0	0.19473792552438335	0.005812202598302098	1.819522895141998e-10	0.018022814049799152
193.72992599490053	0.0	0.19379578814262258	0.005806350249383904	1.8189506321439833e-10	0.01801312130891036
193.79950776725371	0.0	0.1928436900816895	0.005800497900465708	1.818378369145968e-10	0.01800342856802156
193.86908953960688	0.0	0.19188166669530105	0.0057946455515475144	1.8178061061479534e-10	0.017993735827132765
193.93867131196004	0.0	0.19090975333717466	0.005788793202629321	1.8172338431499382e-10	0.01798404308624397
194.00825308431325	0.0	0.18992798536102926	0.005782940853711123	1.8166615801519225e-10	0.017974350345355165
194.07783485666639	0.0	0.18893639812058835	0.005777088504792931	1.8160893171539081e-10	0.017964657604466375
194.14741662901955	0.0	0.1879350269695741	0.0057712361558747375	1.815517054155893e-10	0.017954964863577578
194.21699840137273	0.0	0.18692390726171215	0.005765383806956542	1.8149447911578775e-10	0.017945272122688777
194.28658017372592	0.0	0.1859030743507307	0.005759531458038346	1.8143725281598634e-10	0.017935579381799984
194.35616194607908	0.0	0.18487256359036044	0.005753679109120152	1.8138002651618482e-10	0.017925886640911187
194.42574371843227	0.0	0.1838324103343329	0.005747826760201956	1.8132280021638328e-10	0.017916193900022387
194.49532549078546	0.0	0.18278264993638343	0.005741974411283761	1.8126557391658178e-10	0.01790650115913359
194.5649072631386	0.0	0.18172331775025033	0.005736122062365569	1.812083476167803e-10	0.017896808418244797
194.6344890354918	0.0	0.18065444912967166	0.00573026971344737	1.8115112131697875e-10	0.017887115677355993
194.70407080784497	0.0	0.1795760794283922	0.005724417364529177	1.8109389501717728e-10	0.0178774229364672
194.77365258019813	0.0	0.17848824400015711	0.005718565015610983	1.8103666871737576e-10	0.017867730195578403
194.84323435255135	0.0	0.17739097819871416	0.005712712666692785	1.8097944241757425e-10	0.017858037454689602
194.91281612490448	0.0	0.17628431737781747	0.005706860317774594	1.8092221611777275e-10	0.01784834471380081
194.98239789725767	0.0	0.17516829689121985	0.005701007968856398	1.808649898179712e-10	0.01783865197291201
195.05197966961083	0.0	0.1740429520926815	0.005695155619938206	2.55700791349743e-10	0.017828959232023215
195.12156144196402	0.0	0.17290831833596348	0.00568930327102001	2.556198611404392e-10	0.017819266491134415
195.1911432143172	0.0	0.17176443097483218	0.005683450922101814	2.5553893093113557e-10	0.017809573750245618
195.26072498667043	0.0	0.17061132536305712	0.005677598573183616	2.5545800072183177e-10	0.017799881009356814
195.33030675902356	0.0	0.16944903685441398	0.005671746224265424	2.5537707051252806e-10	0.01779018826846802
195.39988853137675	0.0	0.16827760080267867	0.005665893875347229	2.5529614030322436e-10	0.017780495527579224
195.46947030372988	0.0	0.16709705256163576	0.005660041526429037	2.5521521009392066e-10	0.01777080278669043
195.53905207608307	0.0	0.1659074274850707	0.0056541891775108415	2.5513427988461696e-10	0.017761110045801633
195.60863384843626	0.0	0.16470876092677697	0.005648336828592645	2.5505334967531325e-10	0.017751417304912833
195.67821562078942	0.0	0.1635010882405524	0.005642484479674452	2.549724194660095e-10	0.017741724564024036
195.7477973931426	0.0	0.16228444478019902	0.005636632130756256	2.548914892567058e-10	0.01773203182313524
195.81737916549577	0.0	0.16105886589952648	0.005630779781838062	2.5481055904740214e-10	0.017722339082246446
195.88696093784895	0.0	0.1598243869523484	0.005624927432919866	2.547296288380984e-10	0.017712646341357646
195.95654271020211	0.0	0.15858104329248668	0.005619075084001673	2.546486986287947e-10	0.017702953600468852
196.02612448255528	0.0	0.15732887011531557	0.0056132036642112144	6.235437483796647e-10	0.017692904913505236
196.09570625490846	0.0	0.15606789545930203	0.005607300520599203	1.1091690466322867e-09	0.017682264120968124
196.16528802726162	0.0	0.15479813744400134	0.005601397376987193	1.4388830603890517e-09	0.01767162332843102
196.23486979961478	0.0	0.15351961345961018	0.005595494233375183	1.7056356721257717e-09	0.017660982535893904
196.30445157196797	0.0	0.15223234089633375	0.005589591089763171	1.9356349100875654e-09	0.01765034174335679
196.37403334432113	0.0	0.1509363371443877	0.005583687946151161	2.1407600557564313e-09	0.017639700950819688
196.44361511667432	0.0	0.14963161959399476	0.0055777848025391485	2.327596863081766e-09	0.01762906015828257
196.51319688902748	0.0	0.14831820563538997	0.005571881658927139	2.5002487685727425e-09	0.01761841936574546
196.58277866138067	0.0	0.14699611265881646	0.0055659785153151274	2.661477904655419e-09	0.01760777857320835
196.65236043373383	0.0	0.1456653580545307	0.005560075371703117	2.813249034687286e-09	0.017597137780671245
196.72194220608702	0.0	0.1443259592127987	0.005554172228091105	2.9570189659235815e-09	0.017586496988134134
196.79152397844018	0.0	0.14297793352390084	0.005548269084479095	3.0939034431345578e-09	0.017575856195597022
196.86110575079337	0.0	0.14162129837812876	0.005542365940867082	3.224779521219347e-09	0.01756521540305991
196.93068752314656	0.0	0.14025607116578964	0.005536462797255069	3.3503515155012615e-09	0.0175545746105228
197.00026929549972	0.0	0.13888226927720526	0.005530559653643054	3.461951006929234e-09	0.01754393381798569
197.0698510678529	0.0	0.13749991010271173	0.00552465651003104	3.578852568691713e-09	0.01753329302544858
197.13943284020604	0.0	0.13610901103266446	0.005518753366419033	3.6918771413613047e-09	0.017522652232911478
197.2090146125593	0.0	0.1347095894574316	0.005512850222807015	3.801370661654195e-09	0.017512011440374356
197.27859638491242	0.0	0.13330166276740837	0.005506947079195007	3.907630065276284e-09	0.017501370647837255
197.3481781572656	0.0	0.13188524835300192	0.005501043935582994	4.010912497635191e-09	0.017490729855300143
197.4177599296188	0.0	0.13046036360464552	0.005495140791970981	4.111442410477463e-09	0.017480089062763028
197.48734170197196	0.0	0.12902702591279494	0.005489237648358971	4.209417108994223e-09	0.01746944827022592
197.55692347432515	0.0	0.12758525266792867	0.005483334504746957	4.305011143961211e-09	0.017458807477688812
197.62650524667828	0.0	0.12613506126055435	0.005477431361134949	4.398379829956246e-09	0.017448166685151707
197.69608701903147	0.0	0.1246764690812034	0.005471528217522935	4.489662093274155e-09	0.017437525892614596
197.76566879138466	0.0	0.12320949352044104	0.005465625073910922	4.57898279935221e-09	0.017426885100077484
197.83525056373782	0.0	0.12173415196886397	0.0054597219302989115	4.666454671481337e-09	0.017416244307540376
197.904832336091	0.0	0.12025046181710158	0.005453818786686898	4.75217988526792e-09	0.017405603515003268
197.9744141084442	0.0	0.11875844045582228	0.0054479156430748835	4.836251403422997e-09	0.017394962722466153
198.04399588079735	0.0	0.11725810527573441	0.005442012499462873	4.918754100783048e-09	0.017384321929929045
198.11357765315054	0.0	0.11574947366758737	0.00543610935585086	4.999765718511707e-09	0.017373681137391937
198.1831594255037	0.0	0.11423256302217936	0.005430206212238849	5.079357678161467e-09	0.017363040344854832
198.2527411978569	0.0	0.11270739073035604	0.005424303068626834	5.157595779966793e-09	0.017352399552317717
198.32232297021005	0.0	0.11117397418301948	0.0054183999250148225	5.234540804883236e-09	0.017341758759780612
198.39190474256324	0.0	0.10963233077112765	0.005412496781402809	5.31024903611397e-09	0.0173311179672435
198.46148651491637	0.0	0.10808247788570488	0.0054065936377908005	5.3847727129098776e-09	0.017320477174706396
198.53106828726953	0.0	0.10652443291784017	0.005400690494178789	5.4581604270961495e-09	0.01730983638216929
198.60065005962275	0.0	0.10495821325869807	0.0053947873505667725	5.53045747092323e-09	0.017299195589632176
198.6702318319759	0.0	0.10338383629952737	0.005388884206954761	5.6017061433546966e-09	0.017288554797095068
198.7398136043291	0.0	0.10180131943166025	0.005382981063342746	5.671946020707735e-09	0.01727791400455796
198.80939537668226	0.0	0.10021068004652814	0.005377077919730735	5.741214196591753e-09	0.017267273212020852
198.87897714903542	0.0	0.09861193553566538	0.005371174776118722	5.809545495299379e-09	0.017256632419483747
198.94855892138864	0.0	0.09700510329072026	0.0053652716325067054	5.87697266215562e-09	0.01724599162694663
199.0181406937418	0.0	0.0953902007034704	0.0053593684888946945	5.94352653379648e-09	0.017235350834409524
199.087722466095	0.0	0.09376724516582693	0.00535346534528268	6.009236190905675e-09	0.01722471004187241
199.15730423844815	0.0	0.09213625406985554	0.005347562201670669	6.074129095570013e-09	0.017214069249335308
199.22688601080134	0.0	0.09049724480778608	0.005341659058058653	6.138231215106196e-09	0.017203428456798193
199.2964677831545	0.0	0.08885023477203526	0.005335755914446639	6.199049753239485e-09	0.017192787664261088
199.3660495555077	0.0	0.08719524135522046	0.005329852770834624	6.261669930243302e-09	0.017182146871723984
199.43563132786085	0.0	0.08553228195018739	0.005323949627222611	6.3235685035319726e-09	0.017171506079186875
199.505213100214	0.0	0.08386137395002981	0.0053180464836106	6.38476652128065e-09	0.017160865286649767
199.57479487256722	0.0	0.0821825347481194	0.005312143339998582	6.445283999174087e-09	0.017150224494112656
199.64437664492038	0.0	0.08049578173814262	0.0053062401963865705	6.505139990236477e-09	0.017139583701575548
199.71395841727357	0.0	0.07880113231412829	0.005300337052774555	6.564352648695957e-09	0.01712894290903844
199.7835401896267	0.0	0.0770986038704987	0.005294433909162545	6.622939288495349e-09	0.017118302116501338
199.8531219619799	0.0	0.07538821380210879	0.005288530765550531	6.680916436988059e-09	0.017107661323964227
199.92270373433308	0.0	0.07366997950431067	0.005282627621938515	6.738299884294985e-09	0.017097020531427115
199.99228550668624	0.0	0.07194391837301321	0.0052767244783265025	6.79510472874374e-09	0.017086379738890014
200.06186727903943	0.0	0.07021004725561988	0.0052715838489314345	3.3711976478552515e-08	0.017075123366923673
200.1314490513926	0.0	0.06846837992973379	0.005266538300666705	4.858213298018537e-08	0.01706379023574862
200.20103082374575	0.0	0.06671892910707998	0.005261492752401862	5.984403883164685e-08	0.01705245710457368
200.27061259609897	0.0	0.06496170749925931	0.005256447204136907	6.928071330012905e-08	0.01704112397339885
200.3401943684521	0.0	0.0631967278189597	0.005251401655871844	7.756087145107045e-08	0.017029790842224137
200.4097761408053	0.0	0.06142400278011172	0.00524635610760667	8.50234517506579e-08	0.017018457711049526
200.47935791315845	0.0	0.05964354509810054	0.005241310559341384	9.186758649967598e-08	0.017007124579875032
200.54893968551164	0.0	0.057855367489995514	0.005236265011075988	9.822296413292183e-08	0.016995791448700642
200.6185214578648	0.0	0.05605948267484435	0.0052312194628104805	1.0417878715097943e-07	0.016984458317526367
200.688103230218	0.0	0.054255903374015764	0.005226173914544864	1.0980038225454673e-07	0.016973125186352203
200.75768500257118	0.0	0.052444642311629576	0.005221128366279133	1.1513645908511294e-07	0.016961792055178143
200.82726677492434	0.0	0.05062571221507657	0.005216082818013296	1.2022530444813167e-07	0.0169504589240042
200.89684854727753	0.0	0.04879912581566149	0.005211037269747344	1.2509685729861234e-07	0.016939125792830363
200.96643031963072	0.0	0.046964895849412096	0.005205991721481285	1.2977583382027982e-07	0.016927792661656643
201.03601209198388	0.0	0.045123035058088415	0.005200946173215114	1.3428214654126995e-07	0.016916459530483034
201.10559386433704	0.0	0.043273556190464094	0.005195900624948835	1.3863286149770152e-07	0.016905126399309533
201.17517563669023	0.0	0.041416472003971784	0.005190855076682442	1.4284209759144807e-07	0.016893793268136136
201.2447574090434	0.0	0.03955179526683415	0.005185809528415939	1.46921918926379e-07	0.016882460136962863
201.31433918139658	0.0	0.03767953876084767	0.0051807639801493225	1.5088293166688913e-07	0.01687112700578969
201.38392095374974	0.0	0.0357997152850905	0.0051757184318826	1.5473436485519997e-07	0.016859793874616634
201.4535027261029	0.0	0.03391233766089989	0.0051706728836157685	1.5848411834211408e-07	0.016848460743443688
201.52308449845611	0.0	0.03201741873868614	0.005165627335348819	1.621391600043814e-07	0.016837127612270845
201.59266627080927	0.0	0.030114971407415425	0.005160581787081762	1.6570585502193367e-07	0.01682579448109812
201.66224804316244	0.0	0.028205008608043806	0.005155536238814596	1.6918988616891307e-07	0.016814461349925508
201.7318298155156	0.0	0.026287543353013514	0.005150490690547321	1.725961779030796e-07	0.016803128218753002
201.8014115878688	0.0	0.024362588755217896	0.005145445142279929	1.7592916612489163e-07	0.0167917950875806
201.87099336022197	0.0	0.022430158072304286	0.00514039959401243	1.7919303125985667e-07	0.01678046195640832
201.94057513257513	0.0	0.02049026477666867	0.005135354045744821	1.8239157229176957e-07	0.016769128825236148
202.0101569049283	0.0	0.018542922670442795	0.005130308497477104	1.8552809231069998e-07	0.016757795694064086
202.0797386772815	0.0	0.016588146083204195	0.005125262949209269	1.8860561161410188e-07	0.01674646256289213
202.14932044963467	0.0	0.014625950231341474	0.0051202174009413294	1.916271348899279e-07	0.016735129431720293
202.21890222198786	0.0	0.012656351917552494	0.005115171852673275	1.9459512188820205e-07	0.016723796300548557
202.28848399434102	0.0	0.010679371016490717	0.005110126304405113	1.975121429372524e-07	0.01671246316937694
202.35806576669418	0.0	0.008695034014753258	0.005105080756136841	2.0038035431046946e-07	0.01670113003820543
202.42764753904737	0.0	0.006703383911854893	0.005100035207868458	2.0320182801384301e-07	0.016689796907034028
202.49722931140053	0.0	0.00470451551589304	0.005094989659599959	2.059783451060113e-07	0.016678463775862747
202.5668110837537	0.0	0.002698768816589644	0.005089944111331356	2.0871199043731407e-07	0.01666713064469157
202.63639285610688	0.0	0.0006903207814891535	0.005084898563062639	2.1140429097763394e-07	0.016655797513520504
202.70597462846004	0.0	0.0013418943135095258	0.005079853014793815	2.1405681165212955e-07	0.016644464382349546
202.77555640081326	0.0	0.0033681638906084637	0.00507480746652487	2.1667088134944282e-07	0.0166331312511787
202.84513817316642	0.0	0.005403421420718946	0.005069761918255824	2.1924815092097624e-07	0.016621798120007962
202.9147199455196	0.0	0.007446272635216809	0.005064716369986665	2.2178977407076333e-07	0.01661046498883734
202.98430171787277	0.0	0.009496508274938954	0.005059670821717397	2.2429696723927363e-07	0.016599131857666823
203.05388349022593	0.0	0.011554057924717018	0.005054625273448017	2.2677081189175352e-07	0.016587798726496426
203.12346526257912	0.0	0.013618885819197832	0.005049579725178523	2.2921245692468532e-07	0.016576465595326138
203.19304703493228	0.0	0.01569096823273886	0.005044534176908924	2.3162298875824406e-07	0.016565132464155956
203.26262880728547	0.0	0.017770286529927255	0.005039488628639211	2.3400331026344267e-07	0.01655379933298588
203.33221057963863	0.0	0.01985682453148024	0.00503444308036939	2.3635433860203445e-07	0.016542466201815924
203.40179235199182	0.0	0.021950567362449068	0.00502939753209945	2.386768207131895e-07	0.016531133070646076
203.471374124345	0.0	0.02405150089299383	0.0050243519838294075	2.4097183024677425e-07	0.016519799939476335
203.54095589669816	0.0	0.026159611444155354	0.005019306435559254	2.432400282254441e-07	0.01650846680830671
203.61053766905133	0.0	0.028274885622844075	0.005014260887288989	2.4548216210016605e-07	0.016497133677137187
203.68011944140454	0.0	0.030397310224352967	0.005009215339018607	2.4769882580077537e-07	0.01648580054596778
203.7497012137577	0.0	0.03252687217221156	0.005004169790748121	2.4989093550546376e-07	0.016474467414798487
203.81928298611086	0.0	0.0346635584797128	0.004999124242477525	2.5205901982518546e-07	0.016463134283629305
203.88886475846405	0.0	0.036807356224496816	0.004994078694206818	2.542036975992033e-07	0.016451801152460224
203.95844653081718	0.0	0.03895825253130788	0.004989033145935999	2.563255036301125e-07	0.01644046802129127
204.02802830317037	0.0	0.04111623435551723	0.004984349583200785	2.56681051927899e-07	0.01642988324581679
204.09761007552353	0.0	0.04328128085935826	0.0049802026835205045	2.544335553287212e-07	0.016420407947969066
204.16719184787672	0.0	0.0454533611422354	0.004976055783840307	2.521700431404704e-07	0.016410932650121248
204.23677362022988	0.0	0.047632443653089086	0.004971908884160202	2.498901935626525e-07	0.01640145735227334
204.30635539258304	0.0	0.04981849685344164	0.004967761984480184	2.4759343522257265e-07	0.01639198205442535
204.37593716493623	0.0	0.05201148921484549	0.004963615084800253	2.452793494272031e-07	0.016382506756577264
204.44551893728942	0.0	0.05421138921692791	0.004959468185120414	2.42947497660222e-07	0.016373031458729093
204.51510070964258	0.0	0.05641816534587875	0.004955321285440663	2.4059730019700967e-07	0.016363556160880834
204.58468248199577	0.0	0.05863178609326746	0.004951174385761	2.3822821110912967e-07	0.016354080863032482
204.65426425434896	0.0	0.060852219955099984	0.0049470274860814204	2.3583953577208568e-07	0.016344605565184047
204.72384602670212	0.0	0.06307943543107349	0.004942880586401936	2.334309171341713e-07	0.01633513026733552
204.79342779905528	0.0	0.06531340102397644	0.00493873368672254	2.3100160331122625e-07	0.016325654969486906
204.86300957140847	0.0	0.0675540852391991	0.00493458678704323	2.2855093128799132e-07	0.016316179671638203
