Q20	Q30	EHFB	M22	M23	M33
156.0	0.0	0.0001	0.06818	-4.1380000001861855e-08	0.01803
156.44966287014103	0.0	0.00027632277444708346	0.06663824795327009	-4.5309384618994256e-08	0.017976785984345534
156.89933574001878	0.0	0.0002635160864731254	0.06513187454153102	-4.200983264136054e-08	0.017923950839964013
157.34902860577213	0.0	0.0014768567593465125	0.06365863390407836	-3.3667574529912736e-08	0.017871493702032712
157.79875144392955	0.0	0.0034021944991417578	0.062216282603418875	-2.2252616829871323e-08	0.017819413741887738
158.2485142201311	0.0	0.005995789850257486	0.06080257909976844	-9.531944231136128e-09	0.017767710166004
158.6983268610547	0.0	0.00922612509533648	0.05941528334237274	2.918858617151888e-09	0.01771638221920578
159.14819927492206	0.0	0.013062446461507908	0.05805215620684341	1.3705561466779483e-08	0.017665429182255887
159.59814131214534	0.0	0.017474169142245782	0.0567109591179821	2.1606811783960527e-08	0.017614850376255247
160.0481627966703	0.0	0.022430774570727136	0.05538945405486435	2.5567605587547826e-08	0.017564645158563503
160.4982734765125	0.0	0.027905773445743607	0.05408606149714841	2.5096770236608786e-08	0.017514812461097554
160.9484830646332	0.0	0.03388434422417305	0.05280112049786067	2.0939952350143497e-08	0.01746534989104105
161.3988011808563	0.0	0.040353799323996464	0.05153531981477323	1.3984756259755955e-08	0.017416254850102234
161.8492374006878	0.0	0.04730147499788584	0.05028935100969124	5.035951596528621e-09	0.017367524774646058
162.2998011903499	0.0	0.05471472646333721	0.04906390876518843	-5.182232104256135e-09	0.017319157142088558
162.75050196175184	0.0	0.06258092518197474	0.04785969086411637	-1.6023628593959327e-08	0.017271149464246124
163.2013490025336	0.0	0.07088745431106401	0.04667739850790491	-2.69174679705631e-08	0.017223499294116644
163.65235153528718	0.0	0.07962170643573215	0.04551773628337811	-3.736552150094277e-08	0.017176204218826555
164.10351864456405	0.0	0.08877106263717045	0.044381410032439214	-4.6936731741456295e-08	0.017129262057634202
164.5548593384293	0.0	0.09832045579639352	0.04326876282870757	-5.493258752563001e-08	0.017082699320057994
165.00638247435725	0.0	0.10824976969497373	0.042179387144937026	-6.01093941752045e-08	0.017036601566817154
165.45809682127492	0.0	0.11853824498657228	0.04111278377329246	-6.135843317393129e-08	0.016991061868243184
165.9100109861532	0.0	0.1291650918335577	0.04006845440353244	-5.778539646469532e-08	0.016946173592967306
166.3621334748513	0.0	0.14010948665864584	0.03904590134937155	-4.869931992480154e-08	0.0169020304190356
166.81447262101943	0.0	0.1513505659111182	0.03804462758364778	-3.36022153407919e-08	0.01685872635779844
167.2670366442783	0.0	0.1628674229780116	0.0370641364780636	-1.2179395992036312e-08	0.01681635576463326
167.71983358279803	0.0	0.17463910209392275	0.036103931824931566	1.5709500760161e-08	0.016775013361340674
168.17287134762165	0.0	0.1866443889904365	0.03516353306454098	4.99672519772676e-08	0.01673479312872861
168.62615765998703	0.0	0.19885302907611005	0.03424313316641181	8.738888739159853e-08	0.016695740797841422
169.0797001009202	0.0	0.21122241563336494	0.03334384645211328	1.213700383300961e-07	0.01665783593903213
169.5335060540328	0.0	0.22370891916926663	0.03246685888333886	1.4624176930012598e-07	0.016621053369508684
169.9875827498576	0.0	0.23626875954321988	0.031613362268348315	1.5751800787828552e-07	0.016585367901279343
170.44193721449227	0.0	0.24885799714275228	0.030784554508398163	1.5181443949497518e-07	0.016550754338899017
170.89657630852858	0.0	0.26143252678002615	0.029981639663857088	1.267583007564288e-07	0.01651718747007444
171.35150668150771	0.0	0.2739480695014253	0.029205828168949406	8.088888913231112e-08	0.016484642062914185
171.8067348057361	0.0	0.2863601668462929	0.028458336895348837	1.3548602255957433e-08	0.016453092857288073
172.2622669360169	0.0	0.2986253501932378	0.027740393356966788	-7.455741395516822e-08	0.01642251579280804
172.7181091392351	0.0	0.3107194094136882	0.027053298202843138	-1.7176735279009908e-07	0.01639290711728193
173.17426725810128	0.0	0.32263399525730707	0.026398413788363873	-2.604197781991426e-07	0.016364279835133853
173.63074693832078	0.0	0.33436118263981685	0.025777111499275033	-3.2650904210209245e-07	0.016336647556045483
174.08755359385083	0.0	0.34589299823622105	0.025190770288016015	-3.594992302809333e-07	0.016310024004195952
174.54469243514168	0.0	0.3572214206940669	0.024640776720556843	-3.5180613258849183e-07	0.016284423016437545
175.00216843110135	0.0	0.3683383792251451	0.024128525099372623	-2.982342347458131e-07	0.016259858544399312
175.45998634509957	0.0	0.3792357541047647	0.023655417484815512	-1.9536783086244116e-07	0.016236344652302247
175.9181506843701	0.0	0.3899053751225459	0.023222863803903638	-4.0915345630481014e-08	0.016213895519328697
176.37666575668007	0.0	0.40034324288699724	0.022832191046798404	1.6246876648644956e-07	0.016192514060487124
176.83553558928426	0.0	0.41057448969219795	0.02248410635200438	3.8356786048345147e-07	0.01617212463760548
177.2947640310489	0.0	0.4206366748611185	0.022179056364108392	5.859691904716627e-07	0.016152618078469627
177.7543546067593	0.0	0.430567565995262	0.021917490138967904	7.40323059125311e-07	0.016133884607444728
178.2143107117333	0.0	0.44040510363958524	0.021699859868255317	8.219266742080166e-07	0.016115813945625317
178.67463533714275	0.0	0.45018739879593356	0.021526620933430156	8.081758325731944e-07	0.016098295316707745
179.13533144470543	0.0	0.4599527440743271	0.021398231645323115	6.759318777825973e-07	0.016081217430248495
179.59640144448915	0.0	0.46973960543613774	0.02131515331547852	3.988021726684923e-07	0.016064468502927722
180.0578479091822	0.0	0.4795865878839132	0.02127784843139116	-5.561985562374129e-08	0.016047936299931356
180.5196725910785	0.0	0.4894949538326368	0.021285671458720245	-6.936697100195555e-07	0.01603155200469218
180.98187775945465	0.0	0.49936230608937193	0.02133490428323429	-1.4323373787457669e-06	0.01601536772619456
181.44446438223636	0.0	0.5090679538256186	0.02142128476132607	-2.16955558339373e-06	0.015999456557160258
181.90743457806067	0.0	0.5184906305162424	0.021540529987037024	-2.7916567098803847e-06	0.015983891792742122
182.37078832145968	0.0	0.5275084219266633	0.021688335318657992	-3.166322419322052e-06	0.01596874706694088
182.8345278405999	0.0	0.5359988506776602	0.02186037527633352	-3.1374506579982555e-06	0.01595409629075098
183.29865177581655	0.0	0.5438387635927598	0.022052301238206434	-2.5219587419762e-06	0.01594001400688035
183.76316289246017	0.0	0.5509044672433323	0.022259743949875878	-1.108560775704178e-06	0.01592657542350397
184.2280579515765	0.0	0.5570754224355945	0.0224783098814821	1.327627534235138e-06	0.01591385769312482
184.69334093764988	0.0	0.5623235704230606	0.022703613296322766	4.689818256964761e-06	0.015901952898567013
185.15900588006568	0.0	0.5667160428069024	0.022931270650827427	8.482935192163514e-06	0.015890967281688404
185.62505903980588	0.0	0.5703247837250602	0.023156886003054756	1.2105884403459387e-05	0.015881005728587236
186.0914904138397	0.0	0.5732219740437167	0.02337603623709622	1.486703272281003e-05	0.015872171536625748
186.5583101352438	0.0	0.5754803003021747	0.02358428746600846	1.5992941670258902e-05	0.015864566628351787
187.02550223344792	0.0	0.5771726833961563	0.023777171513468264	1.4644510446352805e-05	0.01585829480440825
187.49308305763128	0.0	0.5783725450853644	0.023950207238599197	9.941283411283196e-06	0.01585346489688544
187.96102786533208	0.0	0.5791535577148668	0.02409886589669588	9.94300893136656e-07	0.015850197396634017
188.42936257349308	0.0	0.5795751540920707	0.02421912316523499	-1.2617789145508881e-05	0.015848613871191953
188.89804971174289	0.0	0.5796213061081302	0.024309620933448694	-2.8953219803961492e-05	0.015848758325039305
189.36712942732805	0.0	0.5792516685277777	0.024369910426109274	-4.5170729329948176e-05	0.015850618007804847
189.83654609393977	0.0	0.5784257613631327	0.024399569460644543	-5.8320459683478196e-05	0.01585413831764452
190.30636039468084	0.0	0.5771027574081553	0.024398215101275465	-6.545477731642068e-05	0.015859234623698964
190.77649131029068	0.0	0.5752420162619396	0.02436546087909177	-6.373002888751544e-05	0.01586582092843174
191.2470283411548	0.0	0.5728021125686076	0.024300861822950538	-5.051972596922811e-05	0.015873862631523742
191.71785571110627	0.0	0.5697424485131192	0.024203882828669074	-2.3533613743988875e-05	0.015883434881100965
192.18910228518928	0.0	0.5660214643066933	0.02407378577991147	1.8942904747695402e-05	0.01589480347775746
192.66060579201323	0.0	0.5616262163429262	0.023910830906232288	7.28948092129948e-05	0.015908411409978444
193.13254746258252	0.0	0.5565751757544174	0.023716834856398323	0.0001277312322346072	0.015924486604428793
193.6047043072573	0.0	0.5508933576853718	0.023494400160186668	0.00017321704491467395	0.01594272073621287
194.0773253913389	0.0	0.5446004499697797	0.0232463567699566	0.00020041431099102012	0.015962394428744125
194.55011040343888	0.0	0.5377233244651228	0.02297591712268959	0.00020192853850939082	0.015982671077718547
195.02339393652892	0.0	0.5302800326013835	0.02268555161133516	0.00017221591037057363	0.016003141928150638
195.4967797727803	0.0	0.5222999168882012	0.02237720490294004	0.00010780930909241796	0.016024338693162058
195.97070737645697	0.0	0.5137987157139943	0.0220507842926685	7.387068371972708e-06	0.01604834592721131
196.44466482316736	0.0	0.5048068268233498	0.02170518474704599	-0.00012318360055344293	0.016078865595258857
196.919216473416	0.0	0.49532451364948393	0.021339838816762748	-0.00025644554813347145	0.01611837409367096
197.39371486009497	0.0	0.4853727561836408	0.020959969474149343	-0.00036405779336856777	0.016164388058304884
197.86886855440255	0.0	0.4749446842241944	0.020573897706876874	-0.00042593291254636786	0.016210391993488848
198.3438762735768	0.0	0.4640660310149706	0.020192195390690875	-0.0004300993184304491	0.016248698903541706
198.81960760899807	0.0	0.4527249712345468	0.019821090439878192	-0.0003725914387001855	0.016274773571834364
199.295092721497	0.0	0.44095287411052714	0.01946162470153073	-0.00025662212814331787	0.016290603981582517
199.77137441271867	0.0	0.42873211123520416	0.019104713233484536	-9.168863872318865e-05	0.016306858999519634
200.2473053001773	0.0	0.41610060315175873	0.01873532655840063	0.00010378518317007195	0.016341692251131062
200.72410668410603	0.0	0.40303721488299443	0.018338847625289024	0.00029184006924433214	0.016410404917506425
201.20045269371607	0.0	0.38959240914235177	0.017921455959834617	0.00042879318670443643	0.016508537239013004
201.6777392820956	0.0	0.37574101141748556	0.01750526345826421	0.0004914357568977756	0.016613826557479127
202.15447129525728	0.0	0.3615407680230885	0.01712144189745897	0.00047993423205077443	0.016696857629892092
202.6322044476076	0.0	0.3469596951639764	0.016790333544559277	0.00041484834392914184	0.016737094757600175
203.10929529976517	0.0	0.3320624097268494	0.01651452301734797	0.0003242801086167744	0.016733739399183
203.58743208570496	0.0	0.3168106755504518	0.016271191296803357	0.00021944501188905633	0.016709413437554676
204.06485676054527	0.0	0.30127512017691327	0.01603813072635287	0.0	0.016688096278552656
204.5433500918685	0.0	0.2854125967088839	0.01585312420681181	0.0	0.016631622870504882
205.02108566275288	0.0	0.2692990326364838	0.015633018905398935	0.0	0.01662403039705013
205.4998846622293	0.0	0.2528885458059354	0.015385654842382393	0.0	0.016656473179276734
205.9779098184989	0.0	0.23625965463831283	0.01512065571985543	0.0	0.016720014005629755
206.4569607832368	0.0	0.21936539817385034	0.014845737356679474	0.0	0.01680603822334677
206.93525555282127	0.0	0.2022842373918062	0.014570627879068775	0.0	0.016905380819312612
207.41450191627976	0.0	0.1849709104701734	0.014303084511348861	0.0	0.017009513868938696
207.89304482030457	0.0	0.16750088821827144	0.014052763754372711	0.0	0.017109204327619653
208.37243323077547	0.0	0.1498303354479427	0.013916185964031406	0.0005418158990704146	0.017107264302017897
208.8512089545374	0.0	0.13200116856193528	0.01379918703096164	0.0007750016341121331	0.017097829623375922
209.3306684509344	0.0	0.11394161327061371	0.01366633366223619	0.000895324665127142	0.017115403426424005
209.80962570893817	0.0	0.095672725707961	0.013516531402291233	0.0009385304635821068	0.017160781187268968
210.28917128466168	0.0	0.07712930414339475	0.013351444818656159	0.000914566528503575	0.017231471793018056
210.76841272887313	0.0	0.05832210522567131	0.01317603458300754	0.0008244958965918901	0.01732210789231455
211.24767470635015	0.0	0.039215112638534576	0.012997008566884781	0.0006616720226189138	0.01742532433823454
211.72656172221284	0.0	0.01980099331773478	0.012823146107859767	0.00039431065338413617	0.017531804000537235
212.20695193864125	0.0	0.00010213881120277842	0.012685100120245894	0.0	0.017610066014987096
