Q20,Q30
1.560000000000000000e+02,0.000000000000000000e+00
1.564496628701410543e+02,0.000000000000000000e+00
1.568993357400187847e+02,0.000000000000000000e+00
1.573490286057721335e+02,0.000000000000000000e+00
1.577987514439295751e+02,0.000000000000000000e+00
1.582485142201311135e+02,0.000000000000000000e+00
1.586983268610547384e+02,0.000000000000000000e+00
1.591481992749220638e+02,0.000000000000000000e+00
1.595981413121453443e+02,0.000000000000000000e+00
1.600481627966703115e+02,0.000000000000000000e+00
1.604982734765125372e+02,0.000000000000000000e+00
1.609484830646331943e+02,0.000000000000000000e+00
1.613988011808563101e+02,0.000000000000000000e+00
1.618492374006877981e+02,0.000000000000000000e+00
1.622998011903499389e+02,0.000000000000000000e+00
1.627505019617518371e+02,0.000000000000000000e+00
1.632013490025336182e+02,0.000000000000000000e+00
1.636523515352871812e+02,0.000000000000000000e+00
1.641035186445640477e+02,0.000000000000000000e+00
1.645548593384293099e+02,0.000000000000000000e+00
1.650063824743572525e+02,0.000000000000000000e+00
1.654580968212749212e+02,0.000000000000000000e+00
1.659100109861531962e+02,0.000000000000000000e+00
1.663621334748513050e+02,0.000000000000000000e+00
1.668144726210194335e+02,0.000000000000000000e+00
1.672670366442783347e+02,0.000000000000000000e+00
1.677198335827980316e+02,0.000000000000000000e+00
1.681728713476216512e+02,0.000000000000000000e+00
1.686261576599870295e+02,0.000000000000000000e+00
1.690797001009202063e+02,0.000000000000000000e+00
1.695335060540328129e+02,0.000000000000000000e+00
1.699875827498576086e+02,0.000000000000000000e+00
1.704419372144922704e+02,0.000000000000000000e+00
1.708965763085285801e+02,0.000000000000000000e+00
1.713515066815077148e+02,0.000000000000000000e+00
1.718067348057361130e+02,0.000000000000000000e+00
1.722622669360169141e+02,0.000000000000000000e+00
1.727181091392351391e+02,0.000000000000000000e+00
1.731742672581012812e+02,0.000000000000000000e+00
1.736307469383207831e+02,0.000000000000000000e+00
1.740875535938508278e+02,0.000000000000000000e+00
1.745446924351416840e+02,0.000000000000000000e+00
1.750021684311013530e+02,0.000000000000000000e+00
1.754599863450995656e+02,0.000000000000000000e+00
1.759181506843700902e+02,0.000000000000000000e+00
1.763766657566800689e+02,0.000000000000000000e+00
1.768355355892842624e+02,0.000000000000000000e+00
1.772947640310489135e+02,0.000000000000000000e+00
1.777543546067593070e+02,0.000000000000000000e+00
1.782143107117333045e+02,0.000000000000000000e+00
1.786746353371427745e+02,0.000000000000000000e+00
1.791353314447054288e+02,0.000000000000000000e+00
1.795964014444891461e+02,0.000000000000000000e+00
1.800578479091821862e+02,0.000000000000000000e+00
1.805196725910784608e+02,0.000000000000000000e+00
1.809818777594546475e+02,0.000000000000000000e+00
1.814444643822363332e+02,0.000000000000000000e+00
1.819074345780606734e+02,0.000000000000000000e+00
1.823707883214596848e+02,0.000000000000000000e+00
1.828345278405998897e+02,0.000000000000000000e+00
1.832986517758165803e+02,0.000000000000000000e+00
1.837631628924601728e+02,0.000000000000000000e+00
1.842280579515764884e+02,0.000000000000000000e+00
1.846933409376498787e+02,0.000000000000000000e+00
1.851590058800656777e+02,0.000000000000000000e+00
1.856250590398058762e+02,0.000000000000000000e+00
1.860914904138396935e+02,0.000000000000000000e+00
1.865583101352438007e+02,0.000000000000000000e+00
1.870255022334479236e+02,0.000000000000000000e+00
1.874930830576313099e+02,0.000000000000000000e+00
1.879610278653321132e+02,0.000000000000000000e+00
1.884293625734930799e+02,0.000000000000000000e+00
1.888980497117429138e+02,0.000000000000000000e+00
1.893671294273280523e+02,0.000000000000000000e+00
1.898365460939397735e+02,0.000000000000000000e+00
1.903063603946808371e+02,0.000000000000000000e+00
1.907764913102906803e+02,0.000000000000000000e+00
1.912470283411547882e+02,0.000000000000000000e+00
1.917178557111062958e+02,0.000000000000000000e+00
1.921891022851893069e+02,0.000000000000000000e+00
1.926606057920132571e+02,0.000000000000000000e+00
1.931325474625825507e+02,0.000000000000000000e+00
1.936047043072572649e+02,0.000000000000000000e+00
1.940773253913389169e+02,0.000000000000000000e+00
1.945501104034389073e+02,0.000000000000000000e+00
1.950233939365289473e+02,0.000000000000000000e+00
1.954967797727802861e+02,0.000000000000000000e+00
1.959707073764569998e+02,0.000000000000000000e+00
1.964446648231673862e+02,0.000000000000000000e+00
1.969192164734159860e+02,0.000000000000000000e+00
1.973937148600949740e+02,0.000000000000000000e+00
1.978688685544025816e+02,0.000000000000000000e+00
1.983438762735768250e+02,0.000000000000000000e+00
1.988196076089980693e+02,0.000000000000000000e+00
1.992950927214970136e+02,0.000000000000000000e+00
1.997713744127186715e+02,0.000000000000000000e+00
2.002473053001772882e+02,0.000000000000000000e+00
2.007241066841060331e+02,0.000000000000000000e+00
2.012004526937160733e+02,0.000000000000000000e+00
2.016777392820956152e+02,0.000000000000000000e+00
2.021544712952572809e+02,0.000000000000000000e+00
2.026322044476076201e+02,0.000000000000000000e+00
2.031092952997651366e+02,0.000000000000000000e+00
2.035874320857049895e+02,0.000000000000000000e+00
2.040648567605452968e+02,0.000000000000000000e+00
2.045433500918685183e+02,0.000000000000000000e+00
2.050210856627528813e+02,0.000000000000000000e+00
2.054998846622293343e+02,0.000000000000000000e+00
2.059779098184988868e+02,0.000000000000000000e+00
2.064569607832367808e+02,0.000000000000000000e+00
2.069352555528212747e+02,0.000000000000000000e+00
2.074145019162797610e+02,0.000000000000000000e+00
2.078930448203045671e+02,0.000000000000000000e+00
2.083724332307754992e+02,0.000000000000000000e+00
2.088512089545374124e+02,0.000000000000000000e+00
2.093306684509343825e+02,0.000000000000000000e+00
2.098096257089381709e+02,0.000000000000000000e+00
2.102891712846617054e+02,0.000000000000000000e+00
2.107684127288731020e+02,0.000000000000000000e+00
2.112476747063501819e+02,0.000000000000000000e+00
2.117265617222128355e+02,0.000000000000000000e+00
2.122069519386412537e+02,0.000000000000000000e+00
