Q20	Q30	EHFB	M22	M23	M33
156.0	0.0	0.0001	0.007584999999999998	2.4009802127666643e-08	0.01856
156.05592151838044	0.000339765944018916	0.00010949550442380591	0.007581365554198912	1.7795640842885175e-05	0.018553059351448145
156.11184303676083	0.000679531888037832	0.0001298323824150186	0.007577732487948663	2.516074683003008e-05	0.018546118289982025
156.16776455514128	0.001019297832056748	0.00015207878444297373	0.007574100801229146	3.0808040325552515e-05	0.018539176815621745
156.2236860735217	0.001359063776075664	0.00017195859041862891	0.007570470494020266	3.556544762131081e-05	0.018532234928387403
156.2796075919021	0.00169882972009458	0.00018759333908605698	0.00756684156630192	3.975374268250695e-05	0.01852529262829911
156.33552911028255	0.002038595664113496	0.00019811419918045305	0.00756321401805398	4.353747875114913e-05	0.018518349915376972
156.39145062866297	0.002378361608132412	0.00020310518847929668	0.007559587849256342	4.7014431723464684e-05	0.018511406789641107
156.44737214704338	0.002718127552151328	0.00020239054721437878	0.0075559630598888705	5.024832325292933e-05	0.01850446325111165
156.5032936654238	0.0030578934961702437	0.000195964885714063	0.0075523396499314385	5.328342504439523e-05	0.018497519299808734
156.5592151838042	0.00339765944018916	0.00018400555691960993	0.007548717619363901	5.615197863664355e-05	0.018490574935752485
156.61513670218466	0.003737425384208076	0.00016697842724050475	0.007545096968166111	5.887832947201041e-05	0.01848363015896306
156.67105822056507	0.004077191328226992	0.0001459345723782195	0.007541477696317924	6.148139592864708e-05	0.018476684969460613
156.7269797389455	0.004416957272245908	0.00012329523463236358	0.0075378598037991774	6.397622627059982e-05	0.0184697393672653
156.78290125732593	0.004756723216264824	0.00010475457208029177	0.007534243290589699	6.637502437288968e-05	0.018462793352397287
156.83882296201926	0.004912003537403826	0.00010111532554954852	0.007530493612975582	6.743420031437662e-05	0.01845589747575733
156.89474505259201	0.0046851889864664995	0.00011533290906542295	0.007526465130672175	6.584578816594758e-05	0.018449106341479567
156.95066714316476	0.00445837443552917	0.00013694903864373847	0.007522435725858493	6.421940802693673e-05	0.018442315484416428
157.00658923373754	0.0042315598845918435	0.00015872724742220138	0.00751840539853149	6.255209722629819e-05	0.01843552490457097
157.06251132431032	0.004004745333654515	0.0001773884724886764	0.007514374148688122	6.084048956471033e-05	0.018428734601946228
157.11843341488307	0.0037779307827171876	0.00019147032199464818	0.007510341976325328	5.90807339779641e-05	0.018421944576545276
157.17435550545582	0.00355111623177986	0.000200280425007367	0.007506308881440059	5.7268390838934446e-05	0.018415154828371146
157.2302775960286	0.003324301680842532	0.00020348742774182227	0.007502274864029253	5.539829787316385e-05	0.018408365357426907
157.28619968660138	0.003097487129905204	0.00020096698406984185	0.007498239924089848	5.3464394061573345e-05	0.01840157616371563
157.34212177717413	0.0028706725789678766	0.0001927609846564338	0.007494204061618781	5.1459484216482004e-05	0.01839478724724037
157.39804386774688	0.0026438580280305486	0.00017911576022076534	0.007490167276612987	4.937491781124775e-05	0.018387998608004198
157.45396595831966	0.0024170434770932206	0.00016063309180126722	0.007486129569069391	4.7200140494940926e-05	0.018381210246010176
157.50988804889244	0.0021902289261558922	0.0001386784220302901	0.0074820909389849265	4.492205058520652e-05	0.018374422161261374
157.56581013946519	0.001963414375218565	0.0001164551420697034	0.007478051386356504	4.252404564629688e-05	0.0183676343537609
157.62173223003794	0.001736599824281237	0.00010134735790246666	0.007474010911181066	3.998455454845817e-05	0.018360846823511797
157.677654567099	0.0015963393816997562	0.00011128603579221583	0.007470035255829163	3.8327951409307674e-05	0.01835403501745917
157.73357704246223	0.0015046435854296496	0.0001637337194268382	0.0074660960162695345	3.7203055850754214e-05	0.01834720957656475
157.78949951782542	0.0014129477891595425	0.00023936420401497968	0.007462156403908957	3.604405472096774e-05	0.01834038424759161
157.84542199318864	0.0013212519928894354	0.000327962961780813	0.007458216418747774	3.4847544808763106e-05	0.0183335590305394
157.90134446855186	0.0012295561966193286	0.0004261936909918014	0.007454276060786334	3.3609519957007364e-05	0.01832673392540778
157.95726694391507	0.0011378604003492215	0.0005328286319919672	0.007450335330024989	3.232521013291724e-05	0.018319908932196396
158.01318941927826	0.0010461646040791153	0.0006473451604610781	0.0074463942264640865	3.098886067711928e-05	0.018313084050904906
158.0691118946415	0.0009544688078090085	0.0007694982676780635	0.007442452750103979	2.9593422096108733e-05	0.018306259281532938
158.1250343700047	0.0008627730115389014	0.0008991680991786952	0.007438510900945006	2.8130101626964365e-05	0.01829943462408018
158.18095684536792	0.0007710772152687944	0.0010362974619510315	0.007434568678987517	2.658769295133617e-05	0.01829261007854626
158.23687932073113	0.0006793814189986875	0.001180863208842257	0.007430626084231864	2.495153301622323e-05	0.018285785644930844
158.29280179609435	0.0005876856227285806	0.0013328619328922056	0.007426683116678386	2.320179603776831e-05	0.01827896132323357
158.34872427145757	0.0004959898264584742	0.0014923022921869249	0.007422739776327426	2.131052337917654e-05	0.01827213711345412
158.4046467468208	0.0004042940301883673	0.001659200647063809	0.007418796063179337	1.9236012413574637e-05	0.018265313015592127
158.46056922218398	0.00031259823391826034	0.0018335784580643054	0.007414851977234461	1.691096128866748e-05	0.018258489029647256
158.51649177077502	0.00030586965060196294	0.002030818883562639	0.0074109746587266295	1.6724322714033327e-05	0.018251640294901506
158.57241432111755	0.00030117343842083995	0.0022360146028406985	0.007407098922958138	1.6591814190481258e-05	0.018244790972468145
158.62833687146008	0.000296477226239717	0.0024488248578374634	0.007403223168101333	1.6458353001026688e-05	0.018237941655762098
158.68425942180264	0.0002917810140585941	0.0026692774987777637	0.0073993473941562915	1.6323915769791e-05	0.01823109234478327
158.7401819721452	0.0002870848018774711	0.0028974017582067135	0.007395471601123084	1.6188478167388326e-05	0.01822424303953161
158.79610452248772	0.00028238858969634813	0.0031332278740180716	0.007391595789001778	1.605201485764191e-05	0.018217393740007054
158.85202707283025	0.00027769237751522515	0.003376786829265869	0.007387719957792453	1.5914499446375144e-05	0.018210544446209512
158.90794962317284	0.00027299616533410216	0.003628110168667523	0.007383844107495163	1.5775904403827278e-05	0.018203695158138918
158.96387217351534	0.0002682999531529791	0.003887229866689728	0.007379968238109997	1.5636201010503287e-05	0.01819684587579521
159.0197947238579	0.0002636037409718562	0.0041541782310813985	0.007376092349637011	1.5495359275283907e-05	0.018189996599178308
159.07571727420046	0.00025890752879073327	0.004428987831226402	0.007372216442076283	1.5353347857734588e-05	0.01818314732828814
159.13163982454302	0.0002542113166096103	0.004711691444188605	0.007368340515427878	1.521013397971025e-05	0.018176298063124652
159.18756237488554	0.0002495151044284873	0.00500232201355865	0.007364464569691875	1.5065683339522978e-05	0.01816944880368776
159.2434849252281	0.0002448188922473643	0.005300912617701639	0.007360588604868334	1.491995999946115e-05	0.01816259954997739
159.2994074755946	0.00024244108421567226	0.005607924428457247	0.007356714519030851	1.4844068641364864e-05	0.01815574960410377
159.35533002602236	0.00024597979960902294	0.005924057342850852	0.007352845279398463	1.4948717688830079e-05	0.01814889787652276
159.41125257645012	0.00024951851500237365	0.00624825374803114	0.007348976054146215	1.5052545342269986e-05	0.018142046144629456
159.4671751268779	0.00025305723039572436	0.006580546924014425	0.007345106843274046	1.5155568488769285e-05	0.018135194408423934
159.52309767730566	0.0002565959457890751	0.0069209702038413035	0.007341237646781893	1.525780343197909e-05	0.01812834266790625
159.5790202277334	0.00026013466118242573	0.007269556965099135	0.007337368464669711	1.5359265922657605e-05	0.01812149092307646
159.6349427781612	0.0002636733765757765	0.007626340622998039	0.007333499296937429	1.545997117487604e-05	0.018114639173934615
159.69086532858896	0.00026721209196912715	0.007991354624675855	0.007329630143585003	1.5559933902203703e-05	0.01810778742048078
159.74678787901672	0.00027075080736247787	0.008364632444490908	0.0073257610046123705	1.5659168332603573e-05	0.018100935662715003
159.8027104294445	0.0002742895227558286	0.008746207580104136	0.007321891880019474	1.5757688232120604e-05	0.01809408390063735
159.85863297987225	0.00027782823814917923	0.009136113549203653	0.007318022769806255	1.5855506929259864e-05	0.018087232134247875
159.9145555303	0.00028136695354252995	0.009534383886751579	0.007314153673972666	1.5952637332389937e-05	0.018080380363546637
159.9704780807278	0.00028490566893588066	0.00994105214266034	0.00731028459251864	1.6049091946532184e-05	0.01807352858853367
160.02640063115555	0.0002884443843292313	0.010356149668466038	0.0073071018866793	1.615312768469655e-05	0.01806707281959358
160.08232318158332	0.000291983099722582	0.01077964962506444	0.0073046867012839896	1.6265862115171797e-05	0.018061059876219376
160.13824573206438	0.00029221292249244466	0.011210842398079571	0.007302268720835178	1.6286187980074916e-05	0.018055047954849638
160.1941682825771	0.0002904748436479261	0.011649885582481269	0.007299849068765298	1.6251532147601294e-05	0.018049036644758317
160.2500908330898	0.0002887367648034075	0.012097055310516022	0.007297429411002956	1.6216612374657868e-05	0.01804302533679959
160.30601338360253	0.0002869986859588889	0.012552259169624455	0.007295009747548857	1.6181427401001783e-05	0.01803701403097274
160.36193593411525	0.00028526060711437035	0.01301540475224994	0.007292590078403708	1.614597593848605e-05	0.01803100272727708
160.41785848462797	0.00028352252826985177	0.013486399655313008	0.007290170403568195	1.6110256669760126e-05	0.018024991425711907
160.4737810351407	0.0002817844494253332	0.013965151479738272	0.007287750723043019	1.6074268256095125e-05	0.018018980126276538
160.5297035856534	0.00028004637058081457	0.01445156783002852	0.007285331036828883	1.6038009334916698e-05	0.018012968828970254
160.58562613616613	0.000278308291736296	0.01494555631388127	0.007282911344926479	1.6001478512916897e-05	0.01800695753379236
160.64154868667885	0.0002765702128917774	0.015447024541843319	0.007280491647336517	1.5964674373875253e-05	0.018000946240742163
160.69747123719156	0.00027483213404725883	0.015955880126999514	0.007278071944059684	1.5927595469333976e-05	0.01799493494981897
160.75339378770428	0.00027309405520274026	0.016472030684692156	0.007275652235096682	1.5890240327212902e-05	0.017988923661022074
160.809316338217	0.0002713559763582217	0.016995383832267747	0.0072732325204482124	1.5852607446041282e-05	0.017982912374350773
160.86523888872972	0.0002696178975137031	0.017525847188848493	0.007270812800114975	1.5814695293948076e-05	0.01797690108980437
160.92116143924247	0.00026787981866918453	0.018063328375126003	0.007268393074097657	1.577650230682387e-05	0.01797088980738218
160.97708398976533	0.0002689803360104108	0.0186082717202702	0.007265975819238952	1.5821728553753245e-05	0.017964877621098812
161.03300654028908	0.00027031690010951713	0.019160093209218656	0.007263558774267784	1.587383990636188e-05	0.017958865358050132
161.08892909081285	0.0002716534642086235	0.019718655817881053	0.007261141733602419	1.5925884676297596e-05	0.017952853093433155
161.14485164133663	0.00027299002830772983	0.020283867136237817	0.007258724697242321	1.5977863195199268e-05	0.017946840827248404
161.20077419186038	0.0002743265924068362	0.020855634756157482	0.007256307665186949	1.6029775783884078e-05	0.017940828559496434
161.25669674238415	0.00027566315650594253	0.021433866271281986	0.007253890637435765	1.6081622763975548e-05	0.017934816290177777
161.31261929290787	0.0002769997206050489	0.022018469276919424	0.007251473613988234	1.613340445043208e-05	0.017928804019292973
161.36854184343164	0.00027833628470415523	0.022609351369952055	0.0072490565948438185	1.6185121154017535e-05	0.017922791746842553
161.4244643939554	0.0002796728488032616	0.023206420148745233	0.007246639580001976	1.623677318021157e-05	0.017916779472827056
161.48038694447916	0.00028100941290236793	0.023809583213071875	0.007244222569462168	1.628836082930831e-05	0.017910767197247036
161.5363094950029	0.0002823459770014743	0.024418748164037427	0.007241805563223862	1.6339884399989102e-05	0.017904754920103006
161.59223204552669	0.00028368254110058063	0.025033822604016424	0.007239388561286517	1.639134418511788e-05	0.01789874264139552
161.64815459605043	0.000285019105199687	0.025654714136589787	0.007236971563649592	1.6442740471465447e-05	0.01789273036112512
161.7040771465742	0.0002863556692987933	0.026281330366492224	0.007234554570312552	1.6494073545550307e-05	0.017886718079292322
161.75999969710125	0.00028713697033287336	0.026913473517982237	0.007232137084154301	1.6529370182425282e-05	0.01788070597777826
161.81592224763696	0.00028646563322970653	0.0275508808188504	0.007229718297606034	1.6522800959142783e-05	0.01787469435205927
161.87184479817267	0.00028579429612653976	0.028193735541624954	0.00722729950884091	1.6516146482080225e-05	0.017868682727182134
161.92776734870836	0.000285122959023373	0.02884194531088852	0.0072248807178592	1.6509406821834694e-05	0.01786267110314658
161.98368989924404	0.00028445162192020616	0.029495417751454645	0.00722246192466117	1.650258204615835e-05	0.017856659479952335
162.03961244977975	0.0002837802848170394	0.030154060488334498	0.007220043129247086	1.6495672221862746e-05	0.01785064785759913
162.09553500031546	0.0002831089477138726	0.030817781146706077	0.007217624331617227	1.648867741710029e-05	0.0178446362360867
162.15145755085115	0.00028243761061070584	0.03148648735188723	0.00721520553177186	1.6481597696039987e-05	0.017838624615414765
162.20738010138683	0.000281766273507539	0.032160086729310755	0.0072127867297112555	1.6474433123051525e-05	0.017832612995583065
162.26330265192254	0.00028109493640437224	0.032838486904500246	0.0072103679254356765	1.6467183758144728e-05	0.017826601376591325
162.31922520245826	0.00028042359930120547	0.03352159550304759	0.007207949118945405	1.645984966532994e-05	0.01782058975843927
162.37514775299394	0.00027975226219803865	0.0342093201505935	0.007205530310240704	1.6452430902738524e-05	0.01781457814112664
162.43107030352965	0.00027908092509487187	0.034901568472810035	0.007203111499321839	1.6444927526804545e-05	0.017808566524653166
162.48699285406536	0.0002784095879917051	0.03559824809538133	0.007200692686189087	1.6437339597958968e-05	0.017802554909018563
162.54291540460105	0.00027773825088853833	0.036299266643988595	0.007198273870842719	1.642966717037715e-05	0.017796543294222575
162.59883795513798	0.0002777077379042704	0.03700465346733454	0.007195855642592616	1.6440889197885203e-05	0.017790531464614043
162.6547605056758	0.00027816869673366607	0.03771428781431464	0.0071934378669662544	1.646663110638352e-05	0.01778451946939535
162.7106830562136	0.00027862965556306175	0.03842798395047839	0.0071910200927965085	1.649235076651263e-05	0.017778507473664162
162.76660560675145	0.00027909061439245744	0.03914564949702526	0.007188602320083207	1.6518048189026523e-05	0.01777249547742064
162.8225281572893	0.00027955157322185313	0.03986719207548601	0.007186184548826156	1.654372337820651e-05	0.01776648348066499
162.8784507078271	0.0002800125320512488	0.0405925193077131	0.007183766779025176	1.656937634092773e-05	0.017760471483397385
162.93437325836496	0.00028047349088064456	0.04132153881587236	0.007181349010680078	1.6595007084386744e-05	0.017754459485618018
162.9902958089028	0.00028093444971004025	0.04205415822243184	0.007178931243790677	1.6620615613485925e-05	0.017748447487327075
163.04621835944062	0.00028139540853943594	0.04279028515015463	0.007176513478356789	1.6646201935326374e-05	0.017742435488524742
163.10214090997846	0.0002818563673688316	0.043529827222092234	0.0071740957143782225	1.6671766055468802e-05	0.0177364234892112
163.15806346051627	0.0002823173261982273	0.044272692061574824	0.0071716779518547985	1.6697307981286327e-05	0.017730411489386644
163.2139860110541	0.000282778285027623	0.04501878729220701	0.007169260190786332	1.672282771898573e-05	0.017724399489051242
163.26990856159193	0.0002832392438570187	0.04576802053786058	0.007166842431172632	1.6748325274358297e-05	0.01771838748820519
163.32583111212978	0.00028370020268641443	0.04652029942266772	0.007164424673013516	1.6773800653520656e-05	0.017712375486848675
163.3817536626676	0.0002841611615158101	0.04727553157101637	0.0071620069163087965	1.6799253861074228e-05	0.017706363484981887
163.43767621320708	0.00028409746591290296	0.04803352503943902	0.007159588665833868	1.6809171951544604e-05	0.01770035166384844
163.49359876374672	0.00028399109989011347	0.048794278940205445	0.007157170374768729	1.6817793660349113e-05	0.017694339857594818
163.54952131428635	0.000283884733867324	0.04955770899713946	0.007154752083321219	1.682638026270562e-05	0.017688328051505706
163.605443864826	0.0002837783678445345	0.05032372283551003	0.007152333791491378	1.6834931848368625e-05	0.017682316245581076
163.6613664153656	0.000283672001821745	0.05109222808061886	0.007149915499279255	1.684344850923154e-05	0.017676304439820868
163.71728896590525	0.0002835656357989556	0.05186313235779882	0.007147497206684884	1.685193033347854e-05	0.017670292634225045
163.77321151644486	0.00028345926977616604	0.05263634329240598	0.007145078913708314	1.6860377410707376e-05	0.017664280828793583
163.8291340669845	0.0002833529037533766	0.0534117685098219	0.0071426606203495845	1.6868789829374198e-05	0.01765826902352641
163.88505661752413	0.00028324653773058713	0.054189315635446184	0.007140242326608741	1.6877167678618106e-05	0.017652257218423506
163.94097916806376	0.0002831401717077977	0.054968892294695544	0.007137824032485824	1.6885511046079246e-05	0.017646245413484817
163.99690171860337	0.00028303380568500816	0.05575040611300025	0.007135405737980879	1.6893820019358557e-05	0.017640233608710303
164.052824269143	0.00028292743966221867	0.05653377701004197	0.0071335684471560456	1.6917081415503578e-05	0.0176350141619129
164.10874681968264	0.00028282107363942924	0.05731898299180743	0.007131765233375302	1.6941128458951625e-05	0.017629841189169146
164.16466937022227	0.00028271470761663975	0.05810601920259498	0.00712996201923308	1.69650809134472e-05	0.01762466821662403
164.2205919207619	0.0002826528788132408	0.058894889232759956	0.007128158847735663	1.6990277782526644e-05	0.01761949522851778
164.27651447130154	0.000282758681305734	0.059685611563095355	0.007126355838100157	1.7020431276219066e-05	0.017614322181134966
164.33243702184114	0.00028286448379822714	0.0604781495590661	0.007124552828689247	1.705051174834757e-05	0.01760914913368953
164.38835957238078	0.0002829702862907202	0.061272498367923145	0.007122749819502851	1.7080519558313706e-05	0.01760397608618155
164.4442821229204	0.00028307608878321336	0.062068653136919755	0.007120946810540896	1.7110455065309088e-05	0.017598803038611104
164.50020467346005	0.00028318189127570653	0.06286660901331065	0.007119143801803309	1.714031862334751e-05	0.017593629990978257
164.55612722399968	0.0002832876937681997	0.06366636114434938	0.007117340793290008	1.7170110582748626e-05	0.017588456943283096
164.6120497745393	0.0002833934962606928	0.06446790467728586	0.007115537785000926	1.7199831292307613e-05	0.01758328389552569
164.66797232507895	0.0002834992987531859	0.06527123475936612	0.007113734776935977	1.72294810961419e-05	0.01757811084770611
164.72389487561856	0.0002836051012456791	0.06607634653782622	0.007111931769095096	1.7259060335861943e-05	0.01757293779982445
164.77981742615822	0.00028371090373817225	0.06688323515989662	0.0071101287614782	1.7288569349902193e-05	0.01756776475188076
164.83573997669782	0.00028381670623066536	0.06769189577279383	0.007108325754085209	1.73180084697084e-05	0.017562591703875148
164.89166252723746	0.0002839225087231585	0.06850232352372516	0.007106522746916061	1.7347378033104042e-05	0.017557418655807656
164.9475850777771	0.00028402831121565164	0.06931451355988287	0.007104719739970666	1.7376678364344076e-05	0.017552245607678384
165.0035076283167	0.0002841341137081448	0.0701284610284441	0.0071029167332489545	1.7405909789930685e-05	0.017547072559487408
165.0594301788563	0.00028426515612031743	0.07094416585733637	0.0071011137516452764	1.7435846665273052e-05	0.017541899502071166
165.1153527293958	0.0002844151139022987	0.07176162199463197	0.00709931078901715	1.7466298028116073e-05	0.0175367264376835
165.17127527993532	0.00028456507168428006	0.0725808210042107	0.00709750782673408	1.7496684833401762e-05	0.017531553373180346
165.22719783047486	0.00028471502946626135	0.07340175803301395	0.007095704864795958	1.7527007375703828e-05	0.017526380308561795
165.28312038101438	0.0002848649872482427	0.07422442822794525	0.007093901903202682	1.7557265946206045e-05	0.017521207243827983
165.3390429315539	0.000285014945030224	0.07504882673587147	0.007092098941954133	1.758746083240128e-05	0.017516034178979
165.39496548209343	0.0002851649028122053	0.07587494870362009	0.0070902959810502115	1.7617592320532064e-05	0.017510861114014963
165.45088803263297	0.0002853148605941866	0.07670278927797941	0.007088493020490808	1.76476606966312e-05	0.017505688048935972
165.50681058317252	0.0002854648183761679	0.07753234360569637	0.007086690060275816	1.7677666239374515e-05	0.017500514983742138
165.56273313371204	0.00028561477615814926	0.07836360683347682	0.007084887100405122	1.7707609227303505e-05	0.017495341918433577
165.61865568425156	0.00028576473394013055	0.07919657410798538	0.007083084140878628	1.7737489938489586e-05	0.017490168853010378
165.6745782347911	0.00028591469172211184	0.08003124057584426	0.007081281181696219	1.7767308644116064e-05	0.017484995787472663
165.73050078533063	0.0002860646495040932	0.08086760138363118	0.007079478222857791	1.7797065616994296e-05	0.017479822721820536
165.78642333587013	0.0002862146072860745	0.08170565167788102	0.007077675264363237	1.782676112515091e-05	0.01747464965605411
165.8423458864097	0.0002863645650680558	0.08254538660508585	0.007075872306212444	1.7856395434235324e-05	0.017469476590173477
165.89826843694937	0.00028631661786444174	0.0833867639057935	0.0070740691491257895	1.7879790951642032e-05	0.017464303597841523
165.95419098748903	0.0002862351719099069	0.08422980981916632	0.007072265958061535	1.7902062290885756e-05	0.01745913061812538
166.0101135380287	0.00028615372595537213	0.08507452582625341	0.00707046276670513	1.7924254115344442e-05	0.017453957638576705
166.06603608856835	0.00028607228000083736	0.0859209070752093	0.007068659575056629	1.7946366769778608e-05	0.017448784659195443
166.12195863910804	0.0002859908340463026	0.08676894871422883	0.007066856383116093	1.7968400600509076e-05	0.017443611679981524
166.1778811896477	0.00028590938809176775	0.0876186458915454	0.007065053190883582	1.7990355946443638e-05	0.017438438700934897
166.2338037401874	0.000285827942137233	0.08846999375543342	0.007063249998359152	1.8012233146774835e-05	0.01743326572205551
166.28972629072706	0.00028574649618269814	0.08932298745420435	0.007061446805542862	1.8034032536021268e-05	0.017428092743343303
166.34564884126672	0.00028566505022816337	0.09017762213620974	0.007059643612434771	1.8055754447378667e-05	0.01742291976479821
166.4015713918064	0.0002855836042736286	0.09103389294983935	0.007057840419034938	1.807739921273793e-05	0.01741774678642017
166.45749394234608	0.00028550215831909376	0.0918917950435195	0.007056037225343417	1.8098967157110307e-05	0.017412573808209136
166.51341649288574	0.000285420712364559	0.09275132356571555	0.007054234031360271	1.812045860690537e-05	0.017407400830165044
166.5693390434254	0.00028533926641002415	0.09361247366492975	0.007052430837085557	1.8141873884351694e-05	0.01740222785228784
166.6252615939651	0.0002852578204554893	0.09447524048970195	0.007050627642519336	1.8163213311139262e-05	0.01739705487457745
166.68118414450473	0.000285219774731686	0.09533962735404687	0.00704882449219704	1.818586077723705e-05	0.01739188188051109
166.7371066950443	0.00028533838595552405	0.09620565069382071	0.007047021502671333	1.8213437058961257e-05	0.01738670882682383
166.7930292455839	0.00028545699717936205	0.09707327616845761	0.007045218513402481	1.824095465125385e-05	0.017381535773061296
166.84895179612354	0.00028557560840320004	0.09794249892427101	0.007043415524390393	1.8268413790202578e-05	0.017376362719223576
166.90487434666312	0.000285694219627038	0.09881331410753377	0.007041612535634991	1.8295814713838233e-05	0.017371189665310753
166.96079689720273	0.00028581283085087603	0.09968571686448219	0.007039809547136189	1.8323157657269344e-05	0.017366016611322904
167.01671944774233	0.00028593144207471403	0.10055970234131122	0.007038006558893891	1.8350442849168627e-05	0.01736084355726013
167.07264199828194	0.00028605005329855203	0.10143526568417659	0.007036203570908024	1.837767052438787e-05	0.017355670503122513
167.12856454882154	0.00028616866452239	0.10231240203919417	0.007034400583178501	1.8404840910090925e-05	0.017350497448910127
167.18448709936115	0.000286287275746228	0.10319110655243979	0.007032597595705233	1.84319542332034e-05	0.017345324394623066
167.24040964990076	0.000286405886970066	0.10407137436994912	0.007030794608488142	1.8459010719457342e-05	0.017340151340261404
167.29633220044036	0.000286524498193904	0.10495320063771738	0.007028991621527129	1.8486010589896428e-05	0.017334978285825246
167.35225475097997	0.000286643109417742	0.10583658050169929	0.007027188634822129	1.851295407015631e-05	0.01732980523131466
167.40817730151957	0.00028676172064158	0.10672150910780913	0.007025385648373039	1.853984137580749e-05	0.017324632176729738
167.46409985205915	0.000286880331865418	0.1076079816019196	0.007023582662179784	1.856667272735791e-05	0.017319459122070564
167.5200224025985	0.00028680049664341387	0.10849595614140431	0.007021779468531307	1.858701943296949e-05	0.017314286144682736
167.57594495313754	0.0002865237442098355	0.1093854282489224	0.007019976068216559	1.860090492708895e-05	0.017309113244327382
167.63186750367657	0.0002862469917762572	0.11027642980930565	0.007018172667076889	1.861470015342425e-05	0.01730394034437328
167.6877900542156	0.00028597023934267884	0.11116895597462913	0.007016369265112496	1.8628405433939404e-05	0.01729876744482023
167.74371260475465	0.0002856934869091005	0.11206300189707488	0.007014565862323586	1.864202109205276e-05	0.017293594545668017
167.7996351552937	0.00028541673447552216	0.11295856272893212	0.007012762458710348	1.8655547442894937e-05	0.017288421646916456
167.85555770583275	0.00028513998204194387	0.1138556336225953	0.0070109590542729834	1.8668984803414003e-05	0.017283248748565353
167.91148025637182	0.0002848632296083655	0.11475420973056756	0.007009155649011691	1.8682333487983998e-05	0.017278075850614496
167.96740280691085	0.0002845864771747872	0.11565428620545645	0.007007352242926673	1.8695593809056014e-05	0.01727290295306369
168.02332535744986	0.00028430972474120884	0.11655585782288724	0.007005589576581123	1.870853210763662e-05	0.017267963327371724
168.07924790798893	0.0002840329723076305	0.11745890607846024	0.0070038838446288805	1.872106137523233e-05	0.017263349698936083
168.13517045852797	0.00028375621987405215	0.11836339597443242	0.0070021781122335345	1.873351118876541e-05	0.01725873607080426
168.19109300906703	0.00028347946744047386	0.11926929148375841	0.007000472379395241	1.874588180385186e-05	0.017254122442976083
168.24701555960604	0.0002832027150068955	0.12017655657928518	0.006998766646114161	1.8758173473445456e-05	0.01724950881545141
168.3029381101451	0.00028292596257331723	0.12108515523375747	0.006997060912390458	1.8770386449723216e-05	0.017244895188230067
168.35886066068468	0.00028282813712184816	0.12199508425006585	0.0069953553684053635	1.8788464623081715e-05	0.017240281490137763
168.4147832112244	0.0002827592539927333	0.12290627998857817	0.006993649855011005	1.880744449376552e-05	0.01723566778066272
168.4707057617641	0.00028269037086361845	0.12381870110122943	0.006991944341464945	1.882636624653503e-05	0.01723105407130472
168.52662831230379	0.0002826214877345036	0.12473231155714372	0.006990238827767222	1.884523009050127e-05	0.017226440362063705
168.58255086284348	0.00028255260460538875	0.12564707532541922	0.0069885333139178794	1.8864036233082897e-05	0.01722182665293965
168.63847341338314	0.00028248372147627384	0.12656295637512832	0.006986827799916946	1.888278487786807e-05	0.017217212943932518
168.69439596392286	0.000282414838347159	0.12747991867532046	0.006985122285764476	1.8901476233862808e-05	0.017212599235042238
168.75031851446255	0.00028234595521804413	0.12839792619501658	0.006983416771460501	1.892011050042171e-05	0.01720798552626881
168.8062410650022	0.0002822770720889293	0.12931694290321366	0.006981711257005067	1.8938687881106433e-05	0.01720337181761217
168.8621636155419	0.0002822081889598144	0.1302369327688846	0.006980005742398212	1.895720857784567e-05	0.017198758109072274
168.9180861660816	0.0002821393058306996	0.13115785976097516	0.006978300227639974	1.8975672787286413e-05	0.017194144400649095
168.97400871662128	0.0002820704227015847	0.1320796878484062	0.006976594712730401	1.8994080710896447e-05	0.017189530692342588
169.02993126716098	0.00028200153957246986	0.13300238100007336	0.006974889197669519	1.9012432541232924e-05	0.017184916984152712
169.0858538177007	0.00028193265644335506	0.13392590318484698	0.006973183682457386	1.9030728478727542e-05	0.017180303276079417
169.14177636824004	0.0002818012790539066	0.13485020714146542	0.006971478100058707	1.904685699988031e-05	0.01717568959337201
169.1976989187777	0.0002813155325570446	0.13577520453486658	0.006969772137056266	1.905093026352104e-05	0.017171076054168597
169.25362146931528	0.0002808297860601826	0.13670092312437665	0.006968066173322488	1.905490400349021e-05	0.017166462515452053
169.3095440198529	0.00028034403956332064	0.13762732688351284	0.006966360208857655	1.9058778437684016e-05	0.0171618489772221
169.36546657039054	0.0002798582930664587	0.13855437978560384	0.006964654243662053	1.9062553785512024e-05	0.017157235439478412
169.42138912092813	0.00027937254656959666	0.13948204580379048	0.006962948277735973	1.9066230263363095e-05	0.017152621902220742
169.47731167146577	0.0002788868000727347	0.14041028891102955	0.0069612423110797	1.9069808085831224e-05	0.01714800836544878
169.5332342220034	0.00027840105357587275	0.141339073080088	0.006959536343693516	1.9073287464521095e-05	0.017143394829162252
169.589156772541	0.00027791530707901076	0.14226836228354772	0.006957830375577708	1.9076668609874942e-05	0.017138781293360873
169.6450793230786	0.0002774295605821488	0.1431981204938023	0.00695612440673256	1.9079951731182736e-05	0.017134167758044355
169.70100187361624	0.0002769438140852868	0.14412831168306084	0.006954418437158363	1.9083137036893416e-05	0.01712955422321241
169.75692442415385	0.0002764580675884248	0.14505889982334227	0.006952712466855393	1.9086224729808523e-05	0.017124940688864755
169.81284697469144	0.0002759723210915628	0.1459898488864802	0.00695100649582395	1.908921501733334e-05	0.017120327155001107
169.86876952522908	0.0002754865745947009	0.14692112284412226	0.006949300524064305	1.9092108098844084e-05	0.017115713621621172
169.9246920757667	0.0002750008280978389	0.14785268566772658	0.006947594551576753	1.909490417563232e-05	0.017111100088724667
169.98061462630525	0.00027467864799592183	0.14878452991673205	0.006945888755517896	1.9103291729580044e-05	0.017106486489139018
170.03653717684477	0.00027451794219911316	0.14971661902465858	0.006944183133960807	1.911722559432902e-05	0.017101872823507357
170.09245972738427	0.0002743572364023045	0.15064888868108894	0.0069424775121271305	1.913109948722572e-05	0.01709725915807141
170.1483822779238	0.00027419653060549584	0.1515813028544583	0.006940771890016965	1.9144913598601205e-05	0.017092645492831054
170.20430482846325	0.00027403582480868717	0.15251382551313816	0.0069390662676303986	1.9158668115856807e-05	0.01708803182778623
170.26022737900277	0.0002738751190118785	0.15344642062544184	0.006937360644967529	1.9172363227956378e-05	0.017083418162936813
170.31614992954223	0.00027371441321506984	0.1543790521596175	0.006935655022028457	1.9185999123037634e-05	0.017078804498282724
170.37207248008175	0.0002735537074182612	0.15531168408385534	0.006933949398813265	1.9199575983068563e-05	0.017074190833823867
170.42799503062125	0.0002733930016214525	0.15624428036628135	0.006932243775322057	1.9213093995469266e-05	0.01706957716956014
170.48391758116077	0.00027323229582464385	0.15717680497496173	0.006930538151554926	1.922655334299735e-05	0.01706496350549145
170.53984013170026	0.00027307159002783513	0.15810922187789972	0.0069288325275119605	1.9239954206149435e-05	0.017060349841617715
170.59576268223975	0.0002729108842310265	0.15904149504303833	0.006927126903193261	1.92532967679105e-05	0.017055736177938836
170.65168523277927	0.00027275017843421786	0.15997358843825885	0.0069254212785989245	1.92665812096048e-05	0.017051122514454696
170.70760778331874	0.0002725894726374092	0.16090546603137945	0.006923715653729036	1.9279807706778285e-05	0.017046508851165237
170.76353033385826	0.00027242876684060053	0.16183709179015984	0.0069220100285837	1.9292976440434667e-05	0.017041895188070342
170.81945288439562	0.00027194059881079536	0.1627683742463687	0.006920304045095444	1.929447501270675e-05	0.017037281661811836
170.87537543493247	0.00027137004792113803	0.16369931913600982	0.00691859797074046	1.929295167186425e-05	0.01703266817044743
170.93129798546926	0.0002707994970314807	0.16462990440552816	0.00691689189554475	1.9291323257071134e-05	0.017028054679636594
170.9872205360061	0.0002702289461418234	0.16556009402351318	0.006915185819508647	1.9289589919255678e-05	0.017023441189378985
171.0431430865429	0.00026965839525216605	0.16648985195833	0.006913479742632477	1.9287751804940747e-05	0.017018827699674288
171.09906563707975	0.0002690878443625087	0.16741914217812784	0.006911773664916583	1.9285809064189036e-05	0.01701421421052215
171.15498818761654	0.0002685172934728514	0.16834792865083154	0.006910067586361307	1.9283761844137907e-05	0.017009600721922247
171.21091073815336	0.00026794674258319407	0.16927617534414963	0.006908361506966971	1.9281610286074376e-05	0.017004987233874228
171.26683328869018	0.0002673761916935368	0.170203846225568	0.006906655426733918	1.927935453425217e-05	0.017000373746377778
171.322755839227	0.0002668056408038795	0.17113090526235328	0.006904949345662488	1.9276994730316393e-05	0.01699576025943254
171.37867838976382	0.00026623508991422215	0.17205731642155178	0.006903243263753001	1.9274531009795175e-05	0.016991146773038198
171.43460094030064	0.0002656645390245648	0.17298304366998946	0.006901537181005812	1.927196351442016e-05	0.0169865332871944
171.49052349083746	0.00026509398813490755	0.17390805097427217	0.006899831097421247	1.9269292377766632e-05	0.016981919801900818
171.54644604137425	0.00026452343724525017	0.17483230230078528	0.006898125012999637	1.9266517732591406e-05	0.016977306317157118
171.60236859191147	0.00026400815970737367	0.1757557706770147	0.006896418988713792	1.9265656428551492e-05	0.016972692809560336
171.65829114245088	0.0002638201051642087	0.17667846448346156	0.006894713324854802	1.9276657324671303e-05	0.01696807916377642
171.7142136929903	0.00026363205062104384	0.17760029391684282	0.006893007660685551	1.9287601116844042e-05	0.01696346551820811
171.77013624352972	0.0002634439960778789	0.178521222943187	0.0068913019962061495	1.929848796848614e-05	0.016958851872855295
171.82605879406913	0.000263255941534714	0.17944121552845194	0.006889596331416712	1.9309318042397994e-05	0.016954238227717883
171.88198134460853	0.0002630678869915491	0.18036023563852266	0.006887890666317341	1.932009149815167e-05	0.016949624582795746
171.93790389514794	0.00026287983244838414	0.18127824723921163	0.006886185000908159	1.9330808499084728e-05	0.016945010938088773
171.99382644568738	0.0002626917779052192	0.18219521429625954	0.006884479335189263	1.9341469201832887e-05	0.01694039729359687
172.04974899622678	0.00026250372336205426	0.1831111069727257	0.006882624135021173	1.933151953894177e-05	0.01693640559650456
172.1056715467662	0.0002623156688188893	0.1840259300343708	0.006880750378734917	1.9319018056534077e-05	0.016932491079390762
172.16159409730562	0.00026212761427572444	0.18493970025133566	0.0068788766226556474	1.9306518617521125e-05	0.01692857656230132
172.21751664784503	0.0002619395597325595	0.18585243440564622	0.006877002866783381	1.92940212237661e-05	0.01692466204523625
172.27343919838447	0.0002617515051893946	0.18676414927937357	0.00687512911111809	1.9281525870160006e-05	0.01692074752819557
172.32936174892384	0.0002615634506462296	0.18767486165463	0.006873255355659781	1.9269032558852774e-05	0.016916833011179265
172.3852842994633	0.00026137539610306473	0.18858458831357516	0.006871381600408446	1.925654128850722e-05	0.016912918494187343
172.44120685000107	0.00026097662621760333	0.18949331269234712	0.00686950761279669	1.9236288369546185e-05	0.016909004067207543
172.49712940053695	0.00026031914716585173	0.19040104423211138	0.006867633340223128	1.9206492421398232e-05	0.016905089750784776
172.55305195107283	0.0002596616681141001	0.19130784075243398	0.006865759068366706	1.9176680387566733e-05	0.01690117543445376
172.60897450160869	0.0002590041890623485	0.1922137190351173	0.006863884797227406	1.9146852174855956e-05	0.01689726111821452
172.66489705214454	0.0002583467100105968	0.19311869586211516	0.006862010526805201	1.9117007690915135e-05	0.016893346802067083
172.72081960268042	0.0002576892309588452	0.19402278801553172	0.00686013625710008	1.9087146844241264e-05	0.016889432486011456
172.77674215321628	0.0002570317519070935	0.19492601227761983	0.0068582619881120185	1.9057269540081695e-05	0.016885518170047662
172.83266470375213	0.0002563742728553419	0.19582838543078424	0.0068563877198409935	1.9027375682758952e-05	0.01688160385417573
172.88858725428798	0.00025571679380359026	0.19672992425757954	0.006854513452287	1.8997465181827992e-05	0.016877689538395652
172.94450980482387	0.0002550593147518386	0.19763064554071097	0.00685263918545	1.8967537936821657e-05	0.016873775222707475
173.00043235535972	0.000254401835700087	0.19853056606303293	0.0068507649193299885	1.893759385543327e-05	0.016869860907111203
173.0563549058956	0.00025374435664833535	0.1994297026075516	0.0068488906539269385	1.890763283824343e-05	0.01686594659160687
173.11227745643146	0.00025308687759658375	0.2003280719574218	0.006847016389240835	1.887765478929388e-05	0.01686203227619448
173.1682000069673	0.0002524293985448321	0.20122569089594988	0.0068451421252716535	1.8847659610199896e-05	0.01685811796087406
173.22412255750316	0.00025177191949308044	0.20212257620659224	0.0068432678620193805	1.8817647201907504e-05	0.01685420364564563
173.28004510803896	0.00025110834573619233	0.2030187437424767	0.006841393592806914	1.8787389485542364e-05	0.016850289333118565
173.33596765857473	0.00025044310198327793	0.2039142109680473	0.006839519322489276	1.875705133878149e-05	0.016846375021399507
173.3918902091105	0.00024977785823036353	0.20480899492280105	0.00683764505289692	1.872669506073495e-05	0.01684246070977362
173.4478127596463	0.0002491126144774492	0.20570311239080682	0.0068357707840298295	1.8696320546550903e-05	0.016838546398240905
173.50373531018207	0.0002484473707245348	0.20659658015628396	0.006833896515887982	1.866592768915793e-05	0.016834632086801395
173.55965786071783	0.0002477821269716204	0.2074894150036053	0.006832022248471365	1.863551638312032e-05	0.016830717775455105
173.61558041125363	0.00024711688321870604	0.20838163371729576	0.006830147981779943	1.8605086518085816e-05	0.016826803464202063
173.67150296178937	0.00024645163946579164	0.20927325308202982	0.006828273715813718	1.857463798920154e-05	0.016822889153042277
173.72742551232517	0.00024578639571287724	0.21016428988263788	0.0068263994505726525	1.85441706845913e-05	0.016818974841975774
173.78334806286094	0.0002451211519599629	0.21105476090409817	0.006824525186056736	1.851368449458699e-05	0.016815060531002575
173.8392706133967	0.0002444559082070485	0.21194468293154353	0.006822650922265949	1.8483179310541014e-05	0.016811146220122683
173.8951931639325	0.0002437906644541341	0.21283407275025817	0.006820776659200264	1.8452655017929493e-05	0.01680723190933614
173.95111571446824	0.0002431254207012197	0.2137229471456766	0.006818902396859671	1.8422111506526168e-05	0.01680331759864295
174.00703826500404	0.00024246017694830535	0.2146113229033884	0.006817028135244144	1.839154866200503e-05	0.016799403288043153
174.062960815339	0.0002403664958160235	0.21549900626632118	0.006815152320292887	1.8306654521558636e-05	0.016795489590553138
174.11888336385115	0.00022530744045402886	0.21638431961385043	0.00681326240904682	1.771880538332023e-05	0.01679158145841319
174.1748059123633	0.00021024838509203423	0.21726919575537126	0.006811372514153525	1.711148229477442e-05	0.01678767332844757
174.2307284608754	0.00019518932973003962	0.21815365153182262	0.006809482635612565	1.648253233742154e-05	0.01678376520065672
174.28665100938758	0.000180130274368045	0.21903770378758078	0.006807592773423507	1.5829377379993646e-05	0.01677985707504105
174.34257355789973	0.00016507121900605036	0.21992136937045456	0.006805702927585916	1.5148886441869025e-05	0.016775948951601012
174.39849610641187	0.00015001216364405576	0.22080466513168978	0.006803813098099362	1.4437194153844939e-05	0.016772040830337037
174.45441865492404	0.00013495310828206115	0.221687607925968	0.006801923284963407	1.3689434548275886e-05	0.016768132711249557
174.51034120343616	0.00011989405292006652	0.2225702146114046	0.006800033488177628	1.2899336275485591e-05	0.016764224594339006
174.56626375194833	0.00010483499755807189	0.22345250204955328	0.006798143707741581	1.2058579329989751e-05	0.016760316479605807
174.62218630046047	8.977594219607812e-05	0.2243344871054007	0.006796253943654838	1.115571521007064e-05	0.016756408367050404
174.6781088489726	7.471688683408349e-05	0.22521618664737092	0.006794364195916964	1.0174222412682934e-05	0.016752500256673235
174.73403139748473	5.9657831472088875e-05	0.22609761754732302	0.006792474464527532	9.088662238456023e-06	0.016748592148474722
174.78995394599693	4.459877611009426e-05	0.22697879668055404	0.006790584749486099	7.856010868940612e-06	0.016744684042455292
174.84587649450907	2.9539720748099634e-05	0.22785974092579334	0.006788695050792239	6.391726249485301e-06	0.016740775938615397
174.9000151777243	0.009052813626182469	0.229988790880644	0.006796623531922213	0.00011172859915929932	0.01673310560340348
174.95173858592148	0.030313592147609102	0.2337765989281639	0.006817818780856645	0.0002038203302237017	0.016720350732753256
175.00346199411865	0.05157437066903574	0.23752021670344703	0.006838976715063824	0.000265032516536291	0.01670760898387192
175.0551854023158	0.07283514919046236	0.24121943071603302	0.006860097359447607	0.0003139809024956393	0.0166948803318556
175.10690881051298	0.09409592771188899	0.24487403061826446	0.006881180738895018	0.00035576711587979117	0.01668216475181729
175.15863221871018	0.11535670623331563	0.24848380927918876	0.0069022268782762295	0.0003926870578793308	0.016669462218886794
175.21035562690736	0.13661748475474228	0.2520485628572485	0.0069232358024445915	0.00042601038010268635	0.01665677270821077
175.2620790351045	0.15787826327616888	0.25556809087175886	0.0069442075362366375	0.0004565277342160767	0.016644096194952704
175.3138024433017	0.17913904179759552	0.2590421962731694	0.006965142104472073	0.00048477157372232475	0.016631432654292864
175.3655258514989	0.20039982031902218	0.2624706855121067	0.006986039531953805	0.0005111210478360944	0.016618782061428364
175.41724925969604	0.22166059884044878	0.26585336860721176	0.007006899843467951	0.000535857693387859	0.016606144391573072
175.4689726678932	0.24292137736187544	0.26919005921175604	0.007027723063783821	0.0005591975077951396	0.016593519619957683
175.5206960760904	0.264182155883302	0.27248057467904313	0.007048509217653954	0.0005813106072320199	0.01658090772182965
175.57241948428756	0.2854429344047287	0.2757247361266	0.007069258329814107	0.0006023338856380257	0.01656830867245324
175.6241428924847	0.3067037129261553	0.278922368499148	0.007089970424983282	0.0006223795008828675	0.016555722447109424
175.6667101385591	0.34169884487348196	0.2835341193270111	0.007125548419074219	0.0006536291555490273	0.016538032827559043
175.70622938428198	0.38126601404642524	0.2885203589155927	0.007166008555817543	0.0006865320906460714	0.016518685839132553
175.74574863000493	0.42083318321936847	0.2933856738116887	0.007206383893829994	0.0007171793188428498	0.016499389248813945
175.78526787572784	0.4604003523923118	0.2981302514215714	0.007246674510622411	0.0007458565213460919	0.01648014297909239
175.82478712145075	0.4999675215652551	0.3027542936837441	0.0072868804836480885	0.0007727903187231246	0.01646094695251459
175.8643063671737	0.5395346907381984	0.3072580170223998	0.007327001890302816	0.0007981642366370174	0.01644180109168475
175.90382561289658	0.5791018599111417	0.31164165229739127	0.007367038807924913	0.0008221295002515633	0.016422705319264562
175.94334485861953	0.618669029084085	0.31590544475071203	0.007406991313795243	0.0008448125708715711	0.016403659557973155
175.9828641043424	0.6582361982570282	0.32004965394947926	0.007446859485137275	0.0008663205533361727	0.016384663730587067
176.02238335006533	0.6978033674299715	0.32407455354232395	0.007486242581841829	0.0008864007126484809	0.016366049113169526
176.06190259578824	0.7373705366029149	0.3279804293885528	0.007525197048296916	0.0009051955884630817	0.01634774447055204
176.10142184151118	0.7769377057758582	0.3317675842256196	0.007564019675820765	0.0009230351234024635	0.016329497588251522
176.1409410872341	0.8165048749488014	0.33543634139516826	0.007602710857240563	0.0009399821899408877	0.016311308073440788
176.180460332957	0.8560720441217448	0.33898704441453087	0.0076412709844130185	0.0009560925049487949	0.016293175534263137
176.2194895093143	0.8960560726890917	0.34244887231219107	0.007680161733664589	0.0009715927087544194	0.01627496017626279
176.2522054468723	0.9414102245229585	0.34615143250127883	0.007724857715562354	0.0009885130601624277	0.016255014125762225
176.2849213844303	0.9867643763568253	0.3497127544535524	0.007769410917642803	0.0010045255100706411	0.016235140559883444
176.31763732198831	1.0321185281906922	0.3531336155520411	0.007813821772010166	0.0010196828420052943	0.016215339046522233
176.3503532595463	1.0774726800245589	0.3564148091270285	0.007858090709784151	0.0010340324437558353	0.016195609154558883
176.3830691971043	1.1228268318584256	0.35955714402759936	0.007902218161102145	0.0010476170756188888	0.016175950453855996
176.41578513466231	1.1681809836922925	0.3625614441989533	0.007946204555121381	0.0010604755020705101	0.016156362515256345
176.44850107222032	1.2135351355261592	0.36542854826549354	0.007990050320021076	0.001072643015544349	0.016136844910580716
176.48121700977833	1.258889287360026	0.3681593091196839	0.008033755883004607	0.001084151874121583	0.016117397212625728
176.51393294733634	1.3042434391938929	0.3707545935166786	0.00807732167030166	0.0010950316699014238	0.0160980189951617
176.54664888489432	1.3495975910277596	0.373215281674722	0.00812074810717037	0.0011053096410829325	0.016078709832930502
176.57936482245233	1.3949517428616265	0.37554226688131903	0.008164035617899483	0.0011150109379817565	0.016059469301643366
176.61208076001034	1.4403058946954932	0.3777364551051777	0.008207184625810483	0.0011241588510746945	0.016040296977978822
176.64479669756835	1.48566004652936	0.3797987646139208	0.008250195553259744	0.00113277500753191	0.0160211924395805
176.67751263512633	1.5310141983632266	0.3817301255975697	0.008293068821640657	0.001140879541432645	0.01600215526505501
176.70907552747278	1.5771467994094124	0.3835614634572408	0.00833667301431299	0.0011486591781885273	0.015982955822543502
176.73891161523096	1.6244452087500527	0.3853040056079943	0.008381438735596233	0.0011561867691075533	0.015963483860647686
176.76874770298915	1.6717436180906904	0.38691194047284516	0.00842606546397889	0.0011632167435871041	0.015944084036076528
176.7985837907473	1.7190420274313303	0.38838638836362865	0.008470553618878728	0.0011697663944858605	0.015924755929412268
176.82841987850549	1.7663404367719706	0.3897284789862526	0.008514903618797568	0.0011758519510269812	0.01590549912215307
176.8582559662637	1.8136388461126107	0.3909393511381889	0.00855911588132328	0.0011814886737181224	0.01588631319671106
176.88809205402188	1.8609372554532508	0.3920201524109244	0.008603190823131811	0.0011866909384488497	0.01586719773641031
176.91792814178	1.908235664793891	0.3929720388973817	0.008647128859989148	0.0011914723112479684	0.015848152325484838
176.94776422953822	1.9555340741345313	0.39379617490429825	0.008690930406753308	0.0011958456149484633	0.0158291765490766
176.9776003172964	2.0028324834751716	0.39449373266957716	0.008734595877376357	0.0011998229888143393	0.01581026999323355
177.0074364050546	2.0501308928158117	0.3950658920845948	0.008778125684906364	0.0012034159420246256	0.01579143224490761
177.03727249281275	2.097429302156452	0.39551384042147864	0.008821520241489402	0.0012066354017774446	0.01577266289195271
177.06710858057096	2.144727711497092	0.39583877206534607	0.008864779958371503	0.0012094917566671279	0.015753961523122813
177.09694466832914	2.192026120837732	0.39604188825150977	0.008907905245900674	0.0012119948958953803	0.01573532772806992
177.1267807560873	2.239324530178372	0.39612439680764594	0.008950896513528829	0.001214154244799823	0.015716761097342123
177.15576823599704	2.2871437123238163	0.3960962137364017	0.008994337379642193	0.001216024982418264	0.015698124663619622
177.18442744345728	2.3351643483735423	0.39595167374712725	0.009037870069265201	0.0012175785276475196	0.01567950375721526
177.21308665091752	2.383184984423268	0.3956884366699721	0.009081269286931436	0.0012188040933784456	0.015660951123711724
177.24174585837775	2.4312056204729937	0.3953077904085854	0.009124535436916447	0.001219709854647668	0.015642466358833474
177.27040506583796	2.4792262565227197	0.3948110280886197	0.00916766892263003	0.0012203036395963486	0.015624049059170702
177.2990642732982	2.527246892572445	0.3941994478427832	0.009210670146618125	0.0012205929514735431	0.015605698822177466
177.32772348075844	2.575267528622171	0.39347435260049884	0.00925353951056468	0.0012205849888269015	0.015587415246169824
177.35638268821867	2.623288164671897	0.392637049882167	0.009296277415293578	0.0012202866640622888	0.015569197930323892
177.3850418956789	2.671308800721623	0.3916888515980309	0.00933888426077047	0.001219704620532072	0.015551046474674018
177.41370110313915	2.719329436771349	0.390631073851649	0.009381360446104693	0.0012188452482942956	0.015532960480110866
177.44236031059935	2.767350072821075	0.3894650367479708	0.009423706369551126	0.001217714698668201	0.015514939548379559
177.47101951805956	2.8153707088708004	0.3881920642060156	0.009465922428512064	0.0012163188976981852	0.015496983282077803
177.49967872551983	2.8633913449205264	0.3868134837761574	0.009508009019539094	0.001214663558625865	0.015479091284653999
177.52833793298004	2.9114119809702523	0.3853306264620174	0.009549966538334965	0.001212754193459239	0.015461263160405412
177.55698479377023	2.959439943112357	0.38374484529282826	0.009591803582024416	0.001210596132034064	0.015443496784804835
177.58539933893917	3.007605753410852	0.38205768252591843	0.009633666614676026	0.0012081938163723029	0.015425761199638293
177.61381388410814	3.0557715637093463	0.3802700168436619	0.009675401638735544	0.0012055513197304867	0.015408088785184399
177.64222842927705	3.1039373740078413	0.3783832027407798	0.009717009046063462	0.0012026734856049788	0.015390479149582676
177.67064297444603	3.1521031843063363	0.3763985973358227	0.00975848922768522	0.0011995650014149238	0.015372931901807668
177.69905751961494	3.200268994604831	0.3743175602225939	0.009799842573793079	0.0011962304061759331	0.015355446651667135
177.7274720647839	3.248434804903326	0.3721414533260898	0.009841069473747906	0.001192674097677356	0.015338023009800188
177.75588660995285	3.2966006152018204	0.36987164076298235	0.009882170316081072	0.001188900339202624	0.015320660587675469
177.7843011551218	3.3447664255003153	0.3675094887066166	0.009923145488496208	0.001184913265828109	0.015303358997589346
177.81271570029074	3.39293223579881	0.365056365256546	0.009963995377871081	0.0011807168903330365	0.015286117852664049
177.84113024545968	3.441098046097305	0.3625136403125914	0.010004720370259389	0.0011763151087497605	0.015268936766845877
177.86954479062862	3.4892638563957994	0.3598826854534296	0.010045320850892605	0.0011717117055813193	0.015251815354903364
177.89795933579757	3.5374296666942944	0.3571648738197108	0.010085797204181757	0.0011669103587106998	0.015234753232425477
177.9263738809665	3.5855954769927894	0.354361580001703	0.010126149813719282	0.001161914644024221	0.015217750015819778
177.95478842613548	3.633761287291284	0.35147417993146624	0.010166379062280805	0.001156728039769376	0.015200805322310643
177.9833516662039	3.681838538130826	0.3485047174820243	0.010206386796389029	0.001151360534650949	0.015183937505852126
178.01216772411877	3.7297652161412653	0.3454551883080272	0.010246104538984573	0.0011458215274825346	0.015167158760168591
178.0409837820336	3.7776918941517046	0.34232589259119595	0.010285700270061983	0.0011401036485792348	0.0151504365983838
178.06979983994847	3.825618572162144	0.33911819194350823	0.010325174369798443	0.001134209987592696	0.01513377064032056
178.09861589786334	3.8735452501725827	0.33583344883154065	0.010364527217556294	0.0011281435563053248	0.015117160506616528
178.1274319557782	3.921471928183022	0.33247302649426	0.01040375919188483	0.0011219072916702998	0.015100605818722418
178.15624801369304	3.9693986061934607	0.3290382888654706	0.01044287067052212	0.001115504058693486	0.015084106198900158
178.18506407160788	4.0173252842039	0.32553060050091076	0.010462411607348643	0.0011144926062885883	0.015074231683477825
178.21388012952275	4.065251962214339	0.3219513265100079	0.010447587151062835	0.0011232454502656676	0.015075965299211127
178.24269618743762	4.113178640224778	0.318301832492285	0.01043280359969996	0.001132002348985677	0.01507767769009699
178.27151224535245	4.161105318235214	0.31458348447841744	0.01041806088117773	0.0011407631708014471	0.015079368928217703
178.30032830326732	4.2090319962456535	0.3107976488759431	0.010403358923541122	0.0011495277846768023	0.015081039085528282
178.32914436118216	4.256958674256092	0.30694569241963243	0.010388697654962266	0.0011582960601913609	0.015082688233856601
178.35796041909705	4.304885352266532	0.3030289821264998	0.010374077003740333	0.0011670678675447994	0.015084316444903477
178.3867764770119	4.352812030276971	0.2990488852554841	0.01035949689830142	0.001175843077560653	0.01508592379024284
178.41595712123166	4.400516786374897	0.29500963339093617	0.010344961385184459	0.0011845727036607515	0.015087471709337276
178.4452936834922	4.448126635918891	0.2909110070223204	0.010330468055982908	0.0011932843159540665	0.01508898255405144
178.47463024575276	4.495736485462885	0.2867531360118226	0.010316015081884794	0.0012019986349001293	0.015090472946769906
178.5039668080133	4.54334633500688	0.282537363532359	0.010301602391801034	0.0012107155338845698	0.015091942958581765
178.53330337027384	4.5909561845508735	0.27826503283258414	0.010287229914770643	0.0012194348869475236	0.015093392660448
178.56263993253438	4.638566034094867	0.27393748722452244	0.010272897579960643	0.0012281565687844308	0.015094822123201587
178.59197649479495	4.686175883638862	0.26955607007600724	0.010258605316665921	0.0012368804547465302	0.015096231417547634
178.6213130570555	4.733785733182856	0.2651221248079403	0.010244353054309147	0.0012456064208410935	0.015097620614063487
178.65064961931603	4.78139558272685	0.26063699489635267	0.010230140722440613	0.0012543343437314478	0.01509898978319884
178.67998618157657	4.8290054322708444	0.2561020238792925	0.010215968250738151	0.0012630641007367392	0.015100338995275863
178.7093227438371	4.876615281814838	0.251518555368519	0.010201835569007011	0.0012717955698314976	0.015101668320489313
178.73865930609767	4.924225131358832	0.2468879330660107	0.010187742607179725	0.0012805286296450203	0.015102977828906647
178.7679958683582	4.971834980902826	0.24221150078529366	0.010173689295316025	0.0012892631594605215	0.015104267590468139
178.79733243061875	5.019444830446821	0.23749060247757245	0.010159675563602703	0.001297999039214152	0.015105537674987
178.8266871929967	5.067043220866034	0.232726744180145	0.010145701636241655	0.0013067335601195237	0.01510678624761486
178.85693961862694	5.114076426182646	0.22792896461222018	0.010131781649185555	0.0013153412016729444	0.01510792153308861
178.8871920442572	5.16110963149926	0.2230904675881274	0.010117901042104931	0.0013239492912479256	0.015109037714463654
178.91744446988747	5.208142836815872	0.2182125533887014	0.010104059745813476	0.0013325577119119836	0.015110134860926315
178.9476968955177	5.255176042132485	0.21329652259039106	0.01009025769125424	0.0013411663473944931	0.01511121304153354
178.97794932114795	5.302209247449098	0.2083436761235815	0.010076494809499525	0.0013497750820840534	0.015112272325213024
179.0082017467782	5.34924245276571	0.20335531533601175	0.010062771031750756	0.001358383801025829	0.015113312780763341
179.03845417240845	5.396275658082323	0.1983327420612852	0.010049086289338389	0.001366992389918789	0.01511433447685404
179.06870659803872	5.443308863398936	0.19327725869246415	0.01003544051372175	0.0013756007351128589	0.015115337482025785
179.09895902366895	5.490342068715549	0.1881901682607742	0.010021833636488979	0.0013842087236060577	0.015116321864690451
179.12921144929922	5.537375274032161	0.18307277451938592	0.010008265589356852	0.0013928162430415197	0.015117287693131242
179.15946387492946	5.584408479348774	0.17792638203231384	0.00999473630417072	0.0014014231817044993	0.015118235035502827
179.18971630055972	5.631441684665386	0.17275229626839272	0.009981245712904353	0.001410029428519301	0.015119163959831424
179.21996872619	5.678474889982	0.1675518237003758	0.009967793747659846	0.0014186348730461842	0.015120074534014937
179.25022115182023	5.725508095298612	0.16232627190912338	0.009954380340667505	0.0014272394054781938	0.015120966825823073
179.28093787713917	5.772233234212877	0.1570806822423573	0.009941016228716891	0.0014357717088405101	0.01512179275551637
179.31251572770776	5.818387009923387	0.15181892784770754	0.009927710538412802	0.0014441702935051746	0.015122511612966417
179.34409357827636	5.8645407856338965	0.14653504430329936	0.00991444314472441	0.0014525668690694854	0.015123212942278485
179.37567142884495	5.910694561344406	0.14123027890011647	0.009901213980898957	0.0014609613296329373	0.015123896810205326
179.40724927941355	5.9568483370549155	0.13590588064888456	0.009888022980314921	0.0014693535699194199	0.015124563283368461
179.43882712998214	6.003002112765426	0.13056310042447813	0.0098748700764819	0.001477743485273369	0.015125212428258298
179.47040498055074	6.049155888475934	0.12520319111587888	0.009861755203040489	0.0014861309716559191	0.015125844311234241
179.50198283111934	6.095309664186444	0.11982740778171452	0.009848678293762167	0.0014945159256410283	0.015126458998524807
179.53356068168796	6.141463439896954	0.11443700781141243	0.009835639282549184	0.0015028982444116378	0.015127056556227743
179.56513853225653	6.187617215607463	0.10903325109203053	0.009822638103434448	0.0015112778257558319	0.015127637050310153
179.59671638282515	6.233770991317973	0.10361740018080697	0.009809674690581388	0.001519654568062993	0.015128200546608593
179.62829423339372	6.279924767028483	0.09819072048359542	0.009796748978283884	0.0015280283703199761	0.015128747110829205
179.65987208396234	6.326078542738992	0.09275448043926002	0.009783860900966087	0.001536399132107283	0.01512927680854781
179.6914499345309	6.372232318449501	0.0873099517103553	0.009771010393182377	0.001544766753595264	0.015129789705210053
179.72302778509953	6.418386094160011	0.08185840938035573	0.009758197389617182	0.0015531311355403022	0.015130285866131486
179.75605206814862	6.463498861517448	0.07640974094043759	0.009745471231025158	0.0015612480315708819	0.015130615406803336
179.78978985582563	6.508098114218913	0.070958860627372	0.009732806582807108	0.0015692400565894028	0.015130855170791642
179.82352764350264	6.552697366920375	0.06550231496737174	0.009720178963759488	0.0015772273528449777	0.0151310793473012
179.85726543117966	6.59729661962184	0.06004128650168012	0.009707588310704354	0.0015852098267934039	0.015131287999509961
179.8910032188567	6.641895872323305	0.054576962532917384	0.00969503456059763	0.0015931873854512582	0.015131481190461985
179.92474100653368	6.68649512502477	0.04911053542337708	0.009682517650529021	0.0016011599363918542	0.015131658983067594
179.9584787942107	6.731094377726234	0.04364320293759463	0.009670037517721856	0.001609127387741316	0.015131821440103438
179.99221658188776	6.7756936304277	0.03817616866749634	0.009657594099533012	0.0016170896481746103	0.015131968624212636
180.02595436956477	6.820292883129165	0.032710639227715665	0.009644976882818073	0.0016251653852115521	0.01513232172722785
180.05969215724178	6.86489213583063	0.02724780005319033	0.009632359835455205	0.0016332732134165231	0.015132723764196698
180.0934299449188	6.9094913885320945	0.021788829322233305	0.00961980950395762	0.001641377637291541	0.015133108175489123
180.1271677325958	6.9540906412335595	0.016334916161158005	0.009607325844027272	0.001649478532187319	0.015133475005403163
180.16090552027282	6.998689893935024	0.010887282336212618	0.009594908811242465	0.001657575773831473	0.015133824298360517
180.19464330794986	7.043289146636489	0.005447334499401792	0.009582558361057975	0.001665669238325718	0.015134156098906408
180.22838109562687	7.087888399337957	0.00010105580369566419	0.009570274448805122	0.0016737588021430313	0.01513447045170952
