Q20	Q30	EHFB	M22	M23	M33
156.0	0.0	0.0001	0.007584999999999998	2.4009802127666643e-08	0.01856
156.10370711067998	0.0	0.00020695926003458885	0.007577818282585384	2.3688435858081016e-08	0.01854729587894173
156.20741422135995	0.0	0.0003557671915994295	0.00757063656517077	2.336329113852381e-08	0.018534591757883457
156.31112133203996	0.0	0.0004907635555596026	0.007563454847756159	2.3034786275776913e-08	0.018521887636825177
156.4148284427199	0.0	0.0006064134659335042	0.007556273130341552	2.270159977835841e-08	0.018509183515766907
156.51853555339994	0.0	0.0007013071389348744	0.007549091412926939	2.2364118654246457e-08	0.018496479394708623
156.6222426640799	0.0	0.0007748209548586142	0.007541909695512334	2.2022144954483173e-08	0.01848377527365035
156.7259497747599	0.0	0.000826566939737785	0.007534727978097726	2.167546552473821e-08	0.018471071152592066
156.82965688543987	0.0	0.0008562495418538523	0.0075275462606831205	2.1323850325561396e-08	0.018458367031533782
156.93336399611985	0.0	0.0008636183088839524	0.00752036454326852	2.096768252972056e-08	0.0184456629104755
157.03707110679983	0.0	0.0008484513075493059	0.0075131828258539176	2.0605438673798085e-08	0.018432958789417215
157.1407782174798	0.0	0.000810552430396467	0.007506001108439317	2.0237447408634778e-08	0.018420254668358928
157.24448532815978	0.0	0.0007497602848652485	0.007498819391024718	1.9863388740901064e-08	0.018407550547300644
157.3481924388398	0.0	0.000665977202615019	0.007491637673610118	1.9482912628160443e-08	0.018394846426242353
157.45189954951977	0.0	0.000559253264041822	0.00748445595619552	1.909563488870129e-08	0.018382142305184066
157.55560666019974	0.0	0.0004300742884509313	0.007477274238780928	1.870183667516798e-08	0.018369438184125772
157.65931377087975	0.0	0.0002807638468803826	0.007470092521366332	1.829965624281026e-08	0.018356734063067474
157.76302088155973	0.0	0.00012946028677234326	0.007462910803951739	1.78892646589283e-08	0.01834402994200918
157.8667279922397	0.0	0.00015799888947726117	0.007455729086537148	1.7470082624112537e-08	0.018331325820950886
157.97043510291968	0.0	0.00036544675298374324	0.007448547369122559	1.7041460816069394e-08	0.018318621699892595
158.07414221359966	0.0	0.0006137161928462884	0.0074413656517079724	1.660345677790813e-08	0.01830591757883429
158.17784932427963	0.0	0.0008902224475158881	0.0074341839342933844	1.6153683446793232e-08	0.018293213457775993
158.28155643495964	0.0	0.0011931331815638177	0.007427002216878797	1.5691964075565197e-08	0.018280509336717692
158.38526354563965	0.0	0.0015220594160697996	0.007419820499464212	1.5217210568857064e-08	0.018267805215659384
158.4889706563196	0.0	0.001876976093561137	0.007412638782049631	1.4728161776532487e-08	0.018255101094601083
158.5926777669996	0.0	0.002257984327113354	0.007405457064635046	1.4223342419324366e-08	0.01824239697354278
158.69638487767958	0.0	0.002665238333821146	0.007398275347220466	1.3701008570687195e-08	0.018229692852484474
158.80009198835955	0.0	0.0030989178294111683	0.007391093629805887	1.315907389286876e-08	0.01821698873142617
158.90379909903953	0.0	0.0035592160044248923	0.007383911912391312	1.2596039608822227e-08	0.018204284610367858
159.00750620971954	0.0	0.004046333709609998	0.007376730194976732	1.200677130008204e-08	0.018191580489309543
159.1112133203995	0.0	0.004560476408469276	0.007369548477562161	1.1388338623139449e-08	0.01817887636825124
159.21492043107946	0.0	0.0051018524746566	0.00736236676014759	1.0736908659634264e-08	0.018166172247192924
159.31862754175944	0.0	0.0056706721898807525	0.007355185042733017	1.0043481765330577e-08	0.018153468126134612
159.42233465243942	0.0	0.006267147128020783	0.007348003325318446	9.300060936531724e-09	0.018140764005076297
159.5260417631194	0.0	0.006891489762511193	0.007340821607903876	8.493527388284975e-09	0.01812805988401798
159.62974887379937	0.0	0.007543913208101573	0.007333639890489308	7.60382310155555e-09	0.01811535576295966
159.73345598447935	0.0	0.008224631046334432	0.007326458173074741	6.597383253078674e-09	0.01810265164190134
159.83716309515933	0.0	0.008933857204772423	0.007319276455660176	5.409436676077959e-09	0.018089947520843024
159.9408702058393	0.0	0.009671805871655876	0.007312094738245614	3.8798780683322016e-09	0.018077243399784698
160.0445773165193	0.0	0.010438680786226085	0.007306072031060543	3.0079377068412865e-09	0.01806520793847417
160.14828442719926	0.0	0.011234336489685944	0.0073015866985236474	3.737041426500297e-09	0.01805405942407606
160.25199153787926	0.0	0.012058208005848286	0.007297101365986746	4.3411312971964585e-09	0.018042910909677953
160.35569864855924	0.0	0.01290970559033647	0.007292616033449846	4.869623307493496e-09	0.018031762395279847
160.45940575923922	0.0	0.013788239567823346	0.007288130700912945	5.34499023134625e-09	0.018020613880881744
160.5631128699192	0.0	0.014693220320382715	0.007283645368376046	5.782563895989497e-09	0.018009465366483634
160.6668199805992	0.0	0.015624058277947786	0.007279160035839142	6.186234330345498e-09	0.017998316852085527
160.77052709127918	0.0	0.016580163910482327	0.0072746747033022394	6.564210407983449e-09	0.01798716833768742
160.87423420195915	0.0	0.01756094772154747	0.007270189370765337	6.920704139020238e-09	0.01797601982328932
160.97794131263913	0.0	0.018565820242997706	0.007265704038228434	7.260632680170794e-09	0.01796487130889121
161.0816484233191	0.0	0.019594192030598347	0.007261218705691531	7.582870530207633e-09	0.017953722794493112
161.18535553399911	0.0	0.02064547366039235	0.007256733373154624	7.891199044589525e-09	0.01794257428009501
161.2890626446791	0.0	0.021719075725677175	0.007252248040617721	8.188736893140671e-09	0.017931425765696903
161.3927697553591	0.0	0.022814408834485222	0.007247762708080814	8.473631319273272e-09	0.017920277251298803
161.49647686603907	0.0	0.023930883607470217	0.007243277375543908	8.748567642730894e-09	0.017909128736900704
161.60018397671905	0.0	0.025067910676135913	0.007238792043007003	9.015856904645554e-09	0.0178979802225026
161.703891087399	0.0	0.026224900681339862	0.007234306710470095	9.273438985643527e-09	0.0178868317081045
161.807598198079	0.0	0.02740126427203151	0.0072298213779331865	9.523428566599131e-09	0.017875683193706405
161.91130530875898	0.0	0.028596412104176936	0.00722533604539628	9.767695938407989e-09	0.017864534679308302
162.01501241943896	0.0	0.029809754839849708	0.00722085071285937	1.0004147125231969e-08	0.017853386164910206
162.11871953011897	0.0	0.031040703146450997	0.007216365380322459	1.0234553997185628e-08	0.017842237650512106
162.22242664079894	0.0	0.03228866769604173	0.0072118800477855485	1.0459316550181821e-08	0.01783108913611401
162.32613375147892	0.0	0.03355305916477228	0.0072073947152486405	1.0679962572612925e-08	0.017819940621715914
162.4298408621589	0.0	0.03483328823238806	0.007202909382711728	1.0894445967691817e-08	0.017808792107317818
162.53354797283887	0.0	0.03612876558180423	0.007198424050174816	1.1104251915538896e-08	0.017797643592919722
162.63725508351888	0.0	0.037438901898737525	0.007193938717637901	1.130964123358662e-08	0.017786495078521626
162.74096219419886	0.0	0.038763107871384775	0.00718945338510099	1.1511931614503416e-08	0.01777534656412353
162.84466930487883	0.0	0.040100794190146664	0.007184968052564075	1.170915793044718e-08	0.01776419804972544
162.9483764155588	0.0	0.04145137154738338	0.007180482720027162	1.1902619033804152e-08	0.01775304953532735
163.05208352623882	0.0	0.042814250637202775	0.007175997387490247	1.2093521023771012e-08	0.017741901020929252
163.1557906369188	0.0	0.04418884215527267	0.0071715120549533315	1.2279963956586526e-08	0.01773075250653116
163.25949774759877	0.0	0.04557455679865947	0.007167026722416417	1.2463144193620664e-08	0.017719603992133067
163.36320485827875	0.0	0.04697080526568253	0.007162541389879499	1.2643203996526824e-08	0.017708455477734978
163.46691196895875	0.0	0.04837699825578788	0.007158056057342582	1.2821237154714143e-08	0.017697306963336882
163.57061907963873	0.0	0.04979254646943409	0.007153570724805665	1.2995428441675034e-08	0.017686158448938796
163.6743261903187	0.0	0.05121686060799515	0.007149085392268746	1.316686857956503e-08	0.017675009934540707
163.7780333009987	0.0	0.052649351373670404	0.007144600059731829	1.3336585290702085e-08	0.017663861420142618
163.88174041167866	0.0	0.05408942946940636	0.00714011472719491	1.3502823297665088e-08	0.017652712905744532
163.98544752235864	0.0	0.0555365055988266	0.0071356293946579896	1.366661005209414e-08	0.01764156439134644
164.08915463303862	0.0	0.05699004960708444	0.0071321247630844985	1.3535083284862398e-08	0.017631753196443934
164.1928617437186	0.0	0.05844989345601175	0.007128780208765057	1.3351469424885344e-08	0.017622160288706046
164.29656885439857	0.0	0.05991600610671826	0.007125435654445618	1.316665402531525e-08	0.01761256738096816
164.40027596507855	0.0	0.06138835677810878	0.007122091100126182	1.2980582015903978e-08	0.01760297447323027
164.50398307575853	0.0	0.0628669146896224	0.007118746545806743	1.2790337973917362e-08	0.01759338156549238
164.6076901864385	0.0	0.06435164906117762	0.007115401991487307	1.259960251707003e-08	0.01758378865775449
164.71139729711848	0.0	0.06584252911312373	0.007112057437167871	1.240540716512266e-08	0.017574195750016598
164.81510440779846	0.0	0.06733952406619831	0.0071087128828484355	1.2208584185666332e-08	0.017564602842278707
164.91881151847846	0.0	0.06884260314148992	0.007105368328528999	1.2009003966170157e-08	0.017555009934540813
165.02251862915844	0.0	0.07035173556040294	0.0071020237742095635	1.1806526257485698e-08	0.01754541702680292
165.12622573983842	0.0	0.0718668905446306	0.007098679219890131	1.1602041374903256e-08	0.017535824119065024
165.2299328505184	0.0	0.0733880373161268	0.007095334665570695	1.1392256450976009e-08	0.017526231211327133
165.3336399611984	0.0	0.0749151450970834	0.00709199011125126	1.1180118328453186e-08	0.017516638303589238
165.43734707187838	0.0	0.07644818310990774	0.007088645556931832	1.0965486019902775e-08	0.01750704539585134
165.54105418255836	0.0	0.07798712057720603	0.007085301002612401	1.0747085711972989e-08	0.017497452488113446
165.64476129323833	0.0	0.07953192672176496	0.0070819564482929665	1.0522397617223299e-08	0.01748785958037555
165.7484684039183	0.0	0.08108257076653683	0.007078611893973538	1.0295683894577654e-08	0.017478266672637653
165.8521755145983	0.0	0.0826390219346259	0.007075267339654108	1.0063223946238636e-08	0.01746867376489976
165.9558826252783	0.0	0.08420124944927648	0.007071922785334677	9.825832954485045e-09	0.017459080857161857
166.05958973595827	0.0	0.08576922253385999	0.007068578231015248	9.583143953953918e-09	0.017449487949423956
166.16329684663825	0.0	0.08734291041186748	0.007065233676695817	9.334743198593376e-09	0.01743989504168606
166.26700395731825	0.0	0.0889222823068991	0.0070618891223763886	9.080161391029705e-09	0.01743030213394816
166.3707110679982	0.0	0.09050730744265413	0.0070585445680569625	8.818862679838265e-09	0.017420709226210265
166.4744181786782	0.0	0.09209795504292805	0.007055200013737534	8.550230688878225e-09	0.01741111631847236
166.57812528935818	0.0	0.09369419433159965	0.007051855459418106	8.273550537826927e-09	0.017401523410734462
166.68183240003816	0.0	0.09529599453262952	0.00704851090509868	7.987985352135078e-09	0.01739193050299656
166.78553951071817	0.0	0.0969033248700524	0.007045166350779255	7.694087102623897e-09	0.017382337595258653
166.88924662139812	0.0	0.09851615456797039	0.007041821796459831	7.387648125168863e-09	0.017372744687520755
166.99295373207812	0.0	0.10013445285055275	0.007038477242140408	7.070391140776249e-09	0.017363151779782846
167.0966608427581	0.0	0.1017581889420254	0.007035132687820981	6.735518941255481e-09	0.017353558872044945
167.20036795343808	0.0	0.10338733206667171	0.007031788133501557	6.385820036822055e-09	0.017343965964307043
167.30407506411805	0.0	0.10502185144882654	0.007028443579182137	6.018702636890213e-09	0.01733437305656914
167.40778217479806	0.0	0.10666171631287377	0.007025099024862711	5.624473803026277e-09	0.017324780148831233
167.51148928547804	0.0	0.10830689588324109	0.007021754470543291	5.206029019651331e-09	0.017315187241093325
167.615196396158	0.0	0.10995735938440009	0.007018409916223869	4.749547711244546e-09	0.01730559433335542
167.718903506838	0.0	0.11161307604086147	0.007015065361904449	4.245544341021241e-09	0.017296001425617512
167.82261061751797	0.0	0.1132740150771733	0.007011720807585028	3.674514666901784e-09	0.017286408517879603
167.92631772819797	0.0	0.11494014571791883	0.0070083762532656075	2.998404130823885e-09	0.017276815610141695
168.03002483887792	0.0	0.11661143638204567	0.007005084242414222	2.4082220553261457e-09	0.01726752295079257
168.1337319495579	0.0	0.1182877875212245	0.007001921175538485	2.411804420891901e-09	0.017258967114161475
168.2374390602379	0.0	0.11996898106673856	0.0069987581086627445	2.410536384654699e-09	0.017250411277530377
168.34114617091785	0.0	0.12165478704288998	0.006995595041787005	2.409268348417496e-09	0.017241855440899276
168.44485328159786	0.0	0.12334497547400279	0.006992431974911264	2.408000312180294e-09	0.017233299604268178
168.54856039227786	0.0	0.12503931638441634	0.006989268908035525	2.4115602291923585e-09	0.017224743767637076
168.65226750295784	0.0	0.12673757979848768	0.006986105841159786	2.4151054175853368e-09	0.017216187931005975
168.75597461363782	0.0	0.1284395357405911	0.006982942774284045	2.40901906930567e-09	0.017207632094374883
168.8596817243178	0.0	0.1301449542351164	0.006979779707408307	2.4125591804510557e-09	0.017199076257743782
168.96338883499777	0.0	0.1318536053064682	0.006976616640532567	2.4112860618839163e-09	0.017190520421112687
169.06709594567775	0.0	0.1335652589790657	0.006973453573656829	2.4148089937188486e-09	0.017181964584481586
169.17080305635773	0.0	0.13527968527734177	0.006970290506781088	2.413533341579915e-09	0.017173408747850488
169.2745101670377	0.0	0.13699665422574256	0.006967127439905348	2.4122576894409805e-09	0.01716485291121939
169.3782172777177	0.0	0.1387159358487273	0.006963964373029612	2.4205305183816372e-09	0.017156297074588288
169.4819243883977	0.0	0.14043730017076586	0.0069608013061538705	2.4144828147958857e-09	0.017147741237957193
169.58563149907766	0.0	0.1421605172163412	0.0069576382392781315	2.4179691098888683e-09	0.01713918540132609
169.68933860975764	0.0	0.14388535700994684	0.006954475172402391	2.416688405642484e-09	0.017130629564694997
169.79304572043765	0.0	0.1456115895760875	0.00695131210552665	2.415407701396099e-09	0.017122073728063895
169.89675283111762	0.0	0.14733898493927666	0.00694814903865091	2.4141269971497156e-09	0.0171135178914328
170.0004599417976	0.0	0.14906731312403887	0.006944985971775173	2.417591324611239e-09	0.0171049620548017
170.1041670524776	0.0	0.15079634415490828	0.0069418229048994326	2.421041324918755e-09	0.0170964062181706
170.2078741631576	0.0	0.15252584805642697	0.006938659838023693	2.4197555884162597e-09	0.0170878503815395
170.31158127383756	0.0	0.1542555948531452	0.006935496771147952	2.418469851913766e-09	0.017079294544908405
170.41528838451754	0.0	0.15598535456962387	0.006932333704272213	2.4171841154112717e-09	0.017070738708277307
170.51899549519754	0.0	0.15771489723043045	0.006929170637396474	2.420612331447623e-09	0.017062182871646202
170.62270260587752	0.0	0.15944399286013908	0.006926007570520737	2.4240263726197944e-09	0.0170536270350151
170.7264097165575	0.0	0.1611724114833327	0.0069228445036449955	2.4227356234803465e-09	0.017045071198384006
170.83011682723748	0.0	0.16289992312460075	0.006919681436769256	2.421444874340899e-09	0.01703651536175291
170.93382393791748	0.0	0.16462629780854	0.006916518369893515	2.4201541252014506e-09	0.01702795952512181
171.0375310485975	0.0	0.16635130555975267	0.006913355303017776	2.4235465622007454e-09	0.017019403688490708
171.14123815927746	0.0	0.16807471640284732	0.0069101922361420355	2.422253314028678e-09	0.01701084785185961
171.24494526995738	0.0	0.16979630036243853	0.006907029169266299	2.4256292313628315e-09	0.017002292015228515
171.34865238063736	0.0	0.17151582746314906	0.006903866102390559	2.424333488977893e-09	0.016993736178597417
171.45235949131737	0.0	0.17323306772960473	0.00690070303551482	2.4230377465929548e-09	0.01698518034196632
171.55606660199732	0.0	0.1749477911864358	0.006897539968639079	2.4217420042080173e-09	0.016976624505335228
171.65977371267735	0.0	0.1766597678582817	0.006894376901763339	2.425096499081915e-09	0.01696806866870412
171.7634808233573	0.0	0.1783687677697813	0.006891213834887604	2.428437119878378e-09	0.016959512832073025
171.8671879340373	0.0	0.18007456094558358	0.0068880507680118596	2.4225000354702357e-09	0.016950956995441926
171.97089504471728	0.0	0.1817769174103385	0.006884887701136121	2.425835686953803e-09	0.01694240115881082
172.07460215539726	0.0	0.18347562810292478	0.006881500827794189	2.5111978018376714e-09	0.01693477784912219
172.17830926607724	0.0	0.18517068587320482	0.006878026639586411	2.6280859673721392e-09	0.016927518351374595
172.2820163767572	0.0	0.18686219660837114	0.006874552451378634	2.7439123390681008e-09	0.016920258853626996
172.38572348743722	0.0	0.18855026743752917	0.006871078263170855	2.850954129098051e-09	0.016912999355879393
172.4894305981172	0.0	0.19023500548978997	0.006867604074963076	2.9539659314614025e-09	0.016905739858131794
172.59313770879714	0.0	0.19191651789427192	0.006864129886755299	3.0533557398289733e-09	0.016898480360384195
172.69684481947715	0.0	0.19359491178010113	0.006860655698547519	3.149466559716602e-09	0.016891220862636596
172.80055193015716	0.0	0.19527029427640724	0.0068571815103397405	3.2460304675571347e-09	0.016883961364888993
172.9042590408371	0.0	0.1969427725123255	0.0068537073221319605	3.332976703704218e-09	0.016876701867141398
173.0079661515171	0.0	0.19861245361699925	0.00685023313392418	3.4208435360452673e-09	0.0168694423693938
173.1116732621971	0.0	0.2002794447195737	0.0068467589457164016	3.5063800617659362e-09	0.0168621828716462
173.21538037287706	0.0	0.20194385294920073	0.0068432847575086225	3.5897529359542607e-09	0.016854923373898604
173.319087483557	0.0	0.2036057854350357	0.006839810569300845	3.6711096448412513e-09	0.016847663876151005
173.42279459423702	0.0	0.20526534930624052	0.006836336381093066	3.753542837431419e-09	0.016840404378403402
173.526501704917	0.0	0.20692265169197818	0.006832862192885286	3.828285842443675e-09	0.016833144880655806
173.63020881559697	0.0	0.20857779972141763	0.006829388004677508	3.907168925768669e-09	0.016825885382908204
173.73391592627695	0.0	0.2102309005237311	0.006825913816469726	3.978804426194345e-09	0.016818625885160608
173.83762303695693	0.0	0.21188206122809447	0.00682243962826195	4.054533510418928e-09	0.01681136638741301
173.9413301476369	0.0	0.21353138896368698	0.006818965440054171	4.1260786690777755e-09	0.016804106889665413
174.04503725831688	0.0	0.2151789908596912	0.006815491251846391	4.196296804757174e-09	0.01679684739191781
174.1487443689969	0.0	0.21682497404529327	0.006812017063638613	4.2678440154005864e-09	0.016789587894170212
174.25245147967686	0.0	0.2184694456496809	0.006808542875430831	4.333009092690358e-09	0.016782328396422613
174.35615859035687	0.0	0.22011251280204688	0.0068050686872230485	4.397110031280678e-09	0.01677506889867502
174.45986570103685	0.0	0.22175428263158428	0.006801594499015271	4.465134811134548e-09	0.016767809400927418
174.56357281171685	0.0	0.22339486226749106	0.006798120310807491	4.529603820698332e-09	0.016760549903179815
174.66727992239683	0.0	0.22503435883896583	0.006794646122599711	4.593070242196318e-09	0.01675329040543222
174.77098703307678	0.0	0.22667287947521036	0.006791171934391934	4.657937770660072e-09	0.01674603090768462
174.87469414375678	0.0	0.22831053130543016	0.006787697746184151	4.717156773428041e-09	0.016738771409937025
174.97840125443673	0.0	0.22994742145882988	0.006784223557976372	4.7778509137492624e-09	0.016731511912189426
175.08210836511674	0.0	0.2315836570646197	0.006780749369768592	4.837691012350931e-09	0.016724252414441827
175.18581547579672	0.0	0.23321934525200885	0.006777275181560812	4.89670843234649e-09	0.01671699291669423
175.2895225864767	0.0	0.2348545931502102	0.006773800993353032	4.954932622218742e-09	0.016709733418946632
175.39322969715667	0.0	0.23648950788843803	0.0067703268051452535	5.014575800583017e-09	0.01670247392119903
175.49693680783668	0.0	0.23812419659590914	0.006766852616937473	5.0712689230814634e-09	0.016695214423451434
175.60064391851665	0.0	0.23975876640184024	0.006763378428729693	5.127248068128223e-09	0.016687954925703834
175.70435102919663	0.0	0.2413933244354513	0.00675990424052191	5.1804275562089224e-09	0.01668069542795624
175.8080581398766	0.0	0.24302797782596358	0.006756430052314132	5.2371559106156076e-09	0.01667343593020864
175.91176525055658	0.0	0.2446628337025996	0.006752955864106352	5.2911272977492234e-09	0.016666176432461044
176.01547236123656	0.0	0.24629799873371486	0.006749377237460224	5.33850758787271e-09	0.016659110339228903
176.11917947191654	0.0	0.247933370805313	0.006745203026255356	5.355889489114203e-09	0.0166531471803648
176.22288658259652	0.0	0.24956830982762632	0.006741028815050486	5.371174145134606e-09	0.016647184021500703
176.3265936932765	0.0	0.25120209023842066	0.006736854603845617	5.3864039151683905e-09	0.016641220862636603
176.43030080395647	0.0	0.25283398647546035	0.006732680392640752	5.4056087929360686e-09	0.016635257703772503
176.53400791463648	0.0	0.254463272976508	0.00672850618143588	5.420717494592943e-09	0.016629294544908402
176.63771502531648	0.0	0.25608922417932356	0.0067243319702310084	5.435772802232998e-09	0.016623331386044302
176.74142213599646	0.0	0.25771111452166534	0.006720157759026141	5.4527699556862e-09	0.016617368227180206
176.8451292466764	0.0	0.2593282184412904	0.006715983547821273	5.46771363239745e-09	0.01661140506831611
176.9488363573564	0.0	0.26093981037595587	0.006711809336616403	5.4845870692115426e-09	0.01660544190945201
177.0525434680364	0.0	0.2625451647634147	0.006707635125411533	5.499421061631624e-09	0.016599478750587912
177.15625057871637	0.0	0.26414355604142037	0.006703460914206663	5.51420392688326e-09	0.016593515591723812
177.25995768939637	0.0	0.26573425864772526	0.006699286703001796	5.5328614858720996e-09	0.01658755243285971
177.36366480007632	0.0	0.26731654702007884	0.006695112491796928	5.547531525803775e-09	0.01658158927399561
177.46737191075633	0.0	0.2688896955962325	0.006690938280592057	5.5621517584187035e-09	0.016575626115131515
177.5710790214363	0.0	0.270452978813934	0.006686764069387189	5.578666703572283e-09	0.01656966295626741
177.67478613211628	0.0	0.2720056711109316	0.006682589858182319	5.593182751072402e-09	0.016563699797403315
177.77849324279626	0.0	0.2735470469249727	0.006678415646977452	5.609582213116434e-09	0.016557736638539215
177.88220035347624	0.0	0.2750763806938038	0.0066742414357725795	5.623995802686711e-09	0.016551773479675118
177.98590746415624	0.0	0.2765929468551714	0.006670067224567712	5.640281692275409e-09	0.016545810320811014
178.08961457483622	0.0	0.2780960198468198	0.006665893013362844	5.65650839397033e-09	0.016539847161946918
178.1933216855162	0.0	0.2795848741064947	0.006661718802157974	5.670768675143814e-09	0.01653388400308282
178.29702879619617	0.0	0.2810587840719403	0.006657544590953103	5.684982334840033e-09	0.016527920844218724
178.40073590687615	0.0	0.2825170241809008	0.006653370379748235	5.701046596193499e-09	0.01652195768535462
178.50444301755613	0.0	0.28395886887112026	0.006649196168543367	5.717053563716784e-09	0.01651599452649052
178.6081501282361	0.0	0.2853835925803422	0.006645021957338497	5.731118794186727e-09	0.016510031367626424
178.7118572389161	0.0	0.28679046974631023	0.006640847746133626	5.7451388651232885e-09	0.016504068208762324
178.8155643495961	0.0	0.2881787748067672	0.006636673534928756	5.7591141092989085e-09	0.016498105049898223
178.91927146027606	0.0	0.2895477821994565	0.00663249932372389	5.776782663864425e-09	0.016492141891034123
179.02297857095604	0.0	0.2908967663621213	0.00662832511251902	5.790658919624741e-09	0.016486178732170027
179.12668568163605	0.0	0.2922250017325053	0.006624150901314149	5.804491399288291e-09	0.01648021557330593
179.23039279231602	0.0	0.293531762748351	0.006619976690109282	5.820133078592906e-09	0.01647425241444183
179.334099902996	0.0	0.2948163238474022	0.006615802478904412	5.835720950822058e-09	0.01646828925557773
179.43780701367598	0.0	0.2960779594674023	0.006611628267699542	5.849413984109303e-09	0.016462326096713633
179.54151412435598	0.0	0.29731594404609546	0.006607454056494674	5.864901064090519e-09	0.01645636293784953
179.64522123503596	0.0	0.29852955202122494	0.0066032798452898035	5.8785045486286356e-09	0.01645039977898543
179.74892834571594	0.0	0.2997180578305354	0.006599105634084933	5.892066197601953e-09	0.016444436620121333
179.85263545639594	0.0	0.3008807359117718	0.006594931422880064	5.907407608649104e-09	0.016438473461257236
179.95634256707592	0.0	0.30201686070267825	0.006590757211675194	5.920881649738717e-09	0.01643251030239314
180.0600496777559	0.0	0.30312575050995594	0.006585246895140255	5.909792492546048e-09	0.016426697267723427
180.16375678843588	0.0	0.3042074378226824	0.006578765200722757	5.8810729182054065e-09	0.016420993376636026
180.26746389911585	0.0	0.30526253604105347	0.0065722835063052615	5.854040862232993e-09	0.016415289485548625
180.37117100979583	0.0	0.3062916754230261	0.0065658018118877615	5.823180944737243e-09	0.01640958559446123
180.4748781204758	0.0	0.30729548622655956	0.006559320117470262	5.794004018894495e-09	0.01640388170337383
180.57858523115578	0.0	0.30827459870961527	0.006552838423052765	5.764670019306816e-09	0.016398177812286436
180.68229234183576	0.0	0.3092296431301565	0.0065463567286352655	5.735176534671177e-09	0.01639247392119903
180.78599945251574	0.0	0.3101612497461486	0.006539875034217768	5.705521090585311e-09	0.016386770030111634
180.88970656319572	0.0	0.3110700488155588	0.00653339333980027	5.675701147207425e-09	0.016381066139024236
180.9934136738757	0.0	0.3119566705963558	0.006526911645382769	5.6438064386655364e-09	0.01637536224793684
181.09712078455567	0.0	0.31282174534651014	0.006520429950965272	5.615557261172299e-09	0.016369658356849438
181.20082789523568	0.0	0.31366590332399386	0.006513948256547771	5.583298955068257e-09	0.01636395446576204
181.30453500591565	0.0	0.31448977478678	0.006507466562130272	5.552783315747905e-09	0.01635825057467464
181.4082421165956	0.0	0.3152939899928433	0.006500984867712777	5.524040146301447e-09	0.016352546683587238
181.51194922727558	0.0	0.3160791792001603	0.006494503173295274	5.4892507817105495e-09	0.016346842792499844
181.61565633795558	0.0	0.3168459726667082	0.006488021478877777	5.460153614843107e-09	0.016341138901412443
181.71936344863556	0.0	0.31759500065046514	0.0064815397844602786	5.4289058525090124e-09	0.016335435010325042
181.82307055931554	0.0	0.3183268934094106	0.0064750580900427785	5.395469182023193e-09	0.016329731119237644
181.92677766999554	0.0	0.31904228120152567	0.0064685763956252775	5.363824049528682e-09	0.016324027228150243
182.03048478067552	0.0	0.3197417942847912	0.00646209470120778	5.331980926267222e-09	0.01631832333706285
182.13419189135553	0.0	0.32042606291719034	0.006455613006790279	5.2999362423138384e-09	0.016312619445975448
182.23789900203548	0.0	0.3210957173567056	0.006449131312372782	5.2676863180099476e-09	0.01630691555488805
182.34160611271548	0.0	0.32175138786132207	0.006442649617955282	5.235227359174955e-09	0.01630121166380065
182.44531322339546	0.0	0.3223937046890242	0.006436167923537784	5.202555452045673e-09	0.01629550777271325
182.54902033407544	0.0	0.3230232980977978	0.0064296862291202865	5.169666557924401e-09	0.016289803881625847
182.6527274447554	0.0	0.32364079834562937	0.006423204534702788	5.136556507514866e-09	0.016284099990538446
182.75643455543542	0.0	0.32424683569050605	0.0064167228402852855	5.101104792885669e-09	0.016278396099451052
182.8601416661154	0.0	0.32484204039041564	0.006410241145867788	5.069655571301824e-09	0.01627269220836365
182.96384877679537	0.0	0.32542704270334644	0.00640375945145029	5.035855638102303e-09	0.016266988317276253
183.06755588747535	0.0	0.3260024728872874	0.00639727775703279	4.999656294520618e-09	0.016261284426188856
183.17126299815533	0.0	0.3265689612002282	0.0063907960626152895	4.9631812969154e-09	0.01625558053510146
183.2749701088353	0.0	0.3271271379001588	0.006384314368197793	4.930809412522084e-09	0.01624987664401406
183.3786772195153	0.0	0.32767763324506993	0.006377832673780293	4.8960062859725214e-09	0.01624417275292666
183.4823843301953	0.0	0.3282210774929525	0.006371350979362791	4.858718619002148e-09	0.01623846886183926
183.58609144087526	0.0	0.3287581009017981	0.0063648692849452935	4.823372448057538e-09	0.01623276497075186
183.6897985515552	0.0	0.3292893337295985	0.0063583875905277995	4.790011819050212e-09	0.016227061079664463
183.79350566223522	0.0	0.3298154062343468	0.006351905896110296	4.751857080990552e-09	0.016221357188577062
183.8972127729152	0.0	0.3303369486740352	0.0063454242016927976	4.7156754005980265e-09	0.01621565329748966
184.0009198835952	0.0	0.3308545913065336	0.006338945036955185	4.702267262997812e-09	0.01620995860523822
184.10462699427518	0.0	0.331368782520246	0.0063327485370920445	6.73671807402331e-09	0.01620529178525763
184.20833410495516	0.0	0.3318792623268377	0.006326552037228899	8.284114145899873e-09	0.016200624965277046
184.31204121563513	0.0	0.33238559829433606	0.006320355537365759	9.587879467333972e-09	0.01619595814529646
184.4157483263151	0.0	0.3328873579907686	0.00631415903750262	1.0735117426540164e-08	0.01619129132531587
184.5194554369951	0.0	0.3333841089841623	0.006307962537639481	1.1771681739579506e-08	0.016186624505335284
184.6231625476751	0.0	0.3338754188425441	0.00630176603777634	1.2723796402355524e-08	0.016181957685354693
184.72686965835504	0.0	0.33436085513394054	0.006295569537913204	1.3610790047458761e-08	0.016177290865374106
184.83057676903505	0.0	0.3348399854263786	0.006289373038050064	1.4443163397036462e-08	0.016172624045393512
184.93428387971503	0.0	0.33531237728788416	0.006283176538186931	1.5232010861483055e-08	0.016167957225412918
185.037990990395	0.0	0.33577759828648374	0.006276980038323794	1.598106371555337e-08	0.016163290405432334
185.14169810107498	0.0	0.3362352159902031	0.0062707835384606565	1.669697811237129e-08	0.016158623585451736
185.24540521175496	0.0	0.3366847979670684	0.006264587038597525	1.7384473415284055e-08	0.016153956765471142
185.34911232243493	0.0	0.33712591178510537	0.006258390538734392	1.80461966050971e-08	0.01614928994549055
185.45281943311494	0.0	0.3375581250123399	0.006252194038871254	1.8684304644980717e-08	0.016144623125509957
185.55652654379492	0.0	0.337981005216797	0.0062459975390081225	1.9301702505885303e-08	0.01613995630552936
185.6602336544749	0.0	0.3383941199665027	0.006239801039144994	1.9901410489164276e-08	0.01613528948554876
185.76394076515487	0.0	0.33879703682948187	0.0062336045392818624	2.0482859793307907e-08	0.016130622665568167
185.86764787583485	0.0	0.3391893233737602	0.0062274080394187315	2.104859645238525e-08	0.016125955845587566
185.97135498651485	0.0	0.33957054716736274	0.0062212115395556015	2.1600358970347438e-08	0.016121289025606965
186.07506209719483	0.0	0.3399402757783146	0.006215015039692474	2.213870105216386e-08	0.016116622205626367
186.1787692078748	0.0	0.34029807677464097	0.006208818539829347	2.2664579101633617e-08	0.016111955385645766
186.28247631855479	0.0	0.3406435177243669	0.006202622039966217	2.317790174939741e-08	0.01610728856566517
186.3861834292348	0.0	0.34097616619551774	0.006196425540103092	2.3681785139960483e-08	0.01610262174568456
186.48989053991477	0.0	0.34129558975611823	0.006190229040239964	2.4174566813941127e-08	0.01609795492570396
186.59359765059475	0.0	0.3416013559741935	0.006184032540376841	2.465823801613932e-08	0.016093288105723358
186.69730476127472	0.0	0.34189303241776875	0.006177836040513717	2.5132891301665155e-08	0.016088621285742757
186.8010118719547	0.0	0.3421701866548691	0.006171639540650593	2.55986022389379e-08	0.016083954465762156
186.90471898263468	0.0	0.3424323862535198	0.006165443040787472	2.6056687556773936e-08	0.016079287645781544
187.00842609331468	0.0	0.342679198781746	0.006159246540924347	2.650671948379807e-08	0.01607462082580094
187.11213320399463	0.0	0.34291019180757315	0.006153050041061228	2.6949911461091128e-08	0.016069954005820335
187.21584031467467	0.0	0.3431249328990267	0.006146853541198103	2.738579837203885e-08	0.01606528718583973
187.31954742535464	0.0	0.343322989624132	0.006140657041334985	2.7815508910793466e-08	0.01606062036585912
187.42325453603462	0.0	0.34350392955091497	0.006134460541471866	2.823893844704646e-08	0.016055953545878507
187.5269616467146	0.0	0.34366732024740115	0.00612826404160875	2.865636546692751e-08	0.016051286725897895
187.63066875739457	0.0	0.34381272928161694	0.006122067541745633	2.9068048623733703e-08	0.016046619905917287
187.73437586807455	0.0	0.343939724221588	0.006115871041882512	2.947348639363999e-08	0.01604195308593668
187.83808297875453	0.0	0.3440478726353411	0.006109674542019397	2.987439755877293e-08	0.016037286265956067
187.94179008943453	0.0	0.34413674209090256	0.006103478042156281	3.027023952191801e-08	0.016032619445975452
188.0454972001145	0.0	0.3442059055993743	0.006097076804892653	3.031924182257283e-08	0.016028066368995123
188.14920431079452	0.0	0.34425510637002416	0.006090413623031483	2.992577895889864e-08	0.0160236588167912
188.25291142147447	0.0	0.3442842873543095	0.0060837504411703144	2.952670401600364e-08	0.016019251264587284
188.35661853215447	0.0	0.34429340290306504	0.006077087259309144	2.912178614865692e-08	0.01601484371238337
188.46032564283445	0.0	0.3442824073671255	0.006070424077447972	2.871116007777763e-08	0.016010436160179452
188.5640327535144	0.0	0.3442512550973258	0.006063760895586801	2.8293801943100275e-08	0.016006028607975537
188.66773986419437	0.0	0.3441999004445012	0.006057097713725627	2.786980258415559e-08	0.01600162105577162
188.77144697487438	0.0	0.34412829775948767	0.00605043453186445	2.7438853995785192e-08	0.01599721350356771
188.87515408555436	0.0	0.34403640139312097	0.006043771350003274	2.7000623298342653e-08	0.0159928059513638
188.97886119623433	0.0	0.3439241656962374	0.006037108168142095	2.6554749825742094e-08	0.01598839839915989
189.0825683069143	0.0	0.34379154501967374	0.00603044498628092	2.61012631726336e-08	0.015983990846955974
189.1862754175943	0.0	0.3436384937142666	0.00602378180441974	2.5638901427750325e-08	0.01597958329475207
189.28998252827427	0.0	0.3434649661308533	0.0060171186225585595	2.5167612146599962e-08	0.015975175742548163
189.39368963895424	0.0	0.3432709166202714	0.0060104554406973775	2.468688388524212e-08	0.015970768190344257
189.49739674963425	0.0	0.34305629953335876	0.006003792258836192	2.4196153896107233e-08	0.015966360638140352
189.60110386031423	0.0	0.3428210692209537	0.005997129076975009	2.3694800609009232e-08	0.015961953085936446
189.7048109709942	0.0	0.34256518003389463	0.005990465895113824	2.3182134632302685e-08	0.015957545533732544
189.8085180816742	0.0	0.34228858632302045	0.0059838027132526365	2.2657874900796014e-08	0.01595313798152864
189.91222519235416	0.0	0.3419912424391707	0.005977139531391452	2.212019955094905e-08	0.015948730429324744
190.01593230303416	0.0	0.3416731027331844	0.005970476349530261	2.1568616474257376e-08	0.015944322877120845
190.11963941371414	0.0	0.341334121555902	0.005963813167669071	2.1002029732302197e-08	0.015939915324916943
190.22334652439412	0.0	0.3409742532581637	0.005957149985807881	2.0419190226340697e-08	0.015935507772713044
190.3270536350741	0.0	0.34059345219081016	0.00595048680394669	1.981866390601385e-08	0.015931100220509153
190.43076074575407	0.0	0.34019167270468265	0.0059438236220854986	1.919936724016116e-08	0.015926692668305254
190.53446785643405	0.0	0.3397688691506225	0.005937160440224302	1.8557632577965535e-08	0.015922285116101362
190.63817496711405	0.0	0.33932499587947157	0.005930497258363108	1.7893519463344046e-08	0.015917877563897467
190.74188207779403	0.0	0.3388600072420723	0.005923834076501911	1.7202506075241513e-08	0.015913470011693572
190.84558918847398	0.0	0.33837385758926763	0.005917170894640716	1.648188057645775e-08	0.015909062459489687
190.949296299154	0.0	0.33786650127190015	0.005910507712779514	1.572757284280502e-08	0.015904654907285792
191.05300340983396	0.0	0.3373378926408144	0.0059038445309183155	1.4934479849431434e-08	0.015900247355081908
191.15671052051397	0.0	0.3367879860468534	0.005897181349057116	1.4096843650932477e-08	0.01589583980287802
191.26041763119395	0.0	0.3362167358408625	0.005890518167195913	1.3204510241214574e-08	0.01589143225067413
191.36412474187392	0.0	0.33562409637368645	0.005883854985334711	1.224643371652618e-08	0.01588702469847025
191.4678318525539	0.0	0.3350100219961707	0.005877191803473507	1.1205763590429918e-08	0.015882617146266365
191.57153896323388	0.0	0.3343744670591616	0.005870528621612302	1.0056892157189075e-08	0.01587820959406248
191.67524607391385	0.0	0.33371738591350525	0.005863865439751096	8.757337378474809e-09	0.0158738020418586
191.77895318459383	0.0	0.33303873291004904	0.005857202257889888	7.226255218222736e-09	0.015869394489654718
191.88266029527384	0.0	0.3323384623996404	0.005850539076028682	5.267519399293042e-09	0.01586498693745084
191.98636740595379	0.0	0.3316165287331281	0.005843875894167473	1.7973345884018902e-09	0.01586057938524696
192.0900745166338	0.0	0.33087289538729137	0.005837415379968705	9.081431606772323e-10	0.015856622205626232
192.1937816273138	0.0	0.33010758020280995	0.005830985539106544	1.3273245321708216e-09	0.01585273318897573
192.29748873799377	0.0	0.32932062106847787	0.005824555698244383	1.6431089224650535e-09	0.015848844172325235
192.40119584867375	0.0	0.3285120559047273	0.0058181258573822255	1.9133995087296393e-09	0.015844955155674738
192.50490295935373	0.0	0.3276819226319915	0.005811696016520066	2.1450004205721837e-09	0.015841066139024237
192.6086100700337	0.0	0.32683025917070413	0.005805266175657904	2.354125552947291e-09	0.01583717712237374
192.7123171807137	0.0	0.32595710344129897	0.005798836334795743	2.5463187124937066e-09	0.01583328810572324
192.8160242913937	0.0	0.3250624933642115	0.005792406493933584	2.725164722573417e-09	0.015829399089072743
192.91973140207367	0.0	0.32414646685987686	0.005785976653071427	2.8970052105816727e-09	0.015825510072422243
193.02343851275367	0.0	0.32320906184873105	0.005779546812209265	3.0557060082715393e-09	0.015821621055771742
193.12714562343362	0.0	0.32225031625121175	0.0057731169713471095	3.2102017476461853e-09	0.015817732039121242
193.23085273411363	0.0	0.32127026798775554	0.005766687130484948	3.3544020294435213e-09	0.015813843022470745
193.3345598447936	0.0	0.3202689549788013	0.005760257289622789	3.4927903479303594e-09	0.01580995400582025
193.43826695547358	0.0	0.31924641514478797	0.005753827448760629	3.6260322585724156e-09	0.01580606498916975
193.54197406615359	0.0	0.318202686406155	0.005747397607898467	3.754675740088194e-09	0.015802175972519247
193.64568117683356	0.0	0.3171378066833438	0.005740967767036308	3.879178353057232e-09	0.01579828695586875
193.74938828751357	0.0	0.31605181389679493	0.005734537926174149	4.002734781907525e-09	0.01579439793921825
193.85309539819352	0.0	0.3149447459669517	0.005728108085311992	4.119980894296166e-09	0.015790508922567753
193.95680250887352	0.0	0.31381664081425614	0.005721678244449833	4.2367498268710555e-09	0.015786619905917253
194.06050961955347	0.0	0.3126675363591535	0.0057152484035876755	4.347910928299428e-09	0.015782730889266752
194.16421673023342	0.0	0.31149747052208837	0.005708818562725518	4.456407342904244e-09	0.015778841872616255
194.26792384091343	0.0	0.31030648122350596	0.0057023887218633565	4.562429216231509e-09	0.015774952855965755
194.37163095159343	0.0	0.30909460638385394	0.005695958881001196	4.666145265993841e-09	0.015771063839315255
194.4753380622734	0.0	0.3078618839235807	0.005689529040139039	4.770070361487319e-09	0.015767174822664754
194.57904517295339	0.0	0.30660835176313517	0.00568309919927688	4.869563603245605e-09	0.015763285806014257
194.68275228363336	0.0	0.3053340478229676	0.005676669358414722	4.9671608135979624e-09	0.01575939678936376
194.78645939431334	0.0	0.30403901002352945	0.005670239517552562	5.062971676895047e-09	0.015755507772713263
194.89016650499332	0.0	0.3027232762852734	0.005663809676690406	5.159286106544578e-09	0.015751618756062756
194.9938736156733	0.0	0.3013868845286533	0.0056573798358282475	5.251776730921235e-09	0.015747729739412256
195.09758072635327	0.0	0.3000298726741247	0.0056509499949660875	5.342756256005827e-09	0.015743840722761755
195.20128783703325	0.0	0.29865227864214394	0.005644520154103931	5.434383176890296e-09	0.015739951706111255
195.30499494771323	0.0	0.29725414035316916	0.005638090313241774	5.5225300654700956e-09	0.015736062689460758
195.4087020583932	0.0	0.29583549572766	0.005631660472379614	5.609377603507206e-09	0.01573217367281026
195.5124091690732	0.0	0.2943963826860769	0.005625230631517454	5.694985267638954e-09	0.01572828465615976
195.6161162797532	0.0	0.29293683914888363	0.005618800790655298	5.78136963501089e-09	0.01572439563950926
195.71982339043316	0.0	0.29145690303654387	0.00561237094979314	5.864632136350457e-09	0.015720506622858763
195.82353050111317	0.0	0.2899566122695233	0.005605941108930979	5.946809879638401e-09	0.01571661760620826
195.92723761179315	0.0	0.2884360047682909	0.00559951126806882	6.02794725983997e-09	0.01571272858955776
196.0309447224731	0.0	0.2868951190428756	0.0055932438869996486	6.15246389546771e-09	0.015708839572907262
196.1346518331531	0.0	0.28533403981914274	0.005587358508468558	6.3750124047023835e-09	0.01570495055625676
196.23835894383308	0.0	0.2837529305040239	0.005581473129937465	6.588490527831869e-09	0.015701061539606268
196.34206605451305	0.0	0.28215196216903393	0.005575587751406376	6.79709893384442e-09	0.01569717252295577
196.44577316519303	0.0	0.28053130588568975	0.0055697023728752855	6.998023781376394e-09	0.01569328350630527
196.549480275873	0.0	0.2788911327255106	0.005563816994344196	7.195072009088277e-09	0.015689394489654774
196.65318738655301	0.0	0.2772316137600169	0.005557931615813106	7.38701428117092e-09	0.015685505473004274
196.75689449723302	0.0	0.2755529200607324	0.005552046237282012	7.572734659264646e-09	0.015681616456353773
196.860601607913	0.0	0.27385522269918255	0.0055461608587509224	7.754148450012531e-09	0.015677727439703276
196.96430871859295	0.0	0.2721386927468954	0.005540275480219835	7.932988471470567e-09	0.01567383842305278
197.06801582927295	0.0	0.2704035012753991	0.005534390101688744	8.108020164179017e-09	0.01566994940640228
197.17172293995293	0.0	0.2686498193562276	0.0055285047231576545	8.27810690819858e-09	0.015666060389751782
197.2754300506329	0.0	0.2668778180609155	0.005522619344626563	8.444897707706712e-09	0.015662171373101285
197.3791371613129	0.0	0.2650876684609999	0.005516733966095474	8.609910514395438e-09	0.01565828235645078
197.48284427199286	0.0	0.2632795416280229	0.0055108485875643865	8.7719450759996e-09	0.015654393339800288
197.58655138267287	0.0	0.2614536086335258	0.005504963209033293	8.928604090239245e-09	0.015650504323149787
197.69025849335287	0.0	0.2596100405490563	0.005499077830502203	9.085197601556866e-09	0.015646615306499287
197.79396560403285	0.0	0.25774900844616444	0.005493192451971116	9.239256541325837e-09	0.015642726289848786
197.8976727147128	0.0	0.2558706833964035	0.00548730707344003	9.390905684720365e-09	0.015638837273198286
198.0013798253928	0.0	0.2539752364713286	0.005481421694908936	9.537860219023158e-09	0.01563494825654779
198.10508693607278	0.0	0.25206283874250157	0.005475536316377848	9.68506138184862e-09	0.01563105923989729
198.20879404675276	0.0	0.2501336612814862	0.005469650937846762	9.830170623560934e-09	0.015627170223246792
198.31250115743273	0.0	0.24818787515985075	0.005463765559315669	9.97098103274422e-09	0.015623281206596293
198.4162082681127	0.0	0.2462256514491678	0.005457880180784583	1.0112205269483086e-08	0.015619392189945793
198.5199153787927	0.0	0.24424716122101447	0.005451994802253496	1.0251591784419747e-08	0.015615503173295294
198.6236224894727	0.0	0.24225257554697197	0.005446109423722407	1.038921457617424e-08	0.01561161415664479
198.72732960015267	0.0	0.24024206549862828	0.005440224045191316	1.0522961710325129e-08	0.015607725139994293
198.83103671083265	0.0	0.23821580214757465	0.005434338666660229	1.065728698365949e-08	0.015603836123343791
198.93474382151263	0.0	0.2361739565654087	0.005428453288129142	1.0790042501315073e-08	0.01559994710669329
199.03845093219263	0.0	0.23411669982373318	0.005422567909598054	1.0921285537384101e-08	0.015596058090042787
199.1421580428726	0.0	0.23204420299415857	0.005416682531066963	1.104898941514496e-08	0.015592169073392292
199.2458651535526	0.0	0.2299566371483002	0.005410797152535877	1.1177389237456301e-08	0.015588280056741791
199.34957226423256	0.0	0.22785417335778063	0.005404911774004791	1.1304428532916424e-08	0.015584391040091287
199.45327937491254	0.0	0.2257369826942297	0.0053990263954737045	1.1430152694273243e-08	0.015580502023440787
199.55698648559255	0.0	0.22360523622928424	0.005393141016942613	1.1552611646750041e-08	0.015576613006790288
199.6606935962725	0.0	0.2214591050345914	0.005387255638411529	1.167585241603239e-08	0.015572723990139788
199.76440070695253	0.0	0.21929876018180217	0.00538137025988044	1.1797899695687388e-08	0.015568834973489282
199.8681078176325	0.0	0.21712437274258234	0.0053754848813493536	1.1918790176607751e-08	0.01556494595683878
199.97181492831248	0.0	0.2149361137886031	0.0053695995028182645	1.203664283507311e-08	0.015561056940188283
200.07552203899246	0.0	0.21273412985524576	0.005369132830584884	1.1974113039473087e-08	0.01555641270314786
200.1792291496724	0.0	0.21051833766837177	0.0053706884372450745	1.1839851100107038e-08	0.01555148661539057
200.28293626035241	0.0	0.20828852836460626	0.005372244043905268	1.1705363809936654e-08	0.015546560527633277
200.3866433710324	0.0	0.20604449180519685	0.005373799650565461	1.1568655037085276e-08	0.015541634439875985
200.49035048171237	0.0	0.20378601785140613	0.005375355257225657	1.1432657052616546e-08	0.01553670835211869
200.59405759239235	0.0	0.20151289636451572	0.005376910863885851	1.1294346826603e-08	0.015531782264361395
200.69776470307232	0.0	0.1992249172058272	0.005378466470546044	1.1153641946924365e-08	0.015526856176604103
200.8014718137523	0.0	0.19692187023666344	0.00538002207720624	1.1012528374331946e-08	0.01552193008884681
200.90517892443228	0.0	0.19460354531837037	0.005381577683866438	1.0870985829361255e-08	0.015517004001089513
201.00888603511225	0.0	0.19226973231231873	0.005383133290526631	1.0725807507336678e-08	0.01551207791333222
201.1125931457923	0.0	0.18992022107990467	0.005384688897186829	1.0580077745720644e-08	0.01550715182557492
201.2163002564722	0.0	0.18755480148255854	0.005386244503847024	1.0432679950161158e-08	0.015502225737817626
201.32000736715221	0.0	0.18517326338173343	0.005387800110507223	1.0283542041491418e-08	0.015497299650060331
201.4237144778322	0.0	0.18277539663892345	0.005389355717167419	1.013258682464905e-08	0.015492373562303034
201.52742158851217	0.0	0.18036099111565626	0.005390911323827618	9.979731468629916e-09	0.015487447474545734
201.63112869919212	0.0	0.17792983667350068	0.005392466930487815	9.82488691657728e-09	0.015482521386788439
201.73483580987212	0.0	0.1754817231740661	0.0053940225371480145	9.667957214191449e-09	0.015477595299031139
201.83854292055213	0.0	0.1730164404790126	0.005395578143808214	9.508838742210068e-09	0.015472669211273838
201.9422500312321	0.0	0.170533778450051	0.005397133750468414	9.347419335675763e-09	0.015467743123516542
202.04595714191208	0.0	0.168033526948947	0.005398689357128613	9.183577268904741e-09	0.015462817035759241
202.14966425259206	0.0	0.1655154758375285	0.005400244963788813	9.017180080267286e-09	0.015457890948001941
202.25337136327207	0.0	0.16297941497768995	0.005401800570449012	8.846815480265807e-09	0.015452964860244644
202.35707847395201	0.0	0.16042513423140262	0.005403356177109213	8.674837188067136e-09	0.015448038772487346
202.46078558463202	0.0	0.1578524234607142	0.0054049117837694175	8.5011417379726e-09	0.015443112684730042
202.564492695312	0.0	0.15526107252776683	0.005406467390429614	8.320246381998121e-09	0.015438186596972743
202.668199805992	0.0	0.15265087129479782	0.005408022997089819	8.139915227784672e-09	0.01543326050921544
202.77190691667198	0.0	0.15002160962415664	0.0054095786037500196	7.953166969812112e-09	0.015428334421458138
202.87561402735196	0.0	0.14737307737831173	0.005411134210410222	7.763850682513373e-09	0.015423408333700839
202.97932113803193	0.0	0.14470506441986672	0.005412689817070426	7.57029944402262e-09	0.015418482245943534
203.0830282487119	0.0	0.14201736061157458	0.0054142454237306285	7.372179211658223e-09	0.015413556158186233
203.18673535939192	0.0	0.1393097558163547	0.0054158010303908335	7.169110691986157e-09	0.015408630070428928
203.2904424700719	0.0	0.13658203989731535	0.005417356637051038	6.96066029563867e-09	0.015403703982671624
203.39414958075184	0.0	0.13383400271777227	0.005418912243711242	6.746328628556007e-09	0.015398777894914322
203.49785669143188	0.0	0.1310654341412736	0.005420467850371448	6.5255356467656444e-09	0.015393851807157015
203.60156380211185	0.0	0.12827612403163938	0.005422023457031653	6.297601211029682e-09	0.015388925719399711
203.7052709127918	0.0	0.1254658622529847	0.005423579063691856	6.059901835481072e-09	0.015383999631642407
203.8089780234718	0.0	0.12263443866976337	0.005425134670352065	5.816922128534618e-09	0.0153790735438851
203.9126851341518	0.0	0.11978164314682038	0.005426690277012272	5.5620324520008614e-09	0.015374147456127793
204.01639224483176	0.0	0.11690726577641952	0.005426200951129716	5.332123217833239e-09	0.01536983607755168
204.12009935551174	0.0	0.11401118501117416	0.005414819095732589	5.292136951608445e-09	0.015368799006444878
204.22380646619172	0.0	0.1110935012793267	0.005403437240335463	5.25166044754282e-09	0.015367761935338078
204.3275135768717	0.0	0.10815434931316383	0.005392055384938338	5.2128014360365515e-09	0.015366724864231275
204.4312206875517	0.0	0.10519386384571243	0.005380673529541208	5.17133020271636e-09	0.015365687793124475
204.53492779823168	0.0	0.10221217961086204	0.005369291674144081	5.129332548642226e-09	0.015364650722017675
204.63863490891168	0.0	0.0992094313435028	0.005357909818746952	5.088979707159575e-09	0.015363613650910872
204.74234201959163	0.0	0.09618575377970566	0.005346527963349829	5.045911762932722e-09	0.015362576579804072
204.8460491302716	0.0	0.09314128165692362	0.005335146107952701	5.002276111086403e-09	0.015361539508697274
204.9497562409516	0.0	0.09007614971425675	0.005323764252555576	4.960312646449446e-09	0.01536050243759047
205.0534633516316	0.0	0.0869904926927632	0.005312382397158447	4.915520162838022e-09	0.015359465366483669
205.15717046231154	0.0	0.08388444533585648	0.005301000541761322	4.87011249794084e-09	0.015358428295376871
205.26087757299155	0.0	0.0807581423897858	0.005289618686364196	4.82873514802103e-09	0.015357391224270064
205.36458468367152	0.0	0.07761171860426595	0.005278236830967067	4.782098309618445e-09	0.015356354153163266
205.4682917943515	0.0	0.074445308733254	0.00526685497556994	4.73479211706942e-09	0.015355317082056468
205.57199890503148	0.0	0.07125904753596461	0.005255473120172812	4.686795967414225e-09	0.01535428001094967
205.67570601571146	0.0	0.06805306977818315	0.005244091264775683	4.6380881030003444e-09	0.015353242939842868
205.77941312639143	0.0	0.06482751023399497	0.00523270940937856	4.593598185782657e-09	0.015352205868736066
205.8831202370714	0.0	0.06158250368809092	0.0052213275539814315	4.543461482694264e-09	0.015351168797629268
205.98682734775142	0.0	0.05831818493888551	0.005209945698584301	4.492542225181215e-09	0.015350131726522468
206.09053445843136	0.0	0.05503468880281045	0.005198563843187174	4.440813141393177e-09	0.015349094655415669
206.19424156911137	0.0	0.05173215012030912	0.005187181987790045	4.390856508897667e-09	0.015348057584308867
206.29794867979138	0.0	0.048410703764426084	0.0051758001323929164	4.340103668201409e-09	0.015347020513202065
206.40165579047135	0.0	0.04507048465333738	0.005164418276995788	4.285841478411756e-09	0.015345983442095269
206.50536290115133	0.0	0.041711627769154526	0.0051530364215986585	4.2306446749339674e-09	0.01534494637098847
206.6090700118313	0.0	0.03833426818698913	0.00514165456620153	4.174475808597764e-09	0.015343909299881671
206.71277712251128	0.0	0.03493854112145078	0.0051302727108044005	4.117294715532551e-09	0.015342872228774873
206.81648423319126	0.0	0.03152458200414407	0.005118890855407273	4.061915716941841e-09	0.015341835157668075
206.92019134387124	0.0	0.02809252661928727	0.005107509000010148	4.005529190806249e-09	0.015340798086561271
207.02389845455122	0.0	0.024642511355571207	0.0050961271446130175	3.945139745166966e-09	0.015339761015454475
207.1276055652312	0.0	0.021174673709867007	0.005084745289215888	3.883548925282581e-09	0.015338723944347677
207.2313126759112	0.0	0.017689153395349218	0.005073363433818756	3.820698221571341e-09	0.015337686873240879
207.3350197865912	0.0	0.014186095111683224	0.005061981578421625	3.759642721342358e-09	0.015336649802134079
207.43872689727115	0.0	0.010665656854935713	0.005050599723024498	3.694137226941984e-09	0.015335612731027282
207.54243400795116	0.0	0.0071280431519344	0.005039217867627368	3.6304091271623223e-09	0.015334575659920482
207.64614111863114	0.0	0.0035737375824189802	0.0050278360122302385	3.561958498881969e-09	0.015333538588813684
207.7498482293111	0.0	0.0001000004880541496	0.0050164541568331064	3.491871801218215e-09	0.015332501517706886
