Q20	Q30	EHFB	M22	M23	M33
152.0	0.0	2.5751560019417363	0.008319799999999994	6.544788952077458e-07	0.029226100000000005
152.1216863185765	0.0021857794053554633	2.575247941459051	0.008306781077263634	3.918882912725695e-05	0.029226232876041418
152.24337263715304	0.0043715588107109266	2.575293479896365	0.008293780461877807	5.569510975542037e-05	0.029228267876532325
152.36505895572958	0.00655733821606639	2.575292323670682	0.008280798176776249	6.855608215003821e-05	0.02923220497853903
152.4867452743061	0.008743117621421853	2.575244208204566	0.008267834245574326	7.956591325657242e-05	0.029238044158446146
152.60843231304344	0.01087968431007923	2.5751632044555426	0.008254889606798457	8.921384070190306e-05	0.029245448358339803
152.73013048427174	0.012255504067065043	2.57525546209448	0.008241973871564544	9.515436780250726e-05	0.029249170865396856
152.85182865550001	0.013631323824050856	2.5752993358985665	0.008229069706663376	0.00010085119409569538	0.02925409071888649
152.97352682672835	0.01500714358103667	2.575294852353647	0.008216177123005805	0.00010634568293785092	0.029260207907897816
153.09522499795665	0.016382963338022485	2.5752420555141033	0.008203296131772739	0.0001116698505179161	0.02926752242124995
153.2169239675145	0.017657836112431703	2.575170126659727	0.008190426557786833	0.00011651145918061277	0.029275123347333915
153.33862867670857	0.01820694476023039	2.575259143511907	0.008177563333682766	0.00011886266480848004	0.029276968982918684
153.46033338590263	0.018756053408029067	2.5752997617231514	0.008164704736451563	0.00012120503525940141	0.029279292512912555
153.5820380950967	0.019305162055827753	2.575292234178403	0.008151850768512745	0.00012353949882612636	0.029282093934896038
153.70374280429075	0.019854270703626435	2.5752368205717446	0.008139001432328801	0.00012586692173491477	0.029285373246406628
153.8254476873075	0.02025527777232335	2.5751763888889685	0.008126153436719253	0.00012771199950782118	0.02928747184157894
153.9471533501493	0.01999185311099287	2.5752597145879754	0.008113291255451086	0.00012740967635555065	0.029282189261323022
154.06885901299114	0.019728428449662393	2.5752960175927178	0.008100426867349082	0.00012709197641359908	0.029276677405476122
154.19056467583292	0.01946500378833191	2.5752856841636436	0.008087560272393329	0.00012675877903686674	0.029270936274058173
154.31227033867472	0.019201579127001434	2.57522909735526	0.008074691470573875	0.00012640995836268296	0.0292649658670791
154.43397497849034	0.018747637761374187	2.575181483700467	0.008061812363518502	0.00012539468980400702	0.029256218053714082
154.55567645193727	0.017704028081781335	2.5752582678229063	0.008048901935325837	0.0001222779521922054	0.029238931814482068
154.67737792538418	0.01666041840218848	2.575290203110421	0.008035982795391822	0.00011902307452147166	0.029220737254461827
154.7990793988311	0.015616808722595623	2.5752777213077787	0.00802305494886033	0.00011561933561637277	0.02920163436850949
154.92078087227804	0.014573199043002772	2.5752212415563775	0.00801011840103066	0.00011205417488455666	0.029181623151325758
155.04247974281265	0.013305360516366556	2.575185930335488	0.007997159131740279	0.0001073937369454355	0.02915721671756136
155.16417264734957	0.011523578915328994	2.5752560841478522	0.007984155071758594	0.00010020101268351988	0.029123491036925145
155.28586555188656	0.009741797314291435	2.5752838002642346	0.00797113627282029	9.235658699226889e-05	0.02908821453230053
155.40755845642354	0.00796001571325388	2.575269474126203	0.00795810275362822	8.368206289513307e-05	0.029051387184984675
155.52925136096047	0.006178234112216321	2.5752134795939856	0.007945054533338389	7.389106099184747e-05	0.029013008975821566
155.65094756037254	0.004685519763996282	2.5750323182112633	0.007932015601743024	6.450385949074378e-05	0.02897820402486068
155.77264946131763	0.003693014514875728	2.574664763425392	0.007919007882718026	5.742409840891537e-05	0.028951184413970828
155.8943513622627	0.0027005092657551716	2.574256076531746	0.00790599194568996	4.923740128293508e-05	0.02892330089157613
156.0160532632078	0.0017080040166346146	2.573806551712717	0.007893620611916228	3.9253682206555e-05	0.028892537991746382
156.13775516415285	0.0007154987675140579	2.5733165060915466	0.007885543093784867	2.543859539078842e-05	0.028848585589645225
156.25945878555262	0.0001389090592247601	2.5726651025783434	0.007877506416147487	1.122720047592773e-05	0.02881296457544835
156.38116473263005	0.00012454603111769044	2.571809707926923	0.00786952286620542	1.0653587612034829e-05	0.028787768617031573
156.50287067970754	0.00011018300301062068	2.5709144856934616	0.007861539343687014	1.0041662614913445e-05	0.028762584153526224
156.62457662678497	9.58199749035509e-05	2.5699798746151297	0.007853555848609445	9.38396902662793e-06	0.02873741118491518
156.74628257386243	8.145694679648113e-05	2.569006313354137	0.007845572380989884	8.670135796915572e-06	0.028712249711181234
156.8679885213211	7.213850286393023e-05	2.5679927632796304	0.007837589389547551	8.176043652183548e-06	0.028687181060775137
156.9896944691793	6.810732810121828e-05	2.5669395883593893	0.007829606881149632	7.96064915509518e-06	0.028662202993310935
157.11140041703752	6.407615333850635e-05	2.5658487745788636	0.007821624380447778	7.73721359431521e-06	0.028637228152047202
157.23310636489572	6.0044978575794395e-05	2.564720760902104	0.007813641887446989	7.505031722622036e-06	0.02861225653697894
157.35481231275395	5.601380381308245e-05	2.5635559862721213	0.007805659402152169	7.263277999316599e-06	0.028587288148101235
157.47651826064845	5.434989614879036e-05	2.562354194175065	0.007797677123791327	7.168834743185276e-06	0.028562356414033912
157.59822420857307	5.464972254146425e-05	2.5611159412291182	0.007789695011979424	7.202780004594611e-06	0.02853745295608695
157.71993015649767	5.494954893413814e-05	2.559842243229751	0.007781712899569167	7.236660021145102e-06	0.028512549258211072
157.8416361044223	5.524937532681205e-05	2.5585335393732467	0.00777373078656018	7.270474796405625e-06	0.028487645320406624
157.96334205234686	5.5549201719485936e-05	2.55719026885746	0.007765748672952102	7.304224343604158e-06	0.028462741142673994
158.0850480002715	5.550565492042937e-05	2.5558129718793023	0.007757766531496017	7.315317381454259e-06	0.02843783256317941
158.20675394819622	5.524275845107345e-05	2.5544020511500136	0.007749784372905049	7.311810637827207e-06	0.028412921447716344
158.3284598961209	5.497986198171753e-05	2.5529578813061327	0.007741802214796993	7.30811119053687e-06	0.02838801054267168
158.4501658440456	5.471696551236161e-05	2.5514809014968676	0.007733820057172184	7.304219706999278e-06	0.02836309984804506
158.5718717919703	5.445406904300569e-05	2.5499715508700485	0.007725837900030945	7.3001367939221865e-06	0.028338189363836173
158.69357773971853	5.9725279742177165e-05	2.548428642908352	0.007717856155908491	7.659311159764437e-06	0.028313335093577734
158.81528368737912	6.774818688565226e-05	2.546853436575461	0.0077098746040736394	8.172359484147019e-06	0.028288503350095143
158.93698963503962	7.577109402912734e-05	2.545247180657181	0.007701893036742632	8.658296943768368e-06	0.0282636651859572
159.05869558270018	8.379400117260244e-05	2.5436103152671303	0.007693911453905132	9.121436048674405e-06	0.02823882060117423
159.1804015303607	9.181690831607753e-05	2.5419432805607896	0.007685929855550801	9.565068616466576e-06	0.02821396959575657
159.30210747820894	9.499134581348254e-05	2.5402479347687144	0.007677947903623449	9.746146817340508e-06	0.028189072805114197
159.42381342612586	9.639106718396044e-05	2.538523814794358	0.007669965823502219	9.83484412053428e-06	0.02816415977530891
159.54551937404278	9.779078855443835e-05	2.5367708403972546	0.007661983740635924	9.92316404888952e-06	0.028139245625361596
159.6672253219597	9.919050992491626e-05	2.5349894509937987	0.007654001655022789	1.0011113364998302e-05	0.028114330355274036
159.78893126987663	0.00010059023129539417	2.53318008600768	0.007646019566661081	1.0098698603832314e-05	0.028089413965047962
159.91063721777735	0.0001029678368732086	2.531342901166571	0.007638037539000265	1.0234638845704663e-05	0.028064502437624764
160.0323431656737	0.0001056067280665933	2.529478544953578	0.007631049649742343	1.0381143019675278e-05	0.028039418162305853
160.15404911357007	0.00010824561925997802	2.527587510608265	0.007626808490907939	1.0522934263489041e-05	0.028013857039442334
160.27575506146644	0.00011088451045336272	2.525670174250298	0.007622567338032892	1.0663372299845384e-05	0.027988296064610636
160.39746100936281	0.00011352340164674744	2.5237269075006967	0.007618326191113451	1.0802503792741046e-05	0.027962735237814514
160.51916695728272	0.00011348522319913211	2.521758849138741	0.007614084865344103	1.0813574169453464e-05	0.027937158646425646
160.6408729052067	0.00011298853695978254	2.5197657300467795	0.0076098435072610516	1.0802638975466257e-05	0.027911579314700577
160.76257885313066	0.00011249185072043297	2.5177477896315703	0.0076056021479947765	1.0791491488572026e-05	0.027885999955174854
160.8842848010546	0.0001119951644810834	2.5157053990663347	0.007601360787545983	1.0780132381825286e-05	0.027860420567847783
161.00599074897858	0.00011149847824173382	2.51363892952677	0.007597119425915398	1.0768562339084732e-05	0.02783484115271861
161.1276966968963	0.00011019413248210444	2.511548979871757	0.0075928780027619165	1.0717577012232712e-05	0.027809256795784016
161.24940264481342	0.00010881019928253624	2.509435714249264	0.007588636570558572	1.0662072918253825e-05	0.027783671879286664
161.3711085927305	0.00010742626608296806	2.507299481226096	0.0075843951351630984	1.0605885473291892e-05	0.027758086885222716
161.4928145406476	0.00010604233288339987	2.5051406518926784	0.007580153696577484	1.0549007254888945e-05	0.027732501813590167
161.61452048856472	0.00010465839968383169	2.502959597346335	0.0075759122548037	1.0491430510283455e-05	0.027706916664387047
161.7362264364541	0.00010172630644095277	2.5007571163961146	0.007571670685401661	1.0354651336546777e-05	0.027681321801142893
161.85793238434283	9.875510830475211e-05	2.4985331593973696	0.0075674291061217	1.0213281726991925e-05	0.0276557265289845
161.97963833223153	9.578391016855146e-05	2.4962880864695554	0.007563187520067035	1.0069178311296472e-05	0.027630131090218026
162.10134428012023	9.281271203235081e-05	2.49402226859711	0.007558945927241928	9.922229666936964e-06	0.027604535484839206
162.2230502280095	8.986716458598873e-05	2.491736069823646	0.0075547043298285575	9.773710181428992e-06	0.027578939875383145
162.3447561759154	8.771418802311485e-05	2.4894296543355776	0.007550462793901994	9.665913224264821e-06	0.027553349145216247
162.46646212382137	8.556121146024099e-05	2.4871036091918715	0.007546221253066866	9.556329710237089e-06	0.027527758294322004
162.5881680717273	8.340823489736711e-05	2.484758305497348	0.007541979707326235	9.44490325730033e-06	0.02750216732269741
162.70987401963322	8.125525833449324e-05	2.4823941143675547	0.007537738156683206	9.331573763406797e-06	0.027476576230339337
162.83157996753863	7.907621359194032e-05	2.4800114138156286	0.007533496598780244	9.214758191856387e-06	0.027450984848404088
162.95328591543952	7.665393328284387e-05	2.477610631918546	0.007529255013621759	9.081463782326511e-06	0.027425391762035106
163.0749918633404	7.423165297374741e-05	2.475192075197025	0.007525013422962794	8.945541223521762e-06	0.027399798539815643
163.19669781124128	7.180937266465095e-05	2.47275611479447	0.007520771826806813	8.806875766064428e-06	0.027374205181742235
163.31840375914214	6.938709235555448e-05	2.47030312186636	0.007516530225157293	8.665342772562613e-06	0.027348611687811396
163.4401097070455	6.712486335603367e-05	2.467833426499042	0.007512288633413065	8.530983316267522e-06	0.02732301911710125
163.56181565496274	6.575359384997665e-05	2.4653472141456887	0.007508047123247039	8.451310951611706e-06	0.02729743234010075
163.68352160287998	6.438232434391962e-05	2.462845086099039	0.007503805609963009	8.370483653889897e-06	0.027271845486198504
163.80522755079724	6.30110548378626e-05	2.4603274136019544	0.0074995640935629345	8.288471813228636e-06	0.02724625855539254
163.9269334987145	6.163978533180556e-05	2.4577945679041373	0.007495322574048791	8.205244126412816e-06	0.027220671547680902
164.04863944662935	6.010179957518653e-05	2.455246962003529	0.007475663384288662	8.069994582327297e-06	0.027104173788558686
164.17034539453556	5.796598321630522e-05	2.45268508347049	0.007432843607346749	7.835378727292895e-06	0.026851106804475958
164.2920513424418	5.5830166857423914e-05	2.4501091777856097	0.0073900237895424955	7.601520237675613e-06	0.026598039482486548
164.41375729034803	5.369435049854261e-05	2.4475196410273052	0.007347203930866187	7.368354132444155e-06	0.026344971822600215
164.5354632382543	5.1558534139661304e-05	2.4449168692862027	0.0073043840313080895	7.135807292388017e-06	0.02609190382482665
164.65716918616405	4.968076876572247e-05	2.442301196554179	0.00726156413037518	6.9217976513003515e-06	0.025838837340221854
164.7788751340832	4.848989716187942e-05	2.4396729176876244	0.007218744305269512	6.756571684534916e-06	0.025585775540091664
164.9005810820023	4.7299025558036375e-05	2.4370325952637475	0.007175924457386598	6.592430926659498e-06	0.025332713551547793
165.02228702992147	4.610815395419333e-05	2.4343806254178175	0.007133104586721011	6.429371051657103e-06	0.025079651374595446
165.14399297784064	4.4917282350350284e-05	2.431717404291923	0.007090284693267309	6.267386999161965e-06	0.024826589009240212
165.26569892575895	4.364812957209025e-05	2.4290433462398253	0.007047464761276297	6.101004382857208e-06	0.02457352586301194
165.38740487367562	4.222642591588906e-05	2.426358864189729	0.00700464477283772	5.924974994206242e-06	0.024320461349360025
165.5091108215923	4.080472225968789e-05	2.4236643185846676	0.006961824757161502	5.749909513434986e-06	0.02406739661081865
165.63081676950895	3.9383018603486704e-05	2.4209601055999874	0.0069190047142411795	5.575781499932462e-06	0.023814331647394247
165.75252271742565	3.7961314947285514e-05	2.418246621419167	0.006876184644070239	5.402561051978051e-06	0.02356126645909329
165.8742286653447	3.680979360246458e-05	2.4155242015607774	0.006833364613955322	5.249516087533833e-06	0.023308203197625933
165.99593461326745	3.6074280520363876e-05	2.4127932109751526	0.006790544669410326	5.127124939123466e-06	0.02305514309995406
166.1176405611902	3.533876743826318e-05	2.410054139918509	0.006747724710784471	5.005705468929592e-06	0.022802082885926032
166.23934650911295	3.4603254356162476e-05	2.4073073845742217	0.006704904738074402	4.885260569632456e-06	0.022549022555545188
166.3610524570357	3.386774127406178e-05	2.4045533411298785	0.0066620847512767825	4.765793166389616e-06	0.022295962108814876
166.48275840495785	3.304455751542118e-05	2.4017924247921347	0.006619264724332648	4.6411532661398225e-06	0.022042900812882193
166.6044643528793	3.211844842133878e-05	2.399025034653574	0.00657644465002913	4.510305693594094e-06	0.021789838518235582
166.72617030080073	3.119233932725637e-05	2.3962515444486043	0.006533624557961663	4.3804839925579205e-06	0.0215367760771153
166.84787624872217	3.0266230233173988e-05	2.393472350394816	0.006490804448126019	4.251684568936706e-06	0.021283713489525586
166.96958219664364	2.934012113909159e-05	2.3906878487150993	0.006447984320517971	4.123903066307555e-06	0.02103065075547059
167.09128814456648	2.8660695066070533e-05	2.3878983839045453	0.006405164260311764	4.014448295976178e-06	0.02077759003453005
167.21299409249065	2.8214291777089233e-05	2.3851043560488017	0.006362344269776975	3.922191774947858e-06	0.020524531264538976
167.33470004041482	2.776788848810793e-05	2.3823062105373274	0.006319524270692167	3.830727936168746e-06	0.020271472423932076
167.45640598833896	2.732148519912663e-05	2.379504343570725	0.006276704263055308	3.7400606880999297e-06	0.020018413512711452
167.5781119362631	2.687508191014533e-05	2.3766991513521445	0.006233884246864357	3.650194066430255e-06	0.019765354530879062
167.69981788418738	2.6450591827837164e-05	2.3738910256341392	0.006191064230738576	3.5626083037113113e-06	0.01951229567893563
167.82152383211164	2.6041930384809034e-05	2.371080363933188	0.00614824421285669	3.4768640741090246e-06	0.019259236905926746
167.94322978003592	2.5633268941780897e-05	2.368267565692325	0.0061054241871417595	3.3918902345403867e-06	0.019006178068278187
168.06493572796023	2.5224607498752767e-05	2.3654530294803995	0.006087712857781968	3.332612618017241e-06	0.018881263963169238
168.18664167588452	2.481594605572463e-05	2.362637200460984	0.0060919528742566205	3.295268271608958e-06	0.018868380743902586
168.30834762380923	2.4654297921200667e-05	2.3598205176820315	0.006096192994166371	3.274319069446935e-06	0.01885549983185252
168.43005357173422	2.46349048092899e-05	2.3570034919159952	0.006100433173079474	3.2628414763222215e-06	0.018842620250073695
168.55175951965919	2.4615511697379124e-05	2.3541866408025403	0.006104673352076634	3.251376670437725e-06	0.01882974066807964
168.67346546758415	2.459611858546835e-05	2.351370453725561	0.006108913531157828	3.2399246361533275e-06	0.01881686108587035
168.79517141550915	2.4576725473557577e-05	2.3485554200688847	0.006113153710323035	3.228485349347617e-06	0.018803981503445855
168.9168773634341	2.454012842695284e-05	2.345742032533252	0.006117393882649125	3.2159317125130765e-06	0.018791101759349185
169.03858331135905	2.4496192854107213e-05	2.34293077856446	0.006121634052187864	3.2029168659137765e-06	0.018778221945943103
169.160289259284	2.4452257281261578e-05	2.340122146126902	0.0061258742219067325	3.189922799940396e-06	0.01876534213205967
169.28199520720898	2.4408321708415947e-05	2.337316624606225	0.006130114391805696	3.176949514774963e-06	0.018752462317698924
169.40370115513394	2.4364386135570315e-05	2.3345147033879097	0.006134354561884709	3.163996993807895e-06	0.018739582502860907
169.52540710305888	2.441152871826223e-05	2.3317168546611917	0.006138594767902797	3.1569601571390407e-06	0.018726703544736326
169.64711305098385	2.448827660089836e-05	2.3289235795696275	0.006142834985309812	3.1518118460895323e-06	0.018713824865898555
169.76881899890878	2.456502448353449e-05	2.326135373100744	0.0061470752024242285	3.1466292553363373e-06	0.018700946187872578
169.89052494683375	2.464177236617062e-05	2.3233527246306838	0.006151315419246112	3.1414124702660325e-06	0.018688067510658324
170.01223089475872	2.471852024880675e-05	2.320576123535879	0.006155555635775546	3.136161636299187e-06	0.018675188834255698
170.13393684268362	2.4820445737279012e-05	2.3178060545236137	0.0061597958616513996	3.132466090918956e-06	0.018662310396298294
170.25564279060853	2.4927856850171186e-05	2.3150430106565367	0.006164036089225767	3.1290650479451988e-06	0.01864943201122546
170.3773487385335	2.5035267963063366e-05	2.312287482330822	0.006168276316387945	3.125610733104179e-06	0.018636553627291427
170.49905468645844	2.5142679075955543e-05	2.3095399589222776	0.006172516543138041	3.122103407538377e-06	0.018623675244496096
170.62076063438334	2.525009018884772e-05	2.306800929807105	0.006176756769476164	3.1185433240804977e-06	0.018610796862839372
170.742466582308	2.5514804586190628e-05	2.304070855630637	0.006180997054084844	3.124577737824162e-06	0.01859791997119447
170.86417253023265	2.5802071532304116e-05	2.3013502505532917	0.006185237346035941	3.131795651563235e-06	0.018585043295947023
170.9858784781573	2.6089338478417604e-05	2.2986396080749634	0.006189477636872348	3.138806697129718e-06	0.018572166623757592
171.1075844260819	2.637660542453109e-05	2.295939417565586	0.0061937179265943365	3.1456134712615437e-06	0.018559289954625906
171.22929037400655	2.6663872370644583e-05	2.293250168396157	0.006197958215202183	3.1522185134175536e-06	0.018546413288551684
171.35099632193044	2.7180103124493517e-05	2.290572308666486	0.006202198585874524	3.172013569075849e-06	0.01853353879878333
171.47270226985424	2.771070685114353e-05	2.287906366638259	0.006206438959732195	3.192154870253377e-06	0.018520664451015443
171.59440821777807	2.8241310577793544e-05	2.2852528342748504	0.006210679331526207	3.21180442277858e-06	0.018507790108900676
171.71611416570187	2.8771914304443556e-05	2.282612200944322	0.006214919701257061	3.2309734276327937e-06	0.018494915772438534
171.8378201136257	2.9302518031093575e-05	2.279984956016717	0.0062191600689252904	3.24967262793913e-06	0.01848204144162848
171.95952606154816	3.0083678688623398e-05	2.2773715442232283	0.006223400523107913	3.2816071674635438e-06	0.01846916950135721
172.08123200947063	3.086627425169284e-05	2.2747724824064095	0.006226518338196551	3.3195869567417523e-06	0.018455257601452602
172.2029379573931	3.164886981476228e-05	2.2721880446952354	0.006229076781813272	3.3603430212447323e-06	0.018440827395850887
172.32464390531553	3.24314653778317e-05	2.269618377245064	0.006231635206166572	3.4005449038331452e-06	0.018426397028215698
172.446349853238	3.321849263423977e-05	2.2670636233204706	0.0062341936126198766	3.440440603134437e-06	0.018411966539055063
172.56805580115994	3.407437719172013e-05	2.2645239156289962	0.00623675202004318	3.4833340178234196e-06	0.01839753650920171
172.68976174908192	3.4930261749200486e-05	2.2619994104245453	0.0062393104063982584	3.52563451317892e-06	0.01838310630214147
172.81146769700388	3.578614630668084e-05	2.259490251782703	0.006241868771684672	3.567362214702256e-06	0.0183686759178748
172.93317364492586	3.6642030864161195e-05	2.2569965837886588	0.006244427115901972	3.6085360191814177e-06	0.018354245356402142
173.05487959284778	3.750295209098841e-05	2.2545185496578606	0.00624698544028985	3.64941879965455e-06	0.018339814661154197
173.1765855407694	3.840310948037362e-05	2.252056287545859	0.006249543752661779	3.691663016282541e-06	0.018325384121922385
173.29829148869106	3.930326686975882e-05	2.249609948436235	0.0062521020428736584	3.7333544570242984e-06	0.018310953396319236
173.4199974366127	4.020342425914402e-05	2.2471796764556418	0.006254660310925024	3.7745104959351766e-06	0.018296522484345216
173.54170338453434	4.110358164852922e-05	2.2447656157408313	0.006257218556815398	3.815147505762409e-06	0.01828209138600079
173.6634093324564	4.192978654916446e-05	2.2423679231680587	0.006259776766885645	3.8518854456433155e-06	0.01826765950188778
173.7851152803804	4.241838678145435e-05	2.239986787997695	0.006262334898414755	3.87282373063661e-06	0.01825322474531887
173.9068212283044	4.2906987013744226e-05	2.237622296060619	0.0062648930179109	3.893601185341884e-06	0.018238789887593292
174.02852717622838	4.33955872460341e-05	2.2352745914882695	0.006267451125373812	3.914219885616702e-06	0.018224354928711314
174.1502331241524	4.388418747832398e-05	2.2329438184175694	0.0062700092208032385	3.934681864913729e-06	0.018209919868673187
174.2719390720766	4.429360045338537e-05	2.2306301343647617	0.00627256729444598	3.951458327278529e-06	0.018195484106640708
174.39364502000146	4.4442292699884396e-05	2.228333713812833	0.006275125329101323	3.956531070925091e-06	0.0181810463086034
174.51535096792637	4.459098494638344e-05	2.2260546566443855	0.006277683360088993	3.961571621596261e-06	0.018166608479787558
174.63705691585125	4.4739677192882465e-05	2.2237931069661614	0.006280241387408916	3.966579999221024e-06	0.01815217062019327
174.75876286377613	4.4888369439381506e-05	2.2215492088865694	0.006282799411061015	3.971556225476099e-06	0.01813773272982061
174.88046881170075	4.4852414210885084e-05	2.2193231368931703	0.006285357419665975	3.968339903377685e-06	0.018123293503221574
175.00217475962484	4.438268816227669e-05	2.217115075246321	0.006287915407755058	3.945872035206503e-06	0.018108851262242598
175.1238807075489	4.39129621136683e-05	2.214925096157211	0.006290473407399084	3.923295345360557e-06	0.018094409118525914
175.24558665547295	4.3443236065059906e-05	2.212753343619974	0.0062930314185983	3.9006084800056165e-06	0.01807996707207125
175.36729260339703	4.2973510016451526e-05	2.2105999616234717	0.00629558944135296	3.87781004805512e-06	0.018065525122878366
175.48899855132063	4.241191864179672e-05	2.208465108726716	0.006298147475655407	3.850730276149954e-06	0.01805108266901453
175.6107044992434	4.1681134431685235e-05	2.206348940689883	0.006300705525843275	3.81575159108494e-06	0.018036639240338943
175.73241044716622	4.095035022157375e-05	2.2042515743615554	0.0063032635940140054	3.7804938349831e-06	0.018022195962974722
175.854116395089	4.021956601146227e-05	2.2021731536474287	0.006305821680167977	3.7449499389113516e-06	0.01800775283692148
175.97582234301177	3.9488781801350795e-05	2.2001138224449996	0.006308379784305567	3.7091124882082314e-06	0.017993309862178845
176.0975282909338	3.8652669648067156e-05	2.198073757631016	0.006307286523295384	3.6468462489314855e-06	0.017977086576618093
176.2192342388548	3.766937651364526e-05	2.1960532515946873	0.006305288081613358	3.572408710559086e-06	0.017960421221866463
176.3409401867758	3.668608337922336e-05	2.1940526246825733	0.006303289644272207	3.4979954987740617e-06	0.017943755911744894
176.4626461346968	3.5702790244801465e-05	2.1920722200090563	0.006301291211269111	3.423597914010735e-06	0.01792709064625621
176.58435208261778	3.4719497110379564e-05	2.1901123807254463	0.006299292782601249	3.3492065239024955e-06	0.017910425425403224
176.70605803053886	3.374094837831838e-05	2.188173449348667	0.0062972943579607905	3.2750413196255847e-06	0.017893760277588336
176.82776397845993	3.27677382410627e-05	2.1862557690498354	0.0062952959372743365	3.20112465688859e-06	0.017877095206034338
176.94946992638103	3.179452810380703e-05	2.1843596838577795	0.006293297520870625	3.1271873452583303e-06	0.01786043017866636
177.0711758743021	3.082131796655136e-05	2.1824855370718366	0.006291299108746879	3.053216635446613e-06	0.01784376519548719
177.1928818222232	2.9848107829295687e-05	2.1806336720279003	0.00628930070090031	2.979198518535486e-06	0.01782710025649961
177.3145877701439	2.8829977443389825e-05	2.178804437994331	0.006287302300706265	2.9028571482033503e-06	0.017810435097920248
177.4362937180643	2.7772852966116345e-05	2.176998177339826	0.0062853039079971505	2.824413973357047e-06	0.017793769757479514
177.55799966598465	2.6715728488842862e-05	2.175215228317858	0.006283305519922505	2.7457873942051398e-06	0.01777710446505226
177.67970561390504	2.5658604011569382e-05	2.1734559344197724	0.006281307136479297	2.666947359987359e-06	0.01776043922064153
177.8014115618254	2.46014795342959e-05	2.171720639176619	0.0062793087576645	2.5878601469761338e-06	0.01774377402425034
177.92311750974685	2.367662813228482e-05	2.1700096700988625	0.006277310372087249	2.5155229980221763e-06	0.01772710963760336
178.044823457669	2.284412701151908e-05	2.168323376292016	0.0062753119824052765	2.447980982405857e-06	0.017710445822689096
178.16652940559112	2.2011625890753342e-05	2.166662112744553	0.006273313596365987	2.3803553703999565e-06	0.017693782045593194
178.28823535351324	2.1179124769987604e-05	2.1650262230898147	0.006271315213966993	2.312626377742304e-06	0.017677118306318036
178.40994130143537	2.0346623649221866e-05	2.163416050992405	0.006269316835205905	2.244771831793842e-06	0.01766045460486602
178.53164724935814	1.962019571908876e-05	2.161831928144583	0.006267318449795516	2.1826730265717846e-06	0.017643791540029496
178.65335319728126	1.8950104268619265e-05	2.160274204266412	0.006265320061973165	2.123675407635822e-06	0.017627128824941028
178.77505914520438	1.828001281814976e-05	2.1587432295164914	0.006263321677076996	2.064658271696166e-06	0.017610466140298937
178.8967650931275	1.7609921367680258e-05	2.1572393476206586	0.006261323295105075	2.005608404837115e-06	0.017593803486105147
179.01847104105065	1.6939829917210758e-05	2.155762902329915	0.0062593249160554885	1.94651105793298e-06	0.01757714086236158
179.1401769889746	1.6450653154779746e-05	2.1543142179423644	0.0062573265204233005	1.8978082838740395e-06	0.01756047926978159
179.26188293689884	1.6036498742242757e-05	2.152893649951091	0.00625532811867597	1.8535104680109439e-06	0.01754381811270206
179.38358888482315	1.562234432970577e-05	2.151501550194418	0.006253329718737345	1.8093035876704314e-06	0.017527156974439937
179.50529483274738	1.5208189917168782e-05	2.150138262387241	0.006251331320606237	1.765186446280927e-06	0.01751049585499644
179.62700078067166	1.4794035504631793e-05	2.1488041302600083	0.0062493329242814585	1.721157734818545e-06	0.017493834754372727
179.74870672859646	1.4669375097510278e-05	2.147499466845162	0.0062473344954218	1.6940007820132653e-06	0.017477175240964895
179.87041267652143	1.463092208147418e-05	2.1462246372983556	0.006245336056702718	1.671771925693235e-06	0.017460516198298998
179.9921186244464	1.4592469065438082e-05	2.144979994298102	0.0062433376181637275	1.6494483164501946e-06	0.017443857157368077
180.1138245723714	1.4554016049401984e-05	2.1437658313917556	0.006236889265493223	1.635795734552416e-06	0.017432700686315847
180.23553052029635	1.4515563033365886e-05	2.1425821991690905	0.006230132794271197	1.6227164101460297e-06	0.017421925211757082
180.35723646822123	1.4656953667910409e-05	2.141429054817211	0.006223376301842325	1.6195625519554272e-06	0.01741115075895732
180.47894241614608	1.4836616030359174e-05	2.140306390197277	0.006216619805595446	1.6182912172075545e-06	0.017400376565389335
180.6006483640709	1.5016278392807938e-05	2.1392141862115532	0.006209863310089039	1.616763640598807e-06	0.01738960241633015
180.72235431199573	1.5195940755256703e-05	2.1381524196222985	0.006203106815323184	1.61497964795901e-06	0.01737882831177967
180.84406025992058	1.5375603117705467e-05	2.137121067201475	0.006196350321297962	1.6129389502923603e-06	0.01736805425173782
180.96576620784452	1.5867272210963503e-05	2.136120069061305	0.006189593794698137	1.6267020829680534e-06	0.01735728221861012
181.08747215576832	1.639846684615845e-05	2.1351494326883995	0.006182837265982415	1.6416179164412623e-06	0.0173465105633202
181.20917810369212	1.6929661481353396e-05	2.1342091393456357	0.006176080739452691	1.655639987044274e-06	0.017335739039629487
181.33088405161595	1.7460856116548342e-05	2.133299165753786	0.00616932421510921	1.6687924503538003e-06	0.017324967647537732
181.45258999953978	1.7992050751743286e-05	2.132419488662318	0.006162567692952204	1.6810972805541878e-06	0.01731419638704471
181.57429594746372	1.849160419446847e-05	2.1315700889132057	0.006155811176035276	1.6911290894080509e-06	0.017303425037513226
181.69600189538767	1.898920360712214e-05	2.130750939655814	0.006149054661359738	1.7003258330879356e-06	0.017292653797873352
181.81770784331167	1.9486803019775823e-05	2.1299620174828537	0.0061422981487332185	1.7087921772705893e-06	0.017281882681508466
181.9394137912356	1.9984402432429503e-05	2.129203299260312	0.006135541638155953	1.7165403977372409e-06	0.01727111168841833
182.06111973915955	2.048294580108629e-05	2.128474761750674	0.006128785129544828	1.7236213096343783e-06	0.017260340825652754
182.18282568708236	2.1207132310797893e-05	2.1277763502825815	0.006122028603532757	1.7392776022224667e-06	0.017249571799580525
182.30453163500522	2.1931318820509493e-05	2.1271080724258757	0.0061152720805026616	1.7538281160737969e-06	0.01723880295291791
182.42623758292802	2.2655505330221087e-05	2.1264699051759313	0.006108515560454873	1.7673022111470816e-06	0.017228034285664596
182.54794353085083	2.3379691839932688e-05	2.125861825567226	0.006101759043389704	1.7797263443788253e-06	0.017217265797820274
182.6696494787737	2.4092775438158586e-05	2.125283812338889	0.0060950025301734	1.7907119363746185e-06	0.01720649739958491
182.79135542669752	2.4628003983828677e-05	2.124735868060802	0.006088246033399713	1.7942468561734762e-06	0.017195727717495005
182.9130613746213	2.516323252949877e-05	2.124217943565143	0.00608148953883206	1.7970911594515549e-06	0.017184958168000242
183.03476732254512	2.5698461075168866e-05	2.123730015986172	0.006074733046470667	1.7992495628219121e-06	0.01717418875110039
183.1564732704689	2.6233689620838954e-05	2.1232720624870582	0.006067976556315785	1.800726032549928e-06	0.017163419466795213
183.27817921839267	2.6768878583110427e-05	2.122844060266211	0.006061220068370328	1.8015223785473661e-06	0.0171526503147398
183.3998851663165	2.7303778203432426e-05	2.122445986585198	0.006054463582650678	1.801632790173758e-06	0.017141881292713542
183.52159111424027	2.7838677823754424e-05	2.122077818647953	0.006047707099136894	1.8010687924624335e-06	0.01713111240319976
183.6432970621641	2.8373577444076422e-05	2.1217395337331024	0.006040950617829213	1.7998312236240521e-06	0.017120343646198202
183.7650030100879	2.890847706439842e-05	2.1214311091481552	0.006034194138727871	1.797920142608807e-06	0.017109575021708644
183.88670895801184	2.9376215050669185e-05	2.121152533421842	0.006027437665688873	1.7932862288198742e-06	0.017098805903338028
184.00841490593677	2.95279559325076e-05	2.120903825726409	0.006020406084446731	1.7788165811425465e-06	0.01708769720516904
184.13012085386165	2.9679696814346016e-05	2.120684925364895	0.006009670422410782	1.767502568684693e-06	0.01707205535454935
184.25182680178654	2.983143769618443e-05	2.1204958712307103	0.005998934760665877	1.7559790826504772e-06	0.017056413493433946
184.3735327497114	2.9983178578022847e-05	2.120336711801132	0.005988199099212085	1.7442423800929415e-06	0.017040771621822777
184.49523869763632	3.008998747437791e-05	2.120207503108641	0.005977463440370134	1.7309966602693476e-06	0.01702512932179077
184.61694464556126	3.005140034137757e-05	2.120108310469815	0.00596672778910651	1.7134199322739828e-06	0.017009485667026793
184.73865059348623	3.0012813208377234e-05	2.1200391577673625	0.005955992137774275	1.6957326000454188e-06	0.016993842014926416
184.8603565414112	2.9974226075376886e-05	2.1200000933652774	0.005945256486373405	1.6779310029718524e-06	0.016978198365489687
184.98206248933616	2.9935638942376547e-05	2.1199911656293295	0.005934520834903892	1.660011357471129e-06	0.01696255471871661
185.1037684372611	2.98431238520648e-05	2.12001243185909	0.0059237851858960295	1.6404881485234774e-06	0.016946910582329888
185.22547438518586	2.9619468099419316e-05	2.1200639529907193	0.005913049542746538	1.6172901328210747e-06	0.016931265259761595
185.34718033311066	2.9395812346773832e-05	2.1201457555087853	0.005902313899178104	1.5940466845763028e-06	0.016915619952653234
185.4688862810354	2.9172156594128335e-05	2.1202578877353773	0.005891578255190631	1.5707550694220086e-06	0.0168999746610049
185.59059222896016	2.894850084148285e-05	2.1204003980028965	0.005880842610784014	1.5474123846803102e-06	0.016884329384816682
185.71229817688493	2.87170423208686e-05	2.1205733359029875	0.005870106966287357	1.52380860677354e-06	0.01686868405421047
185.83400412480964	2.847117916882954e-05	2.1207767508053728	0.0058593713219506635	1.4997712191418798e-06	0.016853038611100466
185.95571007273435	2.8225316016790476e-05	2.1210106887461313	0.005848635677152477	1.4756819579296138e-06	0.016837393184986397
186.0774160206591	2.7979452864751414e-05	2.1212751980966904	0.005837900031892693	1.4515374213760726e-06	0.016821747775868354
186.1991219685838	2.7733589712712355e-05	2.1215703272398163	0.00582716438617121	1.427333943926412e-06	0.016806102383746465
186.32082791650856	2.750842122256288e-05	2.1218961214024175	0.005816428739212837	1.4035956610399825e-06	0.016790457190375935
186.4425338644334	2.7313395975840033e-05	2.12225262764767	0.005805693090731369	1.3805431410005718e-06	0.01677481227626788
186.5642398123582	2.711837072911718e-05	2.1226398990479782	0.005794957441884242	1.3573952478287615e-06	0.016759167375641055
186.68594576028303	2.6923345482394333e-05	2.123057984027771	0.0057842217926713695	1.3341462980068032e-06	0.016743522488495536
186.80765170820786	2.6728320235671482e-05	2.1235069310204775	0.00577348614309266	1.3107901371543907e-06	0.016727877614831414
186.9293576561323	2.684064825334697e-05	2.1239867435896325	0.0057627504830934095	1.2947546078684782e-06	0.016712235400910977
187.0510636040564	2.7304928859465595e-05	2.1244974649114057	0.005752014812131187	1.2867108181998788e-06	0.016696596197306443
187.17276955198048	2.776920946558422e-05	2.1250391951758725	0.005741279142053511	1.2779893080645937e-06	0.01668095696159421
187.2944754999046	2.823349007170284e-05	2.1256119826899904	0.0057305434728605765	1.26857779550831e-06	0.01666531769377409
187.41618144782868	2.869777067782146e-05	2.126215875739297	0.005719807804552598	1.2584625924347917e-06	0.016649678393845867
187.53788739569495	2.6197444292853315e-05	2.1268513388843284	0.005709072220057501	1.1825110620577547e-06	0.01663401404951717
187.6595933435083	2.0985636597826906e-05	2.1275183777346163	0.005698336704095122	1.0403022761139495e-06	0.016618327095146657
187.78129929132172	1.5773828902800497e-05	2.1282166593455765	0.005687601178243292	8.86006259445083e-07	0.016602640501162773
187.9030052391351	1.0562021207774088e-05	2.1289462343011123	0.0056768656424997285	7.117702663264049e-07	0.016586954267567816
188.02471118694845	5.350213512747677e-06	2.1297071532322494	0.005665938338501695	4.976710447472643e-07	0.01657157049024747
188.1458670932921	0.008802102155745496	2.129282919697107	0.005654111287827285	2.0061344448584794e-05	0.016630193976510266
188.26662554297315	0.02395910024069031	2.128008985783454	0.005642211484893655	3.303754929214788e-05	0.016740650253948785
188.38738399265418	0.039116098325635125	2.12675864506842	0.005630353982013762	4.211278997094986e-05	0.016850110253560015
188.50814244233524	0.05427309641057993	2.1255264172123076	0.005618538655927208	4.945890462707936e-05	0.016958574098604334
188.62890089201628	0.06943009449552473	2.124307463943381	0.0056067653852093	5.5742677394724056e-05	0.017066041910506462
188.7461710178979	0.09978621729048315	2.1209386928630654	0.005595129840549958	6.728922180712414e-05	0.01729614874756077
188.86145355198784	0.1388025612263639	2.1163087251867063	0.005583644562636051	8.031994130975181e-05	0.017594513135416052
188.97673608607778	0.17781890516224463	2.1116348666451916	0.005572266233919264	9.18902464825866e-05	0.01789042625016355
189.09201862016766	0.21683524909812538	2.106913718550885	0.005560994104935609	0.00010243605904777277	0.01818388884126728
189.2073011542576	0.2558515930340061	2.1021433926094795	0.005549827437313393	0.00011218858293590552	0.01847490164709889
189.31324328430634	0.31406104828807513	2.0944534929192264	0.005539473075029556	0.00012678925931764638	0.018917834121008267
189.41507994279843	0.3807066238912618	2.0854057917327085	0.005529586434426227	0.00014290917166203776	0.019425105699943046
189.51691660129052	0.4473521994944485	2.076262326104953	0.005519864250216723	0.00015826038508879046	0.019928675432061813
189.61875325978264	0.5139977750976352	2.067034473062706	0.005510304672606506	0.00017296041153269746	0.0204285451671591
189.72058991827473	0.5806433507008218	2.057734850319987	0.005500905877068289	0.00018707316426436234	0.020924716729762205
189.80616188188344	0.6660024291234155	2.045457957363366	0.005493083964845904	0.00020596863025393393	0.021568134486285487
189.88634686896086	0.7575595457649618	2.032158111704057	0.005485911800541408	0.00022618523399385728	0.022257574843383986
189.96653185603824	0.8491166624065081	2.0188254353708874	0.005478920415504214	0.00024599233161929116	0.022943008000645422
190.04671684311566	0.9406737790480543	2.0054859157339684	0.005472107154499603	0.0002653937935825332	0.02362443661330449
190.12690183019308	1.0322308956896005	1.9921653978373108	0.005465469391872419	0.00028437874901058013	0.024301863307016353
190.18983927706924	1.1358945673110683	1.9769666607297482	0.005460504929669073	0.0003070878304047989	0.02507585194486924
190.24869605814587	1.2424225780951652	1.9613973148252277	0.005456055737591241	0.0003305728684315405	0.025870151173787423
190.3075528392225	1.3489505888792621	1.9459430650915455	0.0054517631750224255	0.00035385182063429107	0.02666102587998869
190.3664096202991	1.4554785996633592	1.9306326640150397	0.005447624668092901	0.0003768958410528984	0.02744847863734281
190.4252664013757	1.5620066104474561	1.9154939946474019	0.005443637664519309	0.0003996726849447928	0.028232511998133106
190.47040906278525	1.6748734730511914	1.8995388910669118	0.00544093694809184	0.0004251496857582155	0.029069278674980388
190.51341586992686	1.7887275564202194	1.8836623229922411	0.005438541140996429	0.00045100700904326946	0.029912062164980737
190.55642267706847	1.9025816397892472	1.8680498630070874	0.00543626962432535	0.0004767652785142509	0.030752169290079165
190.59942948421008	2.0164357231582755	1.852727343518516	0.005434120285256282	0.0005023940074552032	0.031589602163098
190.6424362913517	2.130289806527303	1.8377197387990436	0.005432091024140565	0.000527862092279948	0.032424362883685894
190.67499403845724	2.2475171484347136	1.822495870194209	0.005430993396068113	0.0005555160876402776	0.03328955234590531
190.70667805238503	2.365026556661202	1.8075930065430972	0.005430063189493167	0.0005833575806478732	0.034155445964526715
190.73836206631285	2.4825359648876892	1.793081103145916	0.0054292300460151025	0.0006111710506870911	0.03501930199002766
190.77004608024063	2.6000453731141775	1.7789828382062807	0.005428492324360785	0.0006389314708006936	0.03588112206368135
190.80173009416845	2.717554781340665	1.7653202374723547	0.005427848390880738	0.0006666138480342833	0.03674090781913719
190.82512578597618	2.8369845484414444	1.751773761109883	0.0054278993736496415	0.0006962936617502632	0.03762043037806342
190.84834856461956	2.956454378576068	1.7386993592259277	0.0054280404269782595	0.0007260706117752506	0.03849887851067057
190.87157134326293	3.075924208710699	1.726125147017282	0.005428257597284366	0.0007558834635488069	0.03937580448745222
190.89479412190627	3.19539403884533	1.7140716553265243	0.005428549647274929	0.0007857131491919919	0.04025120954570137
190.9177670577965	3.314905254663083	1.7025504395906013	0.005428932475948376	0.0008156103741185669	0.04112565790926647
190.93430726103298	3.4354820328469975	1.6913699694448707	0.005429823525662415	0.0008473583667487032	0.04201329939308139
190.9508474642695	3.556058811030912	1.6807690411960527	0.005430775773779315	0.0008792234126034628	0.04289984020828054
190.9673876675059	3.6766355892148255	1.670767314050562	0.005431788320885995	0.0009111913429366093	0.04378528125427712
190.98392787074238	3.79721236739874	1.6613841368883009	0.005432860269767212	0.0009432481866800552	0.044669623428286225
190.99994475918717	3.9178487382127445	1.6526228040274882	0.00543402419208546	0.0009755485965530426	0.04555392645522724
191.01093792179574	4.039057187324917	1.6443656083169411	0.005445231825076391	0.0011599223222038104	0.04593029923090257
191.02193108440434	4.16026563643709	1.6367462953469831	0.0054761960793862025	0.0015414358823551493	0.045219691321822714
191.0329242470129	4.281474085549262	1.6296911665150782	0.0055062570751965535	0.001825564664137283	0.04451076000680935
191.04391740962149	4.402682534661435	1.6231214544528643	0.00553541591350046	0.0020536689611493205	0.043803504184869294
191.05442449882523	4.52392863748899	1.6169443450030803	0.005563709642932817	0.002243505034667785	0.0430982162440901
191.0622293134878	4.645384072231118	1.6110156635659918	0.005591296166577108	0.0024050767987948397	0.04239611171634963
191.07003412815038	4.766839506973245	1.6053338180582875	0.005617971412454585	0.0025435735002976873	0.04169546863014367
191.077838942813	4.8882949417153725	1.599819919392872	0.005643736312824099	0.002662990981128426	0.04099628605321335
191.0856437574756	5.0097503764575	1.594395092096875	0.00566859180092626	0.0027661776953632074	0.04029856305231813
191.09278970916935	5.131239604499259	1.5889608923899252	0.005692577653651023	0.0028553460657167943	0.03960268524854051
191.09745214002376	5.252856213146454	1.5833825564410358	0.00571579541913517	0.002932343383881023	0.03890959548093975
191.10211457087814	5.374472821793648	1.5776539078423446	0.005738094940235583	0.0029981106831450466	0.03821775305003034
191.10677700173255	5.4960894304408425	1.5716960499840973	0.005759476972285686	0.0030537058217739834	0.037527157200478806
191.11143943258693	5.617706039088036	1.565430093144731	0.005779942270986588	0.0031000018836139136	0.03683780717658411
191.11524963204664	5.739344174622161	1.5587511484393113	0.005799530342963495	0.003137802922187831	0.03615018490134241
191.11673316407	5.86104108047047	1.5515338308245625	0.005818301998897042	0.0031678318153587387	0.03546498946114786
191.11821669609338	5.982737986318778	1.543769446736024	0.00583614802699713	0.0031904140106590907	0.03478082443132148
191.11970022811676	6.104434892167086	1.5353791989245338	0.005853068994991667	0.0032060150290096558	0.03409768924413538
191.12118376014018	6.226131798015395	1.5262842920675792	0.0058690654706553816	0.0032150426533726997	0.03341558333181478
191.1216475588994	6.347828013067758	1.516375215926809	0.0058841721552114045	0.003217914073949663	0.03273506044407448
191.1199991465112	6.469522797248984	1.5055396442082631	0.005898419388127647	0.0032149929090401694	0.03205657405456908
191.118350734123	6.591217581430208	1.4937622558505428	0.0059117334307548595	0.0032064381460294856	0.031378904429273394
191.11670232173478	6.712912365611434	1.4809644694815434	0.005924114661591046	0.003192507407426426	0.03070205118968942
191.11505390934656	6.8346071497926575	1.4670677016814113	0.005935563459158417	0.00317343373928436	0.030026013957294966
191.11228274356506	6.956273240956637	1.4519625361817567	0.005946106069255569	0.0031494734116172306	0.029351368882060577
191.10771301491712	7.077893368157694	1.4355527261075662	0.005955752182840327	0.0031208321562088627	0.028678326190340168
191.10314328626924	7.19951349535875	1.417809725586464	0.005964457817368478	0.003087609009721889	0.028005901419315308
191.09857355762134	7.321133622559806	1.3986552613979235	0.005972223174517785	0.003049966280557995	0.02733409436730826
191.09400382897343	7.442753749760863	1.378011054320667	0.005979048456228049	0.00300805376294947	0.026662904832379205
191.08832482951826	7.564320729643224	1.3557746585392094	0.005984949532334922	0.00296204311998667	0.025992852344389916
191.08124620448723	7.685820650746026	1.3318640320367088	0.005989925371767405	0.002912059893658431	0.025323950737113906
191.0741675794562	7.807320571848827	1.3062326584690662	0.005993954222327389	0.0028581771395783874	0.024655496961508466
191.06708895442517	7.928820492951627	1.2788026004764812	0.005997036136677826	0.002800506016598476	0.023987490964910655
191.06001032939412	8.050320414054427	1.2494986798419951	0.006040842978272121	0.002933871436856671	0.024838960106669826
191.05399417412215	8.171872943645178	1.2183633800099178	0.00614039375667504	0.0033316229473548545	0.027841929409829495
191.04903539648558	8.293477829585948	1.1855421378911086	0.0062358011013217834	0.00371493928326096	0.030848605069205674
191.04407661884898	8.415082715526715	1.1511717840393403	0.006327031933107597	0.00408324227963109	0.033857705514636134
191.0391178412124	8.536687601467484	1.1154083885112112	0.006414088510408327	0.004436121941338971	0.03686922848774514
191.03415906357583	8.658292487408252	1.07840795677847	0.006496973094356168	0.004773139050118437	0.039883171727400406
191.03038628509861	8.779935384875142	1.040349605517891	0.006575722604973515	0.005094129525072238	0.04290169927945078
191.02754795948874	8.90160823175582	1.0013830773211847	0.00665033423609081	0.005398580724668015	0.04592493071079639
191.02470963387884	9.023281078636497	0.9616458396564006	0.006720781970890497	0.005685711483199791	0.048951322817486376
191.021871308269	9.14495392551717	0.9212939694567076	0.0067870661767844235	0.005954918007373027	0.05198087523210885
191.01903298265913	9.266626772397847	0.880483506804756	0.006849187222984629	0.006205543388353479	0.05501358758545195
191.01733750895775	9.38831760175263	0.8393975645373059	0.006907170825960013	0.006437223317910973	0.05805208937596603
191.0163463967619	9.510019514050393	0.798181441731605	0.006961006885840982	0.0066490784155391145	0.06109590030773101
191.015355284566	9.631721426348154	0.7569745054488026	0.007010678527929578	0.00684002650039808	0.06414352525983583
191.01436417237016	9.753423338645915	0.7159329087520165	0.00705618446399688	0.0070090974882843216	0.06719496552050964
191.01337306017427	9.875125250943675	0.6752127918663016	0.007097523406510785	0.007155210375821775	0.07025022237728429
191.013531717032	9.996828505469168	0.6350030643242347	0.007134709848687839	0.007277559491543329	0.0733125422711331
191.0142386799696	10.118532400081136	0.5954428944919528	0.007167730681899149	0.007374590337977678	0.0763807358790651
191.0149456429072	10.240236294693107	0.5566729731032782	0.007196575040332593	0.007444546747055963	0.07945335590527111
191.0156526058448	10.361940189305077	0.5188496146095605	0.007221240104854962	0.007485626451833799	0.08253040516888414
191.01635956878238	10.483644083917047	0.48212914260549866	0.007241723055790891	0.007495736713049875	0.08561188648957964
191.01825048509477	10.605333283504713	0.44670717112539526	0.007258024469378245	0.007472879306146717	0.0887017941387283
191.0205644099367	10.727017232783746	0.41271517301750094	0.00727013294833069	0.0074138389487835	0.09179806520549376
191.02287833477868	10.84870118206278	0.3802956922586486	0.007278042162078538	0.00731489271500875	0.0948993534808828
191.02519225962064	10.970385131341814	0.3496052950942914	0.00728174783316885	0.007171642546342059	0.09800566324234805
191.0275061844626	11.092069080620849	0.32080057765415837	0.00728124568223306	0.006978525743764064	0.10111699876925814
191.03105529668707	11.213721655678745	0.2940838843532081	0.007276517999207036	0.006728815525242687	0.1042382277980364
191.03492200559717	11.335366163662135	0.2695782265893304	0.007267561138872001	0.006412331752505112	0.10736624336590626
191.03878871450723	11.457010671645525	0.24742873514020006	0.007254371892941515	0.006015028443074449	0.11049985770945861
191.04265542341733	11.578655179628916	0.22779232065094354	0.0072369445646430245	0.005515789028125368	0.11363907652546627
191.04652213232742	11.700299687612304	0.21082594364479337	0.007215273453773192	0.004879255310587844	0.11678390551413241
191.0517017478718	11.821894167471008	0.1967382361535165	0.007189316466535188	0.004036661367296634	0.11994027510389324
191.05710330450785	11.943480190295277	0.18564339407200528	0.007159085557553588	0.002799746053613318	0.12310378271078551
191.0625048611439	12.065066213119547	0.1776829971002314	0.007188691283568475	0.002158648477153202	0.12297661141414147
191.06790641778	12.186652235943818	0.1728707667099382	0.007272035283656173	0.002550183668991156	0.11998639856257694
191.07330797441602	12.30823825876809	0.1710957243504493	0.007354139269052324	0.0028489282820430934	0.11699532018044637
191.08152745508795	12.429663264174945	0.17235461561562326	0.007434568586938838	0.0030819408707781016	0.11402186988581803
191.09001079386323	12.551073192613853	0.17643039504841576	0.007513623082364506	0.0032660178458496607	0.11104823455252308
191.09849413263854	12.67248312105276	0.18319794355010421	0.007591355028202634	0.003411005912501329	0.10807261972366192
191.1069774714138	12.793893049491668	0.19254256570710837	0.007667780310724432	0.003523436788512997	0.10509500951296309
191.11546081018906	12.915302977930574	0.20434945613271113	0.007742914844014401	0.0036079926484526422	0.10211538800634216
191.1272478125312	13.036435622010263	0.2186298494887414	0.007815900921179647	0.0036650598263019704	0.09915473130485453
191.13912104265344	13.1575610287868	0.2351471256553169	0.00788749881368025	0.003700267694192032	0.09619139384296468
191.15099427277568	13.278686435563333	0.2537842341994302	0.0079577520800127	0.0037159379909157838	0.09322479031507272
191.1628675028979	13.39981184233987	0.2744272612491712	0.008026682958351496	0.003713909248776572	0.09025489848300394
191.17487760435148	13.520921515569885	0.29696677509773056	0.008094266883404677	0.003695580784251016	0.0872825743469808
191.19079795824098	13.641581699940497	0.3214173487638964	0.008159179248368897	0.0036584763782106762	0.08433126408941327
191.20671831213048	13.76224188431111	0.34753445543143824	0.00822273476358241	0.003607673911082264	0.08137515212841637
191.22263866601998	13.882902068681721	0.3752053643306682	0.008284963272516953	0.0035442006131877453	0.0784142086205184
191.23855901990945	14.003562253052333	0.40431714654223694	0.008345894726081141	0.0034689652305546284	0.07544840361481064
191.2549677521294	14.12414726161627	0.4347697649097271	0.008405352692176458	0.0033823185624505298	0.07248088071454899
191.27607090661544	14.244009660353555	0.4665658558527921	0.008461533840928	0.00328113406142378	0.06953792994088796
191.29717406110143	14.363872059090838	0.49947059666556315	0.008516414179061208	0.003170634895778165	0.06658817051035709
191.31827721558744	14.48373445782812	0.5333728660073047	0.008570033515545585	0.0030514799258379924	0.06363156261398703
191.33938037007348	14.603596856565407	0.5681612906597914	0.008622431851660079	0.0029242798578339073	0.060668066250498726
191.3616155769621	14.723223667209739	0.603741993186909	0.008673092598533556	0.002788735847832271	0.057705528714504975
191.39008195390844	14.841553727396768	0.640092106073685	0.008719495686959315	0.0026417734534216163	0.054777938265401255
191.41854833085478	14.959883787583799	0.6770116870909689	0.008764717284531426	0.0024889517981910242	0.05184073016456577
191.4470147078011	15.07821384777083	0.7143927850720915	0.008808811398086485	0.0023308237338540124	0.04889385040516198
191.47548108474743	15.196543907957858	0.7521271331601527	0.008851832384586129	0.0021679229404581194	0.045937244630228344
191.5065627844471	15.31409811008381	0.79009593027515	0.00889237910159081	0.0019995657668761928	0.0429926542214526
191.54722992928004	15.428808707203054	0.8281909507753262	0.008926589555365957	0.0018237927576443172	0.04011562631969127
191.58789707411296	15.543519304322302	0.8663655768379177	0.008959846090353656	0.0016460822648835492	0.03722459655158901
191.62856421894588	15.658229901441551	0.9045198167241597	0.008992225132028832	0.001467070847078579	0.03431948849167104
191.6692313637788	15.772940498560803	0.9425532929997955	0.00902380379324114	0.0012874047207844146	0.03140022502708763
191.71568947640392	15.884948658345504	0.9801180378743359	0.009050981961036292	0.0011079361935098814	0.028535508443389705
191.7774839704832	15.989799877994107	1.0167959687591555	0.009067804816555157	0.0009312424748010445	0.025834897859491394
191.8392784645625	16.094651097642714	1.0532176051930409	0.00918709214905874	0.001555611568748346	0.02532325188277024
191.9010729586418	16.19950231729132	1.089356737848916	0.009315077298048192	0.0020141428482046485	0.025051118584644084
191.9628674527211	16.30435353693992	1.125201917567741	0.00944056786171109	0.002360784213984803	0.024781527550864064
192.0259115803534	16.40843766352881	1.1606575545423112	0.009577917429260636	0.002647035785225249	0.024554527947391228
192.0914377082269	16.510998203339355	1.195648618126837	0.009733080199934014	0.0028967229901829517	0.02438823246279094
192.15696383610032	16.6135587431499	1.2303411308306573	0.009884425006118733	0.0031127374132548006	0.02421914578697184
192.22248996397377	16.71611928296044	1.264724411598818	0.01003189604668017	0.0033017838949045844	0.024047323721068666
192.2880160918472	16.818679822770985	1.298787814822145	0.01017543889217408	0.0034683769281548685	0.023872820694525603
192.35543519514226	16.91996664625404	1.3324012569251422	0.010313706623805893	0.0036143227295552154	0.023700626513820888
192.42575670527162	17.019300542651216	1.3655184404058076	0.010446049784964866	0.003741943334802221	0.023533151523036134
192.49607821540098	17.118634439048392	1.3983247936262584	0.010574440201743012	0.003855406571849032	0.023362759591367705
192.5663997255303	17.21796833544557	1.4308106148087556	0.010698826869016784	0.003956034887916875	0.023189501723939087
192.63672123565965	17.317302231842746	1.4629662289982184	0.010819160153733257	0.00404490149914273	0.02301342755380333
192.70934775796047	17.414912840306112	1.4946436430272065	0.01093378697099174	0.004121990034567038	0.02284056071023763
192.78472798651546	17.510464705297398	1.5258395945907797	0.011042464006039336	0.0041883509293112525	0.02267183966026904
192.86010821507045	17.606016570288688	1.556722973521208	0.011147105437277403	0.004245811429413544	0.02250007071573441
192.93548844362545	17.701568435279974	1.587285137045727	0.011247666044019018	0.0042948478989132425	0.022325299097320676
193.01086867218046	17.79712030027126	1.617517455821524	0.011344101960196355	0.00433587537278301	0.022147568671095685
193.08889977790858	17.89045991859	1.647261852037098	0.011434524712218161	0.004368899735275962	0.021973889170955777
193.1694213822625	17.98172113155909	1.676556788879407	0.011519149399591078	0.004394658027763084	0.021803627018546243
193.2499429866164	18.072982344528185	1.7055471029944134	0.01159971668379218	0.0044138639721896696	0.021630195406059333
193.33046459097034	18.16424355749728	1.7342252283141257	0.01167618807444654	0.00442673686041966	0.02145363282387003
193.41098619532423	18.255504770466374	1.7625835937518337	0.011748526396967038	0.00443347537314346	0.021273976446565392
193.49447958919907	18.343986594657302	1.79046040099705	0.01181468532316395	0.0044345341167519306	0.021099353535855247
193.58015521547208	18.430427469381286	1.8179316863004276	0.011875344810702954	0.004430354843204282	0.020927424045583815
193.66583084174505	18.51686834410527	1.8451154932625955	0.011931997187650202	0.004420958331232857	0.02075221837559034
193.75150646801805	18.60330921882925	1.8720053009906028	0.011984611437997951	0.004406459269862091	0.020573767541882598
193.83718209429105	18.68975009355323	1.8985945607835113	0.012033157801114464	0.004386964313416776	0.020392101305092294
193.9261306589877	18.772741555788247	1.9247238670787175	0.012075546101486843	0.004363628973837379	0.020216708002270115
194.01694766013003	18.853763837068342	1.9504993953347995	0.012112858544264714	0.004336425926442973	0.02004336905384632
194.10776466127237	18.934786118348434	1.9760132341140748	0.01214629751695021	0.004304896789366881	0.01986666717151895
194.19858166241468	19.015808399628526	2.0012598396559516	0.012175839951434779	0.004269106010360969	0.019686625423396567
194.289398663557	19.09683068090862	2.0262336150415994	0.012201463953446588	0.004229114714652212	0.019503265703750983
194.38379507727524	19.173564858999836	2.0507809432358632	0.012221184317380037	0.004187056420034953	0.019327907977598764
194.47974265467317	19.248440757336894	2.0750317187024008	0.012236375010506405	0.004142147830415208	0.019154034087017185
194.5756902320711	19.323316655673956	2.0990545784710664	0.012247921001622345	0.004093590200360634	0.01897673965322089
194.67163780946908	19.39819255401102	2.1228448699943887	0.012255807329316996	0.004041421192471163	0.018796039637620734
194.76758538686704	19.473068452348077	2.1463978626280804	0.012260020102916765	0.003985677124874205	0.018611947930890334
194.86746137791513	19.54251454172592	2.169562761493636	0.012258884851513805	0.003929893181046641	0.018438506468211165
194.96859375810152	19.61022406423317	2.192490591335705	0.012253874138547248	0.0038720876724924456	0.01826612146188173
195.06972613828788	19.677933586740416	2.215232008316157	0.012245559997612687	0.0038112152272287056	0.018090305603663533
195.1708585184742	19.745643109247663	2.2377831832663175	0.012233935386689633	0.003747298224019492	0.017911065935577064
195.27199089866056	19.813352631754906	2.2601401888654045	0.01221899420615381	0.0036803585888856216	0.01772840855724659
195.37757799009984	19.87374692995905	2.2821315827949196	0.012199685443489275	0.0036162369303603457	0.01756126363026206
195.48415083208522	19.93252249555796	2.3039464479174567	0.01217728788681173	0.0035508561349149965	0.01739495163876078
195.59072367407063	19.99129806115686	2.3256251167507016	0.012152078974451024	0.003482985485686133	0.017225290806735735
195.69729651605604	20.05007362675577	2.347164848454504	0.012130076572316364	0.003498052371709797	0.01716262488884071
195.80386935804145	20.108849192354675	2.3685643908564478	0.01210838168751753	0.0035264036979823833	0.017116646197916006
195.91207577895418	20.164545086190373	2.3897688880975188	0.01208557634329416	0.003550775432521189	0.01706970917960426
196.02050743685925	20.21981635652383	2.4108458864872757	0.012053797111417335	0.003570410509388784	0.01700957056326973
196.1289390947643	20.275087626857285	2.4318035006610095	0.01198666660043452	0.003576635083037298	0.016901478818287605
196.2373707526694	20.33035889719075	2.4526410219886325	0.011920300541159293	0.0035826318160878923	0.016794589440379308
196.34580241057446	20.385630167524205	2.473357718446159	0.011854700445258217	0.0035884064115392425	0.016688900917878374
196.45579290003232	20.437722681413973	2.49392672335592	0.011788658984482286	0.003591281334511843	0.016585013399554864
196.56588287875718	20.48961231761121	2.51439110628286	0.011723269674481155	0.0035937987085502563	0.016482312464505985
196.675972857482	20.541501953808453	2.5347523829836214	0.011658609910555714	0.0035961349737916788	0.016380756706849298
196.78606283620684	20.59339159000569	2.5550097795334965	0.01159468115104238	0.0035982944286337627	0.01628034466824835
196.89615281493167	20.645281226202936	2.5751624992581137	0.011531484842322456	0.00360028126247165	0.01618107490232184
