Q20	Q30	EHFB	M22	M23	M33
152.0	0.0	2.5751560019417363	0.008319799999999994	6.544788952077458e-07	0.029226100000000005
152.11049166548278	0.0	2.575824403103245	0.008308052249898348	6.454325676363539e-07	0.029216083930522347
152.2209833309656	0.0	2.5764511613895595	0.008296304499796613	6.36254709211679e-07	0.029206067861044765
152.3314749964484	0.0	2.57703649483693	0.008284556749694777	6.26939233399029e-07	0.02919605179156729
152.4419666619312	0.0	2.5775806214816037	0.008272808999592852	6.174801472657569e-07	0.029186035722089904
152.55245832741394	0.0	2.5780837593598234	0.008261061249490838	6.078706664269245e-07	0.02917601965261262
152.66294999289673	0.0	2.578546126507841	0.008249313499388726	5.981035415318666e-07	0.02916600358313542
152.77344165837954	0.0	2.5789679409618995	0.00823756574928652	5.881709187407751e-07	0.02915598751365832
152.8839333238623	0.0	2.579349420758249	0.008225817999184225	5.780642666638489e-07	0.02914597144418131
152.99442498934508	0.0	2.579690783933134	0.008214070249081827	5.677742059439171e-07	0.0291359553747044
153.10491665482786	0.0	2.5799922485228044	0.008202322498979342	5.572907510118288e-07	0.029125939305227576
153.21540832031064	0.0	2.5802540325635057	0.008190574748876757	5.466025962120731e-07	0.029115923235750855
153.32589998579346	0.0	2.580476354091485	0.00817882699877408	5.356976702889621e-07	0.029105907166274224
153.4363916512762	0.0	2.580659431142989	0.008167079248671315	5.245623611807398e-07	0.02909589109679768
153.54688331675902	0.0	2.5808034817542653	0.008155331498568452	5.13181671674208e-07	0.029085875027321236
153.6573749822418	0.0	2.580908723961562	0.008143583748465497	5.015388973854061e-07	0.02907585895784488
153.7678666477246	0.0	2.580975375801125	0.008131835998362447	4.896152421219172e-07	0.029065842888368627
153.87835831320734	0.0	2.5810036553092015	0.008120088248259312	4.773899650805454e-07	0.029055826818892457
153.98884997869015	0.0	2.580993780522039	0.008108340498156067	4.6483884967499805e-07	0.02904581074941639
154.0993416441729	0.0	2.580945969475884	0.008096592748052736	4.5193496398075203e-07	0.029035794679940413
154.20983330965575	0.0	2.5808604402069824	0.00808484499794931	4.3864739771165554e-07	0.02902577861046452
154.3203249751385	0.0	2.580737410751585	0.008073097247845794	4.2493970134459573e-07	0.02901576254098874
154.4308166406213	0.0	2.580577099145936	0.008061349497742183	4.1077017184192704e-07	0.02900574647151304
154.5413083061041	0.0	2.580379723426283	0.008049601747638474	3.9608912450271315e-07	0.028995730402037432
154.65179997158688	0.0	2.5801455016288735	0.008037853997534672	3.8083727926599883e-07	0.02898571433256193
154.76229163706967	0.0	2.5798746517899533	0.008026106247430784	3.6494347793105687e-07	0.028975698263086505
154.87278330255245	0.0	2.579567391945772	0.008014358497326795	3.4831929418730563e-07	0.02896568219361119
154.98327496803523	0.0	2.5792239401325747	0.008002610747222716	3.3085509064302037e-07	0.028955666124135967
155.09376663351804	0.0	2.5788445143866086	0.007990862997118538	3.1240986708030933e-07	0.028945650054660828
155.20425829900083	0.0	2.5784293327441232	0.007979115247014272	2.927982792818821e-07	0.028935633985185786
155.31474996448358	0.0	2.577978613241363	0.007967367496909915	2.71767938545677e-07	0.02892561791571084
155.4252416299664	0.0	2.577492573914576	0.007955619746805458	2.48959564538152e-07	0.028915601846235983
155.53573329544918	0.0	2.5769714328000086	0.007943871996700904	2.2383005017098915e-07	0.028905585776761233
155.64622496093196	0.0	2.57641540793391	0.007932124246596263	1.9548679444346045e-07	0.028895569707286562
155.75671662641474	0.0	2.5758247173525244	0.007920376496491528	1.6225397704210756e-07	0.028885553637811996
155.86720829189755	0.0	2.575199579092101	0.007908628746386696	1.2014029159791755e-07	0.028875537568337512
155.9776999573803	0.0	2.5745402111888867	0.007896880996281773	5.0368625980695384e-08	0.028865521498863136
156.08819162286312	0.0	2.5738468410463327	0.007888725952414846	1.991992528219707e-08	0.02884546701791474
156.1986832883459	0.0	2.573119765704635	0.007881479356534538	2.6894388017475696e-08	0.028822874234614763
156.3091749538287	0.0	2.5723593135754568	0.007874232760654217	3.23875288705255e-08	0.02880028145131481
156.41966661931147	0.0	2.5715658132219024	0.007866986164773864	3.7061322516339115e-08	0.028777688668014875
156.53015828479425	0.0	2.5707395932070742	0.00785973956889349	4.119678795239247e-08	0.028755095884714973
156.64064995027707	0.0	2.5698809820940776	0.007852492973013098	4.494386519767457e-08	0.028732503101415074
156.75114161575982	0.0	2.568990308446017	0.007845246377132674	4.838986781272147e-08	0.028709910318115227
156.86163328124263	0.0	2.568067900825996	0.007837999781252237	5.1598916603164384e-08	0.028687317534815376
156.9721249467254	0.0	2.5671140877971195	0.007830753185371778	5.4611034823342034e-08	0.028664724751515564
157.0826166122082	0.0	2.5661291979224905	0.007823506589491283	5.745553651063251e-08	0.02864213196821577
157.19310827769098	0.0	2.5651135597652144	0.007816259993610776	6.015941436082363e-08	0.028619539184916
157.30359994317377	0.0	2.564067501888394	0.007809013397730246	6.273932420239056e-08	0.028596946401616245
157.41409160865655	0.0	2.562991352855134	0.007801766801849685	6.520852015416966e-08	0.02857435361831653
157.52458327413933	0.0	2.5618854412285392	0.00779452020596911	6.758198443942154e-08	0.02855176083501682
157.63507493962211	0.0	2.5607500955717137	0.007787273610088511	6.986810794576367e-08	0.028529168051717138
157.7455666051049	0.0	2.559585644447761	0.007780027014207881	7.207388597941689e-08	0.02850657526841749
157.8560582705877	0.0	2.5583924164197844	0.007772780418327236	7.420906350671798e-08	0.028483982485117847
157.96654993607046	0.0	2.55717074005089	0.007765533822446571	7.627832393574121e-08	0.02846138970181824
158.07704160155325	0.0	2.5559209439041815	0.007758287226565871	7.82856880437369e-08	0.028438796918518656
158.18753326703603	0.0	2.554643356542764	0.0077510406306851585	8.023817702243669e-08	0.02841620413521909
158.29802493251884	0.0	2.553338306529737	0.007743794034804413	8.213739998923776e-08	0.028393611351919548
158.4085165980016	0.0	2.5520061224282102	0.007736547438923656	8.398923321440439e-08	0.02837101856862003
158.5190082634844	0.0	2.550647132801285	0.007729300843042873	8.579564624801491e-08	0.028348425785320527
158.6294999289672	0.0	2.549261666212065	0.007722054247162058	8.75583797582198e-08	0.02832583300202106
158.73999159444998	0.0	2.5478500512236577	0.007714807651281232	8.928214003307662e-08	0.028303240218721604
158.8504832599328	0.0	2.546412616399164	0.007707561055400374	9.096759408582686e-08	0.028280647435422177
158.96097492541554	0.0	2.544949690301689	0.0077003144595194995	9.261734781263354e-08	0.02825805465212278
159.07146659089835	0.0	2.543461601494337	0.007693067863638602	9.423377902659492e-08	0.028235461868823388
159.1819582563811	0.0	2.5419486785402126	0.0076858212677576795	9.581760103395293e-08	0.028212869085524037
159.29244992186392	0.0	2.540411250002419	0.007678574671876734	9.737089239193648e-08	0.028190276302224697
159.4029415873467	0.0	2.538849644444061	0.007671328075995763	9.889509702427858e-08	0.028167683518925384
159.5134332528295	0.0	2.537264190428243	0.007664081480114776	1.0039200891487444e-07	0.028145090735626092
159.62392491831224	0.0	2.535655216518068	0.007656834884233763	1.0186192140479595e-07	0.028122497952326835
159.73441658379508	0.0	2.534023051276642	0.0076495882883527225	1.0330644358100533e-07	0.028099905169027578
159.84490824927786	0.0	2.532368023267067	0.007642341692471666	1.0472707381702249e-07	0.028077312385728352
159.95539991476065	0.0	2.5306904610524494	0.0076350950965905825	1.0612390218699803e-07	0.028054719602429157
160.06589158024343	0.0	2.5289906914046725	0.007629873678428213	1.0577334387367243e-07	0.028031751237122638
160.1763832457262	0.0	2.527269013902262	0.00762602304388566	1.0423718546494458e-07	0.028008528651330276
160.28687491120903	0.0	2.5255257069882218	0.007622172409343133	1.0268372191940248e-07	0.02798530606553787
160.39736657669178	0.0	2.5237610485500825	0.007618321774800637	1.0111214754687751e-07	0.027962083479745457
160.50785824217456	0.0	2.521975316475371	0.007614471140258167	9.952159616502272e-08	0.027938860893953008
160.61834990765738	0.0	2.520168788651618	0.00761062050571573	9.791160210373513e-08	0.02791563830816052
160.72884157314016	0.0	2.518341742966351	0.007606769871173313	9.627975527187848e-08	0.027892415722368016
160.8393332386229	0.0	2.5164944573071	0.007602919236630934	9.462684955820539e-08	0.027869193136575484
160.9498249041057	0.0	2.5146272095613926	0.007599068602088576	9.295027821594955e-08	0.027845970550782924
161.0603165695885	0.0	2.512740277616757	0.007595217967546246	9.124922851273942e-08	0.02782274796499033
161.1708082350713	0.0	2.5108339393607237	0.007591367333003951	8.952280241062565e-08	0.027799525379197706
161.28129990055407	0.0	2.5089084726808206	0.007587516698461674	8.776794346487487e-08	0.027776302793405063
161.3917915660369	0.0	2.5069641554645763	0.007583666063919429	8.598448316660539e-08	0.02775308020761238
161.5022832315197	0.0	2.5050012655995206	0.007579815429377215	8.417059066800604e-08	0.027729857621819672
161.61277489700245	0.0	2.503020080973183	0.00757596479483503	8.232314830204259e-08	0.027706635036026946
161.72326656248524	0.0	2.50102087947309	0.007572114160292873	8.044095405301783e-08	0.027683412450234184
161.83375822796802	0.0	2.499003938986773	0.007568263525750738	7.851978286049809e-08	0.0276601898644414
161.9442498934508	0.0	2.496969537401757	0.007564412891208634	7.655844940200609e-08	0.027636967278648582
162.05474155893359	0.0	2.4949179526055745	0.007560562256666558	7.455317075482882e-08	0.02761374469285574
162.16523322441637	0.0	2.492849462485752	0.007556711622124514	7.250090392367524e-08	0.02759052210706286
162.27572488989915	0.0	2.49076434492982	0.00755286098758249	7.0395629031449e-08	0.027567299521269968
162.38621655538194	0.0	2.4886628778253055	0.007549010353040505	6.823503730766148e-08	0.027544076935477044
162.49670822086472	0.0	2.4865453390597394	0.007545159718498541	6.60116640217368e-08	0.02752085434968408
162.60719988634753	0.0	2.4844120065206488	0.007541309083956605	6.371962265349106e-08	0.02749763176389109
162.71769155183028	0.0	2.482263158095563	0.0075374584494146985	6.135120418990508e-08	0.02747440917809809
162.82818321731307	0.0	2.4800990716720115	0.007533607814872821	5.8897181485047544e-08	0.027451186592305044
162.93867488279585	0.0	2.4779200251375215	0.007529757180330974	5.634713646454671e-08	0.027427964006511974
163.04916654827866	0.0	2.4757262963796234	0.00752590654578915	5.368573387420431e-08	0.027404741420718876
163.15965821376145	0.0	2.473518163285845	0.007522055911247355	5.089635686744178e-08	0.027381518834925744
163.27014987924423	0.0	2.4712959037437163	0.007518205276705588	4.795666290175047e-08	0.027358296249132597
163.380641544727	0.0	2.4690597956407654	0.007514354642163851	4.483707741494628e-08	0.027335073663339416
163.49113321020982	0.0	2.46681011686452	0.007510504007622143	4.149807892583575e-08	0.027311851077546193
163.6016248756926	0.0	2.46454714530251	0.007506653373080461	3.7879370623935093e-08	0.02728862849175296
163.71211654117542	0.0	2.4622711588422637	0.007502802738538801	3.38914573531535e-08	0.027265405905959692
163.8226082066582	0.0	2.4599824353713116	0.00749895210399718	2.938880015694936e-08	0.027242183320166397
163.93309987214099	0.0	2.45768125277718	0.007495101469455582	2.4078974217632028e-08	0.027218960734373077
164.04359153762377	0.0	2.455367889137502	0.007477433080338904	2.0021987247314653e-08	0.027114262295395864
164.15408320310655	0.0	2.4530426301649775	0.007438558521442745	1.9550178020734887e-08	0.02688452249994097
164.2645748685893	0.0	2.4507057716345684	0.007399683962546602	1.9077704617048436e-08	0.026654782704486134
164.37506653407212	0.0	2.4483576100084	0.007360809403650452	1.8606646537023546e-08	0.026425042909031173
164.48555819955487	0.0	2.4459984417485954	0.007321934844754331	1.8136938782422256e-08	0.02619530311357631
164.59604986503768	0.0	2.4436285633172803	0.007283060285858208	1.7670702198519874e-08	0.025965563318121318
164.70654153052047	0.0	2.4412482711765793	0.007244185726962099	1.7203484014578513e-08	0.025735823522666377
164.81703319600325	0.0	2.4388578617886183	0.007205311168066004	1.6737374997096034e-08	0.025506083727211425
164.92752486148603	0.0	2.4364576316155206	0.007166436609169918	1.6272275099358702e-08	0.025276343931756463
165.03801652696882	0.0	2.434047877119412	0.007127562050273847	1.581032720751443e-08	0.02504660413630148
165.1485081924516	0.0	2.4316288947624165	0.007088687491377785	1.534691461101682e-08	0.0248168643408465
165.25899985793438	0.0	2.4292009810066597	0.007049812932481732	1.4884133420071955e-08	0.0245871245453915
165.3694915234172	0.0	2.426764432314265	0.007010938373585681	1.4421823991243855e-08	0.024357384749936435
165.47998318889995	0.0	2.424319545147361	0.006972063814689663	1.3959805472905054e-08	0.024127644954481477
165.59047485438276	0.0	2.4218666159680673	0.006933189255793636	1.3500239232563593e-08	0.023897905159026386
165.70096651986555	0.0	2.4194059412385114	0.006894314696897629	1.3038185507966314e-08	0.02366816536357134
165.81145818534833	0.0	2.4169378174208185	0.006855440138001633	1.2575715794343765e-08	0.023438425568116292
165.9219498508311	0.0	2.4144625409771128	0.006816565579105646	1.2112519993630775e-08	0.02320868577266123
166.0324415163139	0.0	2.4119804083695184	0.006777691020209671	1.164823857790955e-08	0.022978945977206157
166.14293318179668	0.0	2.4094917160601605	0.006738816461313712	1.1184996700110756e-08	0.022749206181751067
166.2534248472795	0.0	2.4069967605111637	0.00669994190241775	1.0717260227942081e-08	0.02251946638629591
166.36391651276227	0.0	2.4044958381846535	0.006661067343521808	1.0246947510279409e-08	0.022289726590840806
166.47440817824503	0.0	2.401989245542755	0.006622192784625891	9.776068309097893e-09	0.02205998679538574
166.58489984372784	0.0	2.3994772790475905	0.006583318225729962	9.298435651102234e-09	0.021830246999930556
166.69539150921062	0.0	2.396960235161288	0.006544443666834055	8.815667459786311e-09	0.021600507204475417
166.8058831746934	0.0	2.39443841034597	0.006505569107938158	8.32648877111169e-09	0.021370767409020257
166.9163748401762	0.0	2.3919121010637623	0.006466694549042272	7.829292119929725e-09	0.0211410276135651
167.02686650565897	0.0	2.389381603776789	0.0064278199901464	7.325190293493841e-09	0.02091128781810992
167.1373581711418	0.0	2.3868472149471747	0.006388945431250517	6.8052534127374326e-09	0.020681548022654622
167.24784983662457	0.0	2.384309231037046	0.006350070872354675	6.268847971863585e-09	0.020451808227199487
167.35834150210735	0.0	2.3817679485085264	0.006311196313458836	5.714539869504796e-09	0.02022206843174427
167.46883316759013	0.0	2.3792236638237396	0.006272321754563006	5.127430290434013e-09	0.01999232863628905
167.57932483307292	0.0	2.3766766734448126	0.006233447195667186	4.498886407845741e-09	0.019762588840833827
167.68981649855567	0.0	2.374127273833869	0.006194572636771389	3.80761349958734e-09	0.019532849045378643
167.80030816403848	0.0	2.3715757614530317	0.006155698077875581	3.009652537693463e-09	0.01930310924992333
167.91079982952127	0.0	2.3690224327644285	0.006116823518979799	1.987752390749758e-09	0.01907336945446807
168.02129149500405	0.0	2.3664675843133116	0.0060861817956859385	1.9072689163469175e-10	0.0188856468275412
168.13178316048686	0.0	2.3639115320235136	0.006090031325311358	3.80990586332385e-10	0.018873954047041484
168.24227482596962	0.0	2.361354635950635	0.00609388085493678	5.381469949373838e-10	0.01886226126654177
168.35276649145243	0.0	2.3587972622629003	0.006097730384562201	6.582904914755645e-10	0.018850568486042052
168.4632581569352	0.0	2.3562397771285375	0.0061015799141876225	7.592019910427794e-10	0.01883887570554233
168.573749822418	0.0	2.3536825467157745	0.006105429443813041	8.263116748529203e-10	0.018827182925042617
168.6842414879008	0.0	2.3511259371928346	0.006109278973438464	9.080297958292268e-10	0.0188154901445429
168.79473315338356	0.0	2.3485703147279504	0.00611312850306388	9.642536664408201e-10	0.01880379736404319
168.90522481886637	0.0	2.346016045489343	0.006116978032689303	1.034506072273187e-09	0.01879210458354347
169.01571648434916	0.0	2.343463495645244	0.006120827562314724	1.099965374416612e-09	0.018780411803043753
169.12620814983194	0.0	2.3409130313638764	0.006124677091940146	1.1614428331128135e-09	0.018768719022544036
169.23669981531472	0.0	2.3383650188134695	0.006128526621565567	1.2195413030723634e-09	0.018757026242044318
169.3471914807975	0.0	2.3358198241622485	0.006132376151190985	1.260791567411454e-09	0.018745333461544608
169.4576831462803	0.0	2.3332778135784435	0.006136225680816407	1.3140127808094143e-09	0.018733640681044886
169.56817481176307	0.0	2.330739353230276	0.006140075210441825	1.3519700504996912e-09	0.018721947900545176
169.67866647724588	0.0	2.328204809285977	0.006143924740067247	1.4012725022699871e-09	0.018710255120045455
169.78915814272864	0.0	2.3256745479137733	0.006147774269692668	1.4486608855819895e-09	0.01869856233954574
169.89964980821145	0.0	2.323148935281889	0.006151623799318089	1.4943177413616418e-09	0.01868686955904602
170.0101414736942	0.0	2.3206283375585537	0.006155473328943506	1.5270440181229963e-09	0.018675176778546312
170.12063313917702	0.0	2.3181131209119927	0.006159322858568929	1.570015170412851e-09	0.01866348399804659
170.23112480465977	0.0	2.315603651510434	0.00616317238819435	1.611629301965272e-09	0.018651791217546877
170.34161647014258	0.0	2.3131002955221023	0.006167021917819768	1.6415004295889754e-09	0.018640098437047163
170.45210813562537	0.0	2.310603419115227	0.006170871447445189	1.6809667666993454e-09	0.018628405656547442
170.56259980110815	0.0	2.308113388458033	0.00617472097707061	1.7193300455088205e-09	0.01861671287604773
170.67309146659093	0.0	2.305630569718749	0.006178570506696031	1.7566629020885979e-09	0.018605020095548014
170.78358313207372	0.0	2.303155329065601	0.0061824200363214486	1.7834671649800378e-09	0.0185933273150483
170.89407479755653	0.0	2.3006880326668133	0.00618626956594687	1.8191365447212308e-09	0.01858163453454858
171.00456646303928	0.0	2.298229046690617	0.0061901190955722905	1.8539380718652592e-09	0.018569941754048865
171.1150581285221	0.0	2.2957787373052363	0.00619396862519771	1.8789084782534234e-09	0.018558248973549147
171.22554979400488	0.0	2.293337470678898	0.006197818154823131	1.912293585380955e-09	0.018546556193049433
171.33604145948766	0.0	2.2909056129798304	0.00620166768444855	1.944933460190361e-09	0.018534863412549715
171.44653312497047	0.0	2.2884835303762583	0.006205517214073969	1.9683259270006334e-09	0.01852317063205
171.55702479045323	0.0	2.2860715890364114	0.00620936674369939	1.999738640752628e-09	0.018511477851550287
171.667516455936	0.0	2.283670155128513	0.00621321627332481	2.0305013625278175e-09	0.01849978507105057
171.7780081214188	0.0	2.281279594820793	0.006217065802950231	2.0606435154911634e-09	0.018488092290550855
171.88849978690158	0.0	2.278900274281476	0.006220915332575649	2.0821991386785335e-09	0.01847639951005114
171.9989914523844	0.0	2.276532559678789	0.00622476486220107	2.111309331001157e-09	0.018464706729551424
172.10948311786717	0.0	2.274176775274975	0.006227101608845367	2.563210652035025e-09	0.01845161530222095
172.21997478334995	0.0	2.271833073054556	0.0062294244198829885	2.9560055788400204e-09	0.01843851099069468
172.33046644883274	0.0	2.2695015607370674	0.0062317472309206074	3.2957337797266346e-09	0.018425406679168418
172.44095811431552	0.0	2.267182346042006	0.006234070041958225	3.602072738788772e-09	0.01841230236764215
172.5514497797983	0.0	2.264875536688871	0.006236392852995845	3.88716324676326e-09	0.018399198056115885
172.66194144528112	0.0	2.2625812403971635	0.0062387156640334625	4.147461023137398e-09	0.01838609374458962
172.7724331107639	0.0	2.260299564886381	0.006241038475071079	4.391134751874354e-09	0.018372989433063355
172.88292477624668	0.0	2.258030617876024	0.0062433612861086925	4.6172886770410275e-09	0.018359885121537096
172.99341644172947	0.0	2.2557745070855915	0.0062456840971463114	4.838503870774056e-09	0.018346780810010833
173.10390810721228	0.0	2.2535313402345825	0.0062480069081839295	5.0489620068811084e-09	0.018333676498484563
173.21439977269506	0.0	2.251301225042497	0.0062503297192215415	5.243793367483603e-09	0.018320572186958303
173.32489143817784	0.0	2.249084269228834	0.006252652530259158	5.4366129069864824e-09	0.018307467875432044
173.43538310366063	0.0	2.246880580513093	0.006254975341296772	5.619000042550873e-09	0.01829436356390578
173.54587476914344	0.0	2.244690266614772	0.006257298152334385	5.794734167308689e-09	0.018281259252379518
173.6563664346262	0.0	2.242513435253373	0.006259620963372001	5.967088754364879e-09	0.018268154940853258
173.76685810010898	0.0	2.2403501941483928	0.006261943774409611	6.1285181515407555e-09	0.018255050629327002
173.8773497655918	0.0	2.238200651019332	0.006264266585447226	6.290042894392957e-09	0.01824194631780074
173.98784143107457	0.0	2.2360649135856896	0.006266589396484836	6.441761930646659e-09	0.018228842006274483
174.09833309655733	0.0	2.233943089566965	0.006268912207522449	6.594011317828697e-09	0.018215737694748227
174.2088247620401	0.0	2.231835286682658	0.006271235018560059	6.739688787010424e-09	0.01820263338322197
174.3193164275229	0.0	2.229741612652266	0.006273557829597669	6.881522362113188e-09	0.01818952907169571
174.42980809300568	0.0	2.22766217519529	0.006275880640635282	7.0219860228487125e-09	0.018176424760169455
174.54029975848846	0.0	2.2255970820312294	0.006278203451672891	7.156763507894898e-09	0.0181633204486432
174.65079142397127	0.0	2.2235464408795815	0.006280526262710502	7.288335024847581e-09	0.018150216137116943
174.76128308945405	0.0	2.221510359459849	0.006282849073748113	7.418975764180428e-09	0.01813711182559068
174.8717747549368	0.0	2.2194889454915296	0.0062851718847857195	7.544595431952739e-09	0.01812400751406443
174.98226642041962	0.0	2.2174823066941207	0.006287494695823325	7.665458111169153e-09	0.01811090320253818
175.0927580859024	0.0	2.215490550787125	0.006289817506860931	7.785779792257747e-09	0.018097798891011922
175.20324975138521	0.0	2.213513785490039	0.0062921403178985424	7.905571121137666e-09	0.018084694579485663
175.31374141686797	0.0	2.211552118522363	0.0062944631289361475	8.02100332179092e-09	0.018071590267959417
175.42423308235075	0.0	2.209605657603597	0.006296785939973754	8.134166553693253e-09	0.018058485956433164
175.53472474783356	0.0	2.2076745104532396	0.006299108751011363	8.247013135339662e-09	0.018045381644906905
175.64521641331635	0.0	2.2057587847907913	0.006301431562048968	8.355886649207185e-09	0.018032277333380656
175.75570807879916	0.0	2.203858588335749	0.006303754373086572	8.462756723892074e-09	0.0180191730218544
175.86619974428194	0.0	2.2019740288076135	0.00630607718412418	8.569473200051041e-09	0.018006068710328147
175.97669140976473	0.0	2.2001052139258848	0.0063083999951617795	8.670786241988702e-09	0.017992964398801898
176.0871830752475	0.0	2.198252263644058	0.006307458453904639	1.1548892673702723e-08	0.017978266816575293
176.19767474073026	0.0	2.196415391581557	0.00630564418075765	1.4363434321816969e-08	0.0179631432698621
176.30816640621305	0.0	2.1945948546450906	0.006303829907610651	1.670137013541204e-08	0.01794801972314892
176.41865807169583	0.0	2.192790909975157	0.0063020156344636355	1.8740324698811266e-08	0.01793289617643575
176.5291497371786	0.0	2.191003814712253	0.006300201361316609	2.0570876954833093e-08	0.017917772629722592
176.6396414026614	0.0	2.189233825996876	0.006298387088169563	2.2243200249433667e-08	0.017902649083009453
176.75013306814418	0.0	2.187481200969524	0.006296572815022504	2.379132859095373e-08	0.01788752553629633
176.860624733627	0.0	2.185746196770694	0.006294758541875432	2.5238728000257188e-08	0.017872401989583214
176.97111639910977	0.0	2.1840290705408822	0.006292944268728347	2.6601294233402402e-08	0.017857278442870116
177.08160806459256	0.0	2.1823300794205878	0.006291129995581248	2.7891473259374025e-08	0.017842154896157033
177.1920997300753	0.0	2.180649480550307	0.006289315722434134	2.911889835008102e-08	0.017827031349443967
177.30259139555812	0.0	2.1789875310705367	0.006287501449286999	3.0290234881329e-08	0.01781190780273091
177.4130830610409	0.0	2.1773444881217747	0.006285687176139857	3.1413646947688214e-08	0.017796784256017873
177.5235747265237	0.0	2.175720608844518	0.006283872902992699	3.2493204729903766e-08	0.017781660709304845
177.6340663920065	0.0	2.174116150379264	0.006282058629845525	3.353271586333019e-08	0.017766537162591835
177.7445580574893	0.0	2.17253136986651	0.0062802443566983375	3.45362309475718e-08	0.01775141361587884
177.85504972297207	0.0	2.170966524446753	0.006278430083551136	3.550722069718418e-08	0.01773629006916586
177.96554138845482	0.0	2.169421871260492	0.006276615810403924	3.6447890757941844e-08	0.017721166522452893
178.07603305393764	0.0	2.167897667448221	0.006274801537256693	3.7360539051911005e-08	0.017706042975739935
178.18652471942042	0.0	2.16639417015044	0.006272987264109445	3.8246422208182804e-08	0.017690919429027
178.2970163849032	0.0	2.1649116365076444	0.006271172990962191	3.910921784481263e-08	0.01767579588231407
178.407508050386	0.0	2.163450323660333	0.006269358717814915	3.9948618321419344e-08	0.01766067233560116
178.5179997158688	0.0	2.162010488749002	0.00626754444466763	4.0767138503552837e-08	0.01764554878888826
178.62849138135158	0.0	2.16059238891415	0.006265730171520327	4.1565326446136005e-08	0.017630425242175382
178.73898304683433	0.0	2.159196281296274	0.0062639158983730115	4.234501676997123e-08	0.017615301695462517
178.84947471231715	0.0	2.15782242303587	0.00626210162522568	4.310655533493694e-08	0.017600178148749663
178.95996637779993	0.0	2.156471071273435	0.006260287352078337	4.385154608302975e-08	0.017585054602036822
179.0704580432827	0.0	2.1551424831494677	0.006258473078930977	4.458050414698462e-08	0.017569931055323996
179.1809497087655	0.0	2.153836915804465	0.006256658805783602	4.529389705724053e-08	0.017554807508611187
179.2914413742483	0.0	2.1525546263789233	0.006254844532636215	4.599307233348323e-08	0.017539683961898388
179.4019330397311	0.0	2.1512958720133413	0.006253030259488812	4.6678068496070276e-08	0.017524560415185606
179.51242470521387	0.0	2.1500609098482153	0.006251215986341397	4.735010346486877e-08	0.01750943686847284
179.62291637069666	0.0	2.1488499970240436	0.006249401713193965	4.8009140593673284e-08	0.017494313321760088
179.7334080361794	0.0	2.147663390681323	0.0062475874400465215	4.865629167309003e-08	0.017479189775047355
179.84389970166225	0.0	2.146501347960548	0.006245773166899058	4.929146173207792e-08	0.017464066228334622
179.954391367145	0.0	2.1453641260022205	0.006243958893751587	4.9915674385881414e-08	0.017448942681621917
180.06488303262782	0.0	2.144251972679069	0.006239608018443632	4.98056898699914e-08	0.01743695460746084
180.1753746981106	0.0	2.143164989921683	0.006233474073634297	4.91797111533973e-08	0.017427170570482396
180.28586636359339	0.0	2.1421031634763574	0.006227340128824961	4.8545904594719355e-08	0.01741738653350396
180.39635802907617	0.0	2.141066475870378	0.0062212061840156326	4.790512026622673e-08	0.017407602496525506
180.50684969455898	0.0	2.140054909631026	0.006215072239206304	4.725619137901413e-08	0.017397818459547052
180.61734136004173	0.0	2.139068447285587	0.006208938294396985	4.6599373336749716e-08	0.017388034422568602
180.72783302552455	0.0	2.138107071361342	0.006202804349587664	4.5933722987236584e-08	0.017378250385590144
180.8383246910073	0.0	2.1371707643855773	0.0061966704047783485	4.525915696219018e-08	0.017368466348611684
180.9488163564901	0.0	2.136259508885575	0.006190536459969035	4.457527006356949e-08	0.017358682311633216
181.05930802197287	0.0	2.135373287388619	0.006184402515159729	4.3881941420711544e-08	0.01734889827465475
181.16979968745568	0.0	2.134512082421992	0.006178268570350425	4.31783948530929e-08	0.01733911423767627
181.28029135293846	0.0	2.133675876512977	0.0061721346255411225	4.24637965763236e-08	0.017329330200697796
181.39078301842125	0.0	2.132864652188859	0.006166000680731824	4.173791003458062e-08	0.017319546163719314
181.50127468390406	0.0	2.1320783919769215	0.006159866735922526	4.100013520355871e-08	0.017309762126740836
181.6117663493868	0.0	2.1313170784044466	0.0061537327911132395	4.025016056707888e-08	0.01729997808976235
181.72225801486962	0.0	2.1305806939987195	0.006147598846303946	3.948624257609842e-08	0.01729019405278386
181.8327496803524	0.0	2.1298692212870223	0.006141464901494667	3.87093359541705e-08	0.017280410015805363
181.9432413458352	0.0	2.129182642796639	0.006135330956685383	3.7916461360672126e-08	0.01727062597882687
182.05373301131797	0.0	2.128520941054853	0.006129197011876108	3.710845058296652e-08	0.017260841941848362
182.16422467680073	0.0	2.1278840985889493	0.006123063067066835	3.628315369463748e-08	0.017251057904869863
182.27471634228354	0.0	2.1272720979262094	0.006116929122257563	3.5439750959251146e-08	0.017241273867891357
182.38520800776632	0.0	2.1266849215939163	0.006110795177448296	3.4576916927714515e-08	0.017231489830912848
182.4956996732491	0.0	2.126122552119356	0.006104661232639035	3.3693565472174e-08	0.017221705793934332
182.6061913387319	0.0	2.1255849720298103	0.006098527287829777	3.2787618719672464e-08	0.017211921756955812
182.7166830042147	0.0	2.125072163852563	0.006092393343020519	3.1856718299165375e-08	0.017202137719977285
182.82717466969748	0.0	2.1245841101148977	0.006086259398211265	3.089905235386624e-08	0.017192353682998762
182.93766633518027	0.0	2.124120793344098	0.006080125453402018	2.9912049570579667e-08	0.01718256964602024
183.04815800066305	0.0	2.123682196067448	0.006073991508592774	2.889317625122058e-08	0.017172785609041705
183.15864966614583	0.0	2.12326830081223	0.006067857563783533	2.7838440739665505e-08	0.017163001572063165
183.26914133162865	0.0	2.122879090105728	0.006061723618974291	2.6742578136825984e-08	0.017153217535084624
183.3796329971114	0.0	2.122514546475226	0.006055589674165059	2.5602441366195866e-08	0.017143433498106087
183.49012466259418	0.0	2.1221746524480074	0.006049455729355828	2.4410148529002508e-08	0.017133649461127536
183.600616328077	0.0	2.121859390551355	0.0060433217845465995	2.3158822666015216e-08	0.017123865424148985
183.71110799355975	0.0	2.1215687433125527	0.006037187839737376	2.18370687376753e-08	0.017114081387170438
183.82159965904253	0.0	2.1213026932588845	0.006031053894928156	2.0431889395756443e-08	0.017104297350191876
183.93209132452535	0.0	2.121061222917634	0.006024919950118936	1.8924709467724393e-08	0.01709451331321332
184.0425829900081	0.0	2.1208443153306415	0.006017393754451382	1.783871397845312e-08	0.01708302702120921
184.1530746554909	0.0	2.120651975383547	0.00600764728463913	1.758066927784266e-08	0.017068826079903045
184.26356632097367	0.0	2.1204842374509933	0.005997900814826887	1.7319979900810184e-08	0.017054625138596884
184.37405798645648	0.0	2.120341137994519	0.005988154345014637	1.7054932131141245e-08	0.017040424197290717
184.48454965193926	0.0	2.1202227134756635	0.005978407875202393	1.6786128481522706e-08	0.01702622325598455
184.59504131742207	0.0	2.120129000355962	0.005968661405390144	1.6513385277440693e-08	0.017012022314678382
184.70553298290483	0.0	2.120060035096955	0.005958914935577902	1.6236503722246375e-08	0.01699782137337222
184.81602464838764	0.0	2.12001585416018	0.005949168465765657	1.5956115320333747e-08	0.016983620432066044
184.92651631387042	0.0	2.1199964940071743	0.005939421995953415	1.5670305674012523e-08	0.016969419490759877
185.03700797935323	0.0	2.1200019910994765	0.005929675526141169	1.5379651935993655e-08	0.01695521854945371
185.147499644836	0.0	2.120032381898626	0.005919929056328929	1.508387379745093e-08	0.01694101760814754
185.2579913103188	0.0	2.12008770286616	0.005910182586516685	1.4782663375318885e-08	0.016926816666841364
185.36848297580156	0.0	2.1201679904636164	0.00590043611670445	1.4476611314357286e-08	0.0169126157255352
185.47897464128437	0.0	2.1202732811525324	0.005890689646892207	1.4163501703171793e-08	0.016898414784229026
185.58946630676715	0.0	2.1204036113944484	0.005880943177079967	1.3843828682332917e-08	0.01688421384292285
185.69995797224993	0.0	2.1205590176509	0.005871196707267727	1.351712627642215e-08	0.01687001290161668
185.81044963773275	0.0	2.1207395363834287	0.00586145023745549	1.318388949717295e-08	0.016855811960310503
185.9209413032155	0.0	2.1209452040535695	0.005851703767643254	1.284151863982685e-08	0.016841611019004336
186.0314329686983	0.0	2.121176057122861	0.005841957297831014	1.2490337539598563e-08	0.016827410077698158
186.14192463418107	0.0	2.121432132052843	0.005832210828018783	1.2130684272210128e-08	0.01681320913639198
186.25241629966388	0.0	2.1217134653050524	0.005822464358206542	1.175836619374174e-08	0.016799008195085806
186.36290796514663	0.0	2.1220200933410274	0.005812717888394312	1.1376845006487445e-08	0.01678480725377963
186.47339963062944	0.0	2.1223520526223068	0.005802971418582075	1.0981507807441842e-08	0.016770606312473454
186.58389129611223	0.0	2.122709379610429	0.005793224948769842	1.0572069528150171e-08	0.016756405371167276
186.694382961595	0.0	2.1230921107669305	0.005783478478957611	1.0148136822058035e-08	0.01674220442986109
186.8048746270778	0.0	2.123500282553351	0.005773732009145376	9.703689359031136e-09	0.01672800348855492
186.91536629256058	0.0	2.1239339314312273	0.005763985539333145	9.24153587812659e-09	0.016713802547248732
187.02585795804336	0.0	2.1243930938620994	0.0057542390695209155	8.754309425055874e-09	0.016699601605942558
187.13634962352614	0.0	2.124877806307504	0.005744492599708684	8.2391788049263e-09	0.016685400664636377
187.24684128900896	0.0	2.1253881052289803	0.0057347461298964545	7.692264700527146e-09	0.016671199723330192
187.35733295449174	0.0	2.1259240270880655	0.005724999660084226	7.102492099538343e-09	0.016656998782024007
187.46782461997452	0.0	2.1264856083462984	0.005715253190271997	6.460186657353105e-09	0.016642797840717826
187.57831628545728	0.0	2.127072885465217	0.005705506720459772	5.747763082291777e-09	0.016628596899411645
187.6888079509401	0.0	2.1276858949063593	0.005695760250647542	4.934945976057795e-09	0.01661439595810546
187.79929961642287	0.0	2.1283246731312637	0.005686013780835316	3.963733949488963e-09	0.016600195016799272
187.90979128190565	0.0	2.1289892566014688	0.005676267311023091	2.656376424420842e-09	0.016585994075493087
188.02028294738844	0.0	2.129679681671542	0.00566636344553913	2.298199718626977e-10	0.016572041093218727
188.13077461287125	0.0	2.130395956453464	0.005655759560402745	5.137872306106946e-10	0.016559190912523076
188.241266278354	0.0	2.131138023065354	0.005645155675266364	6.891758927521558e-10	0.016546340731827435
188.35175794383684	0.0	2.131905814214893	0.005634551790129975	8.281156632274603e-10	0.016533490551131774
188.4622496093196	0.0	2.1326992626097607	0.0056239479049935955	9.4679131476461e-10	0.016520640370436133
188.57274127480238	0.0	2.1335183009576375	0.005613344019857215	1.064533904423236e-09	0.016507790189740485
188.68323294028517	0.0	2.134362861966206	0.005602740134720832	1.159099725363696e-09	0.016494940009044834
188.79372460576795	0.0	2.135232878343144	0.00559213624958445	1.2464422080817367e-09	0.01648208982834919
188.90421627125073	0.0	2.1361282827961316	0.005581532364448065	1.327987387626228e-09	0.016469239647653542
189.01470793673352	0.0	2.1370490080328515	0.005570928479311685	1.4140792011918272e-09	0.016456389466957894
189.1251996022163	0.0	2.137994986760982	0.005560324594175301	1.4863358477039732e-09	0.016443539286262247
189.2356912676991	0.0	2.138966151688206	0.005549720709038915	1.5551832687925844e-09	0.016430689105566595
189.34618293318186	0.0	2.1399624355222007	0.005539116823902535	1.6210559160960876e-09	0.016417838924870948
189.45667459866468	0.0	2.1409837709706485	0.00552851293876615	1.6843028696414485e-09	0.0164049887441753
189.56716626414746	0.0	2.1420300907412293	0.005517909053629769	1.7527159487722329e-09	0.016392138563479645
189.67765792963021	0.0	2.1431013275416237	0.005507305168493388	1.8112729130231963e-09	0.016379288382784008
189.78814959511303	0.0	2.144197414079512	0.0054967012833570025	1.8679487914275964e-09	0.016366438202088357
189.8986412605958	0.0	2.145318283062574	0.005486097398220623	1.929716716744203e-09	0.016353588021392706
190.0091329260786	0.0	2.14646386719849	0.005475493513084239	1.9829202095659104e-09	0.016340737840697058
190.11962459156138	0.0	2.147634099194942	0.005464889627947855	2.034690498645888e-09	0.01632788766000141
190.23011625704416	0.0	2.1488289117596096	0.005454285742811473	2.08513435154336e-09	0.016315037479305766
190.34060792252697	0.0	2.150048237600172	0.005443681857675088	2.1343458312567632e-09	0.016302187298610115
190.45109958800975	0.0	2.151292009424312	0.0054330779725387055	2.188395732695009e-09	0.016289337117914464
190.56159125349254	0.0	2.152560159939707	0.005422474087402323	2.235255271429211e-09	0.016276486937218816
190.67208291897532	0.0	2.153852621854039	0.00541187020226594	2.281114543883286e-09	0.01626363675652317
190.7825745844581	0.0	2.1551693278749893	0.005401266317129556	2.32603272510263e-09	0.016250786575827524
190.8930662499409	0.0	2.1565102107102363	0.005390662431993176	2.3755687156202664e-09	0.016237936395131877
191.00355791542364	0.0	2.1578752030674617	0.005380058546856794	2.418659799228274e-09	0.016225086214436225
191.11404958090645	0.0	2.1592642376543467	0.0053694546617204094	2.460961424285166e-09	0.016212236033740578
191.22454124638926	0.0	2.1606772471785707	0.005358850776584023	2.502513636059391e-09	0.016199385853044927
191.33503291187205	0.0	2.1621141643478126	0.005348246891447639	2.543353176165833e-09	0.016186535672349282
191.44552457735483	0.0	2.1635749218697553	0.005337643006311259	2.5885548598720516e-09	0.01617368549165363
191.5560162428376	0.0	2.165059452452077	0.005327039121174879	2.6279900155693793e-09	0.016160835310957987
191.6665079083204	0.0	2.1665676888024605	0.005316435236038492	2.666809790382947e-09	0.01614798513026234
191.7769995738032	0.0	2.1680995636285845	0.005305831350902106	2.705040688196114e-09	0.016135134949566685
191.887491239286	0.0	2.16965500963813	0.005295227465765726	2.7474484148714434e-09	0.016122284768871037
191.99798290476878	0.0	2.171233959538777	0.005284623580629343	2.7845086248903244e-09	0.01610943458817539
192.10847457025156	0.0	2.1728363450062385	0.005294836779083517	2.773326569831731e-09	0.016223873891941427
192.21896623573434	0.0	2.1744620933559364	0.005305437073240779	2.76138251816528e-09	0.016340680156106548
192.32945790121715	0.0	2.176111130751878	0.005316037367398039	2.7431093152329837e-09	0.016457486420271693
192.4399495666999	0.0	2.177783383358064	0.005326637661555298	2.72838113075977e-09	0.016574292684436782
192.5504412321827	0.0	2.1794787773384963	0.005337237955712558	2.7122533056889196e-09	0.0166910989486019
192.66093289766548	0.0	2.1811972388571745	0.005347838249869817	2.6946784025560584e-09	0.01680790521276702
192.77142456314826	0.0	2.1829386940781017	0.005358438544027077	2.675605440066105e-09	0.01692471147693214
192.88191622863107	0.0	2.1847030691652782	0.005369038838184337	2.649275985585905e-09	0.017041517741097294
192.99240789411385	0.0	2.1864902902827055	0.005379639132341596	2.6268841779977046e-09	0.01715832400526241
193.10289955959664	0.0	2.1883002835943843	0.005390239426498853	2.602808315800454e-09	0.017275130269427535
193.21339122507942	0.0	2.1901329752643157	0.005400839720656111	2.5769778733312203e-09	0.017391936533592653
193.32388289056223	0.0	2.1919882914565023	0.005411440014813369	2.5429346624774615e-09	0.01750874279775781
193.434374556045	0.0	2.1938661583349433	0.005422040308970624	2.513167954323021e-09	0.0176255490619229
193.5448662215278	0.0	2.1957665020636403	0.005432640603127883	2.4813821049853504e-09	0.017742355326088054
193.65535788701058	0.0	2.1976892488065958	0.00544324089728514	2.4474738874656015e-09	0.017859161590253175
193.76584955249336	0.0	2.19963432472781	0.005453841191442393	2.4040984540335464e-09	0.0179759678544183
193.87634121797615	0.0	2.201601655991283	0.005464441485599649	2.3653459520340647e-09	0.01809277411858342
193.98683288345893	0.0	2.2035911687610183	0.005475041779756904	2.324068671994358e-09	0.018209580382748544
194.0973245489417	0.0	2.205602789201015	0.005485642073914159	2.2801031367006494e-09	0.01832638664691367
194.2078162144245	0.0	2.2076364434752755	0.005496242368071414	2.2332636695258545e-09	0.018443192911078796
194.3183078799073	0.0	2.209692057747801	0.00550684266222867	2.183337784751149e-09	0.018559999175243945
194.42879954539006	0.0	2.211769558182592	0.005517442956385918	2.1210352861117807e-09	0.018676805439409045
194.53929121087285	0.0	2.2138688709436503	0.005528043250543172	2.0637601713029005e-09	0.018793611703574173
194.64978287635563	0.0	2.215989922194976	0.005538643544700422	1.9925496612547824e-09	0.0189104179677393
194.76027454183844	0.0	2.218132638100572	0.005549243838857677	1.926366187321141e-09	0.01902722423190446
194.8707662073212	0.0	2.2202969448244376	0.005559844133014927	1.855211325379802e-09	0.019144030496069553
194.98125787280398	0.0	2.2224827685305764	0.0055704444271721795	1.7784546815527975e-09	0.01926083676023468
195.09174953828676	0.0	2.224690035382986	0.0055810447213294305	1.6953001045518467e-09	0.01937764302439981
195.20224120376957	0.0	2.2269186715456715	0.005591645015486683	1.6047158663038783e-09	0.019494449288564964
195.31273286925236	0.0	2.2291686031826314	0.005602245309643932	1.490776896562058e-09	0.019611255552730095
195.42322453473514	0.0	2.231439756457868	0.005612845603801182	1.3792464520722093e-09	0.019728061816895227
195.53371620021795	0.0	2.2337320575353825	0.0056234458979584345	1.2537102142628256e-09	0.019844868081060386
195.64420786570074	0.0	2.236045432579175	0.00563404619211568	1.0886319806606924e-09	0.019961674345225517
195.75469953118352	0.0	2.2383798077532475	0.0056446464862729305	9.125109303276284e-10	0.02007848060939065
195.8651911966663	0.0	2.240735109221601	0.00565524678043018	6.851500863499014e-10	0.020195286873555776
195.97568286214909	0.0	2.243111263148237	0.005665847074587427	3.086465570380827e-10	0.020312093137720907
196.08617452763187	0.0	2.2455081934215073	0.005660233200498106	0.0	0.02031903118788178
196.19666619311465	0.0	2.247925805982963	0.005650043935336447	0.0	0.020294966103139633
196.30715785859746	0.0	2.250363998266579	0.005639854670174786	0.0	0.020270901018397475
196.41764952408022	0.0	2.252822667655198	0.00562966540501313	0.0	0.02024683593365533
196.52814118956303	0.0	2.255301711531664	0.005619476139851469	0.0	0.020222770848913177
196.63863285504584	0.0	2.2578010272788194	0.005609286874689807	0.0	0.020198705764171015
196.7491245205286	0.0	2.2603205122795056	0.005599097609528152	0.0	0.020174640679428875
196.85961618601138	0.0	2.262860063916566	0.005588908344366494	0.0	0.020150575594686727
196.97010785149416	0.0	2.2654195795728445	0.005578719079204835	0.0	0.020126510509944573
197.08059951697692	0.0	2.267998956631182	0.005568529814043179	0.0	0.020102445425202432
197.19109118245973	0.0	2.2705980924744233	0.005558340548881518	0.0	0.020078380340460274
197.3015828479425	0.0	2.2732168844854095	0.0055481512837198595	0.0	0.020054315255718123
197.4120745134253	0.0	2.2758552300469845	0.0055379620185582006	0.0	0.020030250170975972
197.5225661789081	0.0	2.2785130265419915	0.00552777275339654	0.0	0.020006185086233814
197.63305784439086	0.0	2.2811901713532703	0.005517583488234884	0.0	0.019982120001491674
197.74354950987365	0.0	2.283886561863666	0.005507394223073225	0.0	0.019958054916749523
197.85404117535646	0.0	2.2866020954560224	0.005497204957911565	0.0	0.019933989832007365
197.96453284083924	0.0	2.289336669513181	0.005487015692749906	0.0	0.019909924747265214
198.07502450632202	0.0	2.2920901814179833	0.005476826427588247	0.0	0.019885859662523063
198.1855161718048	0.0	2.294862528553273	0.0054666371624265886	0.0	0.019861794577780915
198.29600783728762	0.0	2.297653608301894	0.005456447897264927	0.0	0.01983772949303876
198.40649950277037	0.0	2.300463318046686	0.0054462586321032715	0.0	0.019813664408296613
198.51699116825318	0.0	2.303291555170497	0.005436069366941611	0.0	0.01978959932355446
198.62748283373597	0.0	2.3061382170561653	0.005425880101779952	0.0	0.019765534238812308
198.73797449921875	0.0	2.309003201086534	0.005415690836618294	0.0	0.019741469154070157
198.84846616470153	0.0	2.3118864046444467	0.005405501571456635	0.0	0.019717404069328006
198.9589578301843	0.0	2.314787725112746	0.005395312306294979	0.0	0.019693338984585862
199.06944949566713	0.0	2.317707059874277	0.005385123041133315	0.0	0.0196692738998437
199.17994116114988	0.0	2.3206443063118782	0.005374933775971659	0.0	0.019645208815101557
199.2904328266327	0.0	2.323599361808395	0.005364744510809998	0.0	0.019621143730359402
199.4009244921155	0.0	2.3265721237466708	0.005354555245648337	0.0	0.019597078645617244
199.51141615759826	0.0	2.329562489509546	0.005344365980486681	0.0	0.0195730135608751
199.62190782308107	0.0	2.3325703564798643	0.00533417671532502	0.0	0.019548948476132942
199.73239948856383	0.0	2.3355956220404672	0.005323987450163364	0.0	0.0195248833913908
199.84289115404664	0.0	2.338638183574201	0.005313798185001703	0.0	0.01950081830664864
199.9533828195294	0.0	2.3416979384639047	0.005303608919840047	0.0	0.019476753221906496
200.06387448501215	0.0	2.3447747860677013	0.005284324886129936	0.0	0.019390418498588136
200.17436615049496	0.0	2.3478686580247103	0.005258403265178504	0.0	0.019258637851458423
200.28485781597777	0.0	2.3509795122958757	0.005232481644227073	0.0	0.01912685720432871
200.39534948146053	0.0	2.3541073076100085	0.0052065600232756555	0.0	0.018995076557199064
200.5058411469433	0.0	2.3572520026959194	0.005180638402324231	0.0	0.018863295910069387
200.61633281242612	0.0	2.360413556282422	0.0051547167813728	0.0	0.018731515262939674
200.7268244779089	0.0	2.363591927098325	0.005128795160421374	0.0	0.018599734615809996
200.83731614339172	0.0	2.3667870738724393	0.005102873539469944	0.0	0.018467953968680284
200.94780780887447	0.0	2.3699989553335743	0.0050769519185185265	0.0	0.01833617332155064
201.05829947435723	0.0	2.3732275302105417	0.005051030297567108	0.0	0.018204392674420995
201.16879113984004	0.0	2.3764727572321545	0.005025108676615676	0.0	0.018072612027291282
201.27928280532282	0.0	2.3797345951272217	0.004999187055664251	0.0	0.017940831380161604
201.3897744708056	0.0	2.3830130026245535	0.0049732654347128275	0.0	0.017809050733031927
201.50026613628842	0.0	2.3863079384529633	0.004947343813761397	0.0	0.01767727008590221
201.6107578017712	0.0	2.3896193613412593	0.004921422192809971	0.0	0.017545489438772537
201.72124946725398	0.0	2.392947230018252	0.004895500571858547	0.0	0.017413708791642855
201.83174113273677	0.0	2.3962915032127543	0.004869578950907122	0.0	0.017281928144513178
201.94223279821955	0.0	2.399652139653575	0.004843657329955698	0.0	0.0171501474973835
202.05272446370236	0.0	2.4030290980695272	0.004817735709004267	0.0	0.017018366850253784
202.16321612918514	0.0	2.4064223371894196	0.004791814088052841	0.0	0.016886586203124106
202.27370779466793	0.0	2.4098318157420646	0.004765892467101417	0.0	0.01675480555599443
202.38419946015074	0.0	2.4132574924562724	0.004739970846149986	0.0	0.016623024908864716
202.4946911256335	0.0	2.416699326060852	0.004714049225198568	0.0	0.016491244261735073
202.6051827911163	0.0	2.420157275284617	0.004688127604247136	0.0	0.016359463614605357
202.71567445659906	0.0	2.423631298856376	0.004662205983295718	0.0	0.016227682967475718
202.82616612208184	0.0	2.4271213555049416	0.0046362843623442935	0.0	0.016095902320346037
202.93665778756466	0.0	2.4306274039591256	0.004610362741392863	0.0	0.015964121673216324
203.04714945304744	0.0	2.4341494029477344	0.004584441120441438	0.0	0.015832341026086647
203.1576411185302	0.0	2.437687311199582	0.00455851949949002	0.0	0.015700560378957
203.268132784013	0.0	2.4412410874434802	0.004532597878538588	0.0	0.01556877973182729
203.3786244494958	0.0	2.444810690408237	0.0045066762575871645	0.0	0.01543699908469761
203.48911611497857	0.0	2.4483960788226646	0.00448075463663574	0.0	0.015305218437567932
203.59960778046138	0.0	2.451997211415574	0.004454833015684308	0.0	0.01517343779043822
203.71009944594417	0.0	2.455614046915777	0.004428911394732883	0.0	0.015041657143308542
203.82059111142695	0.0	2.4592465440520805	0.004402989773781459	0.0	0.014909876496178863
203.9310827769097	0.0	2.462894661553298	0.004377068152830042	0.0	0.014778095849049218
204.0415744423925	0.0	2.4665583578138843	0.004358959097156907	0.0	0.01469113556890182
204.15206610787533	0.0	2.4702375762040716	0.00435380079375384	0.0	0.014678473224037486
204.26255777335808	0.0	2.473932239316641	0.004348642490350778	0.0	0.014665810879173163
204.37304943884087	0.0	2.477642268221336	0.004343484186947714	0.0	0.014653148534308836
204.48354110432365	0.0	2.481367583987897	0.00433832588354465	0.0	0.014640486189444508
204.59403276980646	0.0	2.4851081076860635	0.004333167580141585	0.0	0.01462782384458018
204.70452443528922	0.0	2.4888637603855757	0.004328009276738523	0.0	0.014615161499715854
204.815016100772	0.0	2.492634463156174	0.004322850973335459	0.0	0.014602499154851529
204.92550776625478	0.0	2.4964201370676005	0.004317692669932395	0.0	0.014589836809987202
205.0359994317376	0.0	2.500220703189594	0.00431253436652933	0.0	0.01457717446512287
205.14649109722038	0.0	2.504036082591895	0.004307376063126266	0.0	0.014564512120258544
205.25698276270316	0.0	2.507866196344242	0.004302217759723202	0.0	0.014551849775394216
205.36747442818597	0.0	2.51171096551638	0.004297059456320138	0.0	0.014539187430529886
205.47796609366878	0.0	2.5155703111780463	0.004291901152917072	0.0	0.014526525085665556
205.58845775915154	0.0	2.5194441543989785	0.00428674284951401	0.0	0.014513862740801233
205.69894942463432	0.0	2.523332416248922	0.004281584546110946	0.0	0.014501200395936905
205.8094410901171	0.0	2.5272350177976137	0.004276426242707882	0.0	0.014488538051072579
205.91993275559986	0.0	2.5311518801147947	0.00427126793930482	0.0	0.014475875706208254
206.03042442108264	0.0	2.5350829242702067	0.004266109635901756	0.0	0.014463213361343928
206.14091608656545	0.0	2.5390280713335907	0.004260951332498692	0.0	0.014450551016479598
206.25140775204824	0.0	2.542987242374684	0.004255793029095628	0.0	0.014437888671615271
206.36189941753105	0.0	2.54696035846323	0.004250634725692562	0.0	0.014425226326750942
206.47239108301386	0.0	2.5509473406689662	0.004245476422289497	0.0	0.01441256398188661
206.58288274849664	0.0	2.554948110061634	0.0042403181188864335	0.0	0.014399901637022285
206.6933744139794	0.0	2.558962587710972	0.0042351598154833706	0.0	0.014387239292157959
206.80386607946218	0.0	2.562990694686724	0.004230001512080308	0.0	0.014374576947293632
206.91435774494497	0.0	2.5670323520586282	0.004224843208677244	0.0	0.014361914602429308
207.02484941042775	0.0	2.5710874808964257	0.00421968490527418	0.0	0.01434925225756498
207.13534107591053	0.0	2.575156002269857	0.004214526601871116	0.0	0.014336589912700651
