Q20,Q30
1.520000000000000000e+02,0.000000000000000000e+00
1.524554534261028209e+02,0.000000000000000000e+00
1.529109069939463552e+02,0.000000000000000000e+00
1.533663608451768425e+02,0.000000000000000000e+00
1.538218151212497844e+02,0.000000000000000000e+00
1.542772699633362947e+02,0.000000000000000000e+00
1.547327255122279155e+02,0.000000000000000000e+00
1.551881819082410345e+02,0.000000000000000000e+00
1.556436392911258508e+02,0.000000000000000000e+00
1.560990977999693996e+02,0.000000000000000000e+00
1.565545575731041197e+02,0.000000000000000000e+00
1.570100187480134935e+02,0.000000000000000000e+00
1.574654814612421774e+02,0.000000000000000000e+00
1.579209458483021251e+02,0.000000000000000000e+00
1.583764120435828318e+02,0.000000000000000000e+00
1.588318801802604980e+02,0.000000000000000000e+00
1.592873503902088999e+02,0.000000000000000000e+00
1.597428228039117073e+02,0.000000000000000000e+00
1.601982975503728426e+02,0.000000000000000000e+00
1.606537747570324086e+02,0.000000000000000000e+00
1.611092545496779849e+02,0.000000000000000000e+00
1.615647370523633981e+02,0.000000000000000000e+00
1.620202223873227183e+02,0.000000000000000000e+00
1.624757106748893136e+02,0.000000000000000000e+00
1.629312020334148770e+02,0.000000000000000000e+00
1.633866965791895609e+02,0.000000000000000000e+00
1.638421944263647276e+02,0.000000000000000000e+00
1.642976956868740785e+02,0.000000000000000000e+00
1.647532004703594168e+02,0.000000000000000000e+00
1.652087088840971774e+02,0.000000000000000000e+00
1.656642210329260934e+02,0.000000000000000000e+00
1.661197370191763980e+02,0.000000000000000000e+00
1.665752569426003333e+02,0.000000000000000000e+00
1.670307809003042223e+02,0.000000000000000000e+00
1.674863089866854864e+02,0.000000000000000000e+00
1.679418412933666502e+02,0.000000000000000000e+00
1.683973779091345762e+02,0.000000000000000000e+00
1.688529189198789595e+02,0.000000000000000000e+00
1.693084644085371622e+02,0.000000000000000000e+00
1.697640144550345269e+02,0.000000000000000000e+00
1.702195691362323373e+02,0.000000000000000000e+00
1.706751285258760902e+02,0.000000000000000000e+00
1.711306926945445923e+02,0.000000000000000000e+00
1.715862617096020699e+02,0.000000000000000000e+00
1.720418356351529496e+02,0.000000000000000000e+00
1.724974145319979755e+02,0.000000000000000000e+00
1.729529984575927415e+02,0.000000000000000000e+00
1.734085874660090667e+02,0.000000000000000000e+00
1.738641816078977058e+02,0.000000000000000000e+00
1.743197809304542716e+02,0.000000000000000000e+00
1.747753854773864930e+02,0.000000000000000000e+00
1.752309952888847988e+02,0.000000000000000000e+00
1.756866104015938959e+02,0.000000000000000000e+00
1.761422308485885537e+02,0.000000000000000000e+00
1.765978566593507537e+02,0.000000000000000000e+00
1.770534878597481168e+02,0.000000000000000000e+00
1.775091244720186694e+02,0.000000000000000000e+00
1.779647665147525402e+02,0.000000000000000000e+00
1.784204140028795962e+02,0.000000000000000000e+00
1.788760669476606040e+02,0.000000000000000000e+00
1.793317253566767988e+02,0.000000000000000000e+00
1.797873892338258486e+02,0.000000000000000000e+00
1.802430585793183582e+02,0.000000000000000000e+00
1.806987333896762777e+02,0.000000000000000000e+00
1.811544136577361712e+02,0.000000000000000000e+00
1.816100993726520301e+02,0.000000000000000000e+00
1.820657905199031461e+02,0.000000000000000000e+00
1.825214870813029222e+02,0.000000000000000000e+00
1.829771890350099284e+02,0.000000000000000000e+00
1.834328963555441305e+02,0.000000000000000000e+00
1.838886090138007319e+02,0.000000000000000000e+00
1.843443269770700113e+02,0.000000000000000000e+00
1.848000502090600321e+02,0.000000000000000000e+00
1.852557786699198914e+02,0.000000000000000000e+00
1.857115123162641055e+02,0.000000000000000000e+00
1.861672511012036750e+02,0.000000000000000000e+00
1.866229949743769794e+02,0.000000000000000000e+00
1.870787438819798751e+02,0.000000000000000000e+00
1.875344977668059130e+02,0.000000000000000000e+00
1.879902565682815521e+02,0.000000000000000000e+00
1.884460202225066041e+02,0.000000000000000000e+00
1.889017886622974913e+02,0.000000000000000000e+00
1.893575618172310158e+02,0.000000000000000000e+00
1.898133396136944668e+02,0.000000000000000000e+00
1.902691219749318350e+02,0.000000000000000000e+00
1.907249088210978130e+02,0.000000000000000000e+00
1.911807000693106033e+02,0.000000000000000000e+00
1.916364956337096714e+02,0.000000000000000000e+00
1.920922954255150046e+02,0.000000000000000000e+00
1.925480993530873661e+02,0.000000000000000000e+00
1.930039073219943759e+02,0.000000000000000000e+00
1.934597192350735497e+02,0.000000000000000000e+00
1.939155349925051439e+02,0.000000000000000000e+00
1.943713544918803393e+02,0.000000000000000000e+00
1.948271776282774113e+02,0.000000000000000000e+00
1.952830042943343756e+02,0.000000000000000000e+00
1.957388343803293083e+02,0.000000000000000000e+00
1.961946677742558904e+02,0.000000000000000000e+00
1.966505043619050355e+02,0.000000000000000000e+00
1.971063440269431055e+02,0.000000000000000000e+00
1.975621866509929703e+02,0.000000000000000000e+00
1.980180321137138435e+02,0.000000000000000000e+00
1.984738802928811481e+02,0.000000000000000000e+00
1.989297310644708716e+02,0.000000000000000000e+00
1.993855843027454000e+02,0.000000000000000000e+00
1.998414398803494976e+02,0.000000000000000000e+00
2.002972976684208959e+02,0.000000000000000000e+00
2.007531575367194137e+02,0.000000000000000000e+00
2.012090193537796097e+02,0.000000000000000000e+00
2.016648829870792099e+02,0.000000000000000000e+00
2.021207483031917320e+02,0.000000000000000000e+00
2.025766151678488995e+02,0.000000000000000000e+00
2.030324834457893530e+02,0.000000000000000000e+00
2.034883530003025101e+02,0.000000000000000000e+00
2.039442236927111765e+02,0.000000000000000000e+00
2.044000953829612115e+02,0.000000000000000000e+00
2.048559679337306534e+02,0.000000000000000000e+00
2.053118412195077838e+02,0.000000000000000000e+00
2.057677151307482006e+02,0.000000000000000000e+00
2.062235895392532257e+02,0.000000000000000000e+00
2.066794643117796113e+02,0.000000000000000000e+00
2.071353408388284265e+02,0.000000000000000000e+00
