Q20	Q30	EHFB	M22	M23	M33
32.0	0.0	0.0001	0.036324999999999996	0.0	0.0521244
32.41489400545491	0.4450683095875004	0.00010000520405191245	0.04162344387493647	0.007449792312751471	0.05300151281591607
32.84205355760649	0.8785499583933899	0.03553964524066038	0.04757854701078436	0.01040330351572518	0.052904622640269926
33.39318416952292	1.1360617478392518	0.10722621210721822	0.05592946963782949	0.012396883115813178	0.05222329746063329
33.95906355462523	1.3604193621388447	0.20479005951841803	0.06467633508078338	0.012575410551848944	0.051078843971431906
34.531378122987256	1.5661600453718008	0.3241626298473322	0.07320135145483143	0.010993471718043192	0.04996945243248696
35.10945279283412	1.7573948414789484	0.46185154198667633	0.08102578274822342	0.007779782073836275	0.049382213449527854
35.69092148382547	1.9351164922704895	0.6138564390869119	0.08767767239994999	0.0031542211011486958	0.049781600019724453
36.27702679149768	2.1006649471390086	0.7771845011357008	0.0893343584337957	0.0003953260888192088	0.050487944187265835
36.863264102467056	2.261402510524708	0.9488354437834357	0.08699699322630948	0.0007463746107146029	0.05036989940264781
37.451700203439	2.41904926685646	1.1276463032827408	0.08506242286454337	0.00111138781365856	0.05024865860603417
38.03922381854609	2.574461287813376	1.310794809778363	0.08352429149553416	0.0014951613840894877	0.05012503433352352
38.628287828289594	2.730335584213201	1.4969859221870665	0.08236685416701833	0.0019102704837335987	0.04999858463328301
39.21509521135705	2.8879098628265862	1.6827472014854812	0.0815963954252309	0.0023696555452595663	0.04987078533295217
39.80255020950149	3.050318233155299	1.8664552054461403	0.08121675859735736	0.002896846815443751	0.04974310093390591
40.38624492632867	3.218615951551233	2.043950340683733	0.08424751035744982	0.0034733370960530947	0.049891432461115055
40.974640547065434	3.378177298604396	2.2155055734907365	0.08825298172249739	0.0039916884181790645	0.05021264192578569
41.565614231470434	3.518247854179619	2.380428883171055	0.09157630920417258	0.004429801929876703	0.05057694134723743
42.164978579251375	3.6304745598782686	2.54206015246966	0.0944344097464932	0.004785891420071223	0.05099516175715847
42.76755478737669	3.7050140434022545	2.7023777826095614	0.09707434297890018	0.005064437114201966	0.05146902255274111
43.376757451802575	3.73366457123602	2.86679071672345	0.09987355107349172	0.005286934646114445	0.052005554238302075
43.9831546301173	3.709599484318197	3.036968011302918	0.10321073551729092	0.0054784187565059764	0.052597333140884966
44.58762256813523	3.6281940700553617	3.215429107273088	0.10838224148496377	0.008352318870030209	0.051495706470115074
45.18164417001422	3.506189317977668	3.3960312088468414	0.11301501057069233	0.01144121538667861	0.05066729536860117
45.771894740093614	3.3525258419435207	3.576197535952711	0.11677375511525463	0.014439890056916867	0.05007225579175547
46.35155397667737	3.1762083472762286	3.749613615608367	0.11944725655294751	0.017068079032571896	0.04959979663585213
46.928709137986814	2.97910713896766	3.9154927931658707	0.12100314453488745	0.01915039791553513	0.04911404254779927
47.49562166567021	2.7669939202810125	4.069604941484878	0.12139261745691521	0.02049587241108546	0.04850361797525813
48.0609920761592	2.5384806216509945	4.213532232582141	0.12051065004529238	0.020553553840017637	0.047513990185811615
48.61839834564371	2.304091759617617	4.345544609952581	0.11812119329446572	0.01675656475994835	0.045398818308521924
49.1790267007803	2.0644402840785885	4.469331132613348	0.11525165635754088	0.01335910391773838	0.04362602689422345
49.73488321205045	1.8279451750952251	4.584135346959589	0.11207678528901831	0.010446739467455616	0.042124144078487094
50.29797850074305	1.5944303054844187	4.693221164857802	0.10865668243954027	0.007966010782569371	0.04077115306345065
50.85906748532646	1.3722028450189139	4.795437098148991	0.10516129142061434	0.005942876382003649	0.039513699332751014
51.43086256832489	1.1611403729893963	4.893764898419038	0.10161639131834393	0.004303753174788243	0.03826270213187992
52.00253778138132	0.9694697208693126	4.987324544022372	0.09817322278629768	0.003039098283372266	0.03700185453606993
52.58719635025461	0.7973585787791769	5.079635695701238	0.0948377898098582	0.0022004751889662996	0.036410928537863964
53.171034459442566	0.6487907594569542	5.169752521962839	0.09199681585339774	0.0015765175583973248	0.03580927991951784
53.7668274958566	0.5203202111760109	5.260632942629634	0.08953463056293952	0.0011077723405023812	0.03517754331171429
54.35920068873092	0.41325557674976793	5.350577525791815	0.0874469437459376	0.0007668442289257044	0.034530728280636795
54.96202109314058	0.3229058344389683	5.441948955323063	0.08561910018837354	0.0005149291754481005	0.03385484704421166
55.55888458418582	0.24813595730115712	5.532161816487882	0.0840374996677575	0.00033371098662793547	0.03317084195948121
56.16506244213436	0.1832890053430584	5.623169897712098	0.08096421410232983	0.00022465757992013542	0.032504705314260154
56.763158044067	0.12309472146708487	5.712550897075101	0.07360829041465679	0.000171055577601562	0.03195354944172033
57.370448131133344	0.06884290619944312	5.804136038292759	0.06609741569965333	9.885904386838846e-05	0.03139672128776103
57.96966013238544	0.026114570750721575	5.896638984847886	0.05867071239767191	3.524226297201368e-05	0.030848881830763633
58.578899064866256	0.0005257515330760499	5.994142638728787	0.05115066498349033	-2.9698037699073457e-07	0.030290871767219677
59.17925813913667	0.0022286748171460938	6.094805220831418	0.04384367626592378	1.4825956302482582e-06	0.029735727853114548
59.78910567044284	0.0024296331692814505	6.203998507538664	0.03641482669021507	1.0140417308613748e-06	0.029172142448239485
60.3891149999486	0.0022882934725311503	6.319837593078606	0.03316841543923678	0.00043095622783546005	0.02880574168533016
60.999019431258105	0.00183682479007055	6.447619867390912	0.031978471593218726	0.0009156358495978396	0.028664920499231104
61.598722820336086	0.0013888461783621202	6.584467174707239	0.030735037815002007	0.0011490209466144697	0.028600471408668907
62.208655824741065	0.0009036022201089272	6.7364198090001475	0.02948628046238959	0.0011399765075853537	0.028519613275980318
62.80808395238489	0.00032888246435914344	6.899650094663179	0.028363031445805802	0.0009139498860173715	0.028336644875416265
63.41800196301094	0.0028304523604708834	7.081158788120631	0.027417510942141572	0.0005222184534501912	0.027957592523815362
64.01714355989526	0.00802230448594814	7.275983857742417	0.026746278788922974	2.62705478597241e-05	0.027312908207307623
64.62704236656137	0.007526362731106923	7.4917915851230195	0.02560007465280823	4.538493177196909e-05	0.02668047453870666
65.22596519263561	0.0044346043646821985	7.717876380006101	0.02447375772038149	4.736759792239288e-05	0.026058648332692187
65.83580956600194	0.0012474217283449344	7.958699527745329	0.023325518298124306	3.0447701564706064e-05	0.02542661795059691
66.43453622068778	0.00010735647435618838	8.201908672383547	0.02219800480496952	1.0177561887581123e-05	0.02480736500926807
67.04431846995948	0.000384312512788359	8.452834260464122	0.02105014427070342	1.9793283102552016e-05	0.024177093312573335
67.64287299337423	0.0004370162456484976	8.698683761392026	0.019923322957851358	2.0354429242945294e-05	0.023558386187681465
68.25256122717711	0.00037559724795118815	8.944859754547984	0.02013837192588196	0.0013293641717060114	0.023203282234057834
68.85097352285389	0.00038067865213739776	9.176558080165151	0.022219067139774368	0.002106458100401983	0.02325853565516741
69.46054298833627	0.0006527560422085724	9.393912948549858	0.024275362232059665	0.002269503126921874	0.023378444783234156
70.05883962251296	0.001095631071329721	9.580408520581557	0.02619350288795702	0.0020834163970675995	0.02359680059080365
70.66826228272784	0.0017067063387253795	9.73430323906028	0.02800643599441706	0.0016326670571714971	0.02396079121730033
71.26646154838305	0.00235061081121547	9.841425295200164	0.02960943584329769	0.000989684431958609	0.024495174092708277
71.87570598329197	0.003139356162832493	9.897057010535914	0.03102326357794994	0.00018134561606186062	0.025259070702252997
72.47384945936356	0.002288473651665609	9.891920869907425	0.032017509107529776	1.828025331390302e-06	0.025493712240569094
73.08292898847793	0.006227901847477688	9.832132835173663	0.032976552880005075	6.235846145457174e-06	0.025550835243375914
73.6802501384184	0.03726139651595522	9.734653751823444	0.03393218152049991	4.577738741249409e-05	0.02557508031108404
74.28727360955004	0.08513121940147057	9.60475844212419	0.034833907249073884	0.00012573787995283348	0.025568250180702246
74.88297898779865	0.13845662432524644	9.455252210977399	0.03561158204809708	0.0002393943770288352	0.025537842762527265
75.48963104958811	0.18870710416274392	9.289082882019729	0.03629724192624369	0.0003753522546223682	0.02549747824041621
76.08668557869322	0.22352330636992737	9.120864853350314	0.03702929660140262	0.0005003201665974285	0.02545626132206512
76.69511304389206	0.23490413460259235	8.95142822510472	0.03850991681429803	0.0005671078752235702	0.02537558541422772
77.29311669365308	0.22661864392520603	8.786358303327061	0.04001963224489164	0.000580266256796362	0.025325408829135903
77.90103161897405	0.20360605093810927	8.617795553662734	0.0415682009840411	0.0005447092450700764	0.02529162011014046
78.49818557327363	0.1708883038662212	8.448863400839379	0.04307392657723099	0.0004696905813158571	0.025266949651559695
79.1051258233891	0.1323016879304842	8.270924567180927	0.044568442442026665	0.00036707642286707917	0.025242786651149075
79.70192961090284	0.09361705286514435	8.086816697718685	0.04599429629823312	0.00025611004548323067	0.02521392957385106
80.30887749665342	0.05848008914116627	7.887209325464877	0.04591005718239776	0.00015452397630441063	0.02510965477908402
80.90626766385014	0.029556709785465228	7.677646721827631	0.044395766882909984	7.576467027645241e-05	0.024939008635814115
81.51365521979392	0.008753430885290393	7.45324276668793	0.042854850009238075	2.2822876101270906e-05	0.0247563299274854
82.11174065848994	0.0006172333655133327	7.2237828029639335	0.0413444597737771	5.709421267815156e-06	0.024562333782110035
82.71929783056162	0.0013776214565201495	6.983980746340902	0.03981864581491974	1.1523925867808558e-05	0.024354682041435875
83.31750073859936	0.0013926061162962188	6.741755551338403	0.038315546638333746	1.4617571751430632e-05	0.0241510937454427
83.92484688688721	0.001443623958421032	6.491714862754396	0.03678953067730518	1.7075769942984313e-05	0.023944351643116032
84.52310995828354	0.0015839039591519452	6.243151662265924	0.03515435392432988	1.638719589253551e-05	0.02383842551144835
85.13023035377637	0.0017174586581972036	5.989491648977434	0.033475790787048015	1.4987208537219544e-05	0.02374522474439605
85.72857771996775	0.001818464457718624	5.738649787040051	0.03182150650530258	1.3283145501889945e-05	0.023653421004595804
86.3354536577446	0.0019052278918288707	5.483942054542115	0.030143676441819207	1.1265237378511722e-05	0.023560338533386987
86.93391217530798	0.0019646293964566183	5.23303246602733	0.028489096267765412	8.989876658031971e-06	0.023468581189652126
87.54052728428206	0.0020139114435666896	4.979541411125197	0.026811971589865966	6.4241788405867284e-06	0.0233755901004105
88.13912334289557	0.0019834133943786576	4.730764958284292	0.025482424142114105	8.112654654566289e-05	0.023272081667322888
88.74546324800131	0.0017136033364301576	4.480664598240157	0.025165125754796812	0.0003927493289761369	0.023187017045459675
89.34422542024124	0.0014645060416531696	4.23616214791634	0.024766124060824568	0.0006482956767972319	0.023188707468915413
89.95028309164121	0.0012175649733000243	3.991714210311394	0.024287295615901892	0.0008331536533332817	0.023265365102936794
90.549232657772	0.0010346113088390524	3.7536713378272686	0.023751615525528666	0.0009181634229773721	0.023403786652212377
91.15499543654755	0.0008959973947641069	3.517025575831782	0.023158221294911553	0.0008640408020594846	0.023595555502323593
91.75414943263672	0.0008407448789533139	3.287554216509231	0.022531706692099782	0.000549550192070908	0.02382512911352692
92.35960482701597	0.0008146647009827146	3.060810294368243	0.02308063506644718	0.0007367195890959987	0.024363185743438792
92.95898096149897	0.000758398159157327	2.841669583906422	0.024573178523031224	0.0012043357238825415	0.024953736429262692
93.56411821189856	0.0006923101353254876	2.6258537527986245	0.026193074750353505	0.0014145254763901188	0.02543702441269697
94.16373520452572	0.0006411445470902266	2.417439071843153	0.027844317596855423	0.0013923788620625738	0.025869897288691227
94.76854559113028	0.0006047275085743588	2.212742474789364	0.029489690790948365	0.001143604848994666	0.02632677656253134
95.36842053420834	0.000593717342418517	2.0152428515208936	0.031035650591403355	0.0006847502310551713	0.026865962350304192
95.97289632150253	0.00060819261232354	1.8218413360687102	0.032440200855184856	3.3720147222606206e-05	0.027562540570904733
96.57304500006	0.000596197953672564	1.6354963319390996	0.03164900530743548	0.0006845064469787105	0.027023325047425426
97.17717987321987	0.000588032925674228	1.4540506386904852	0.030545996970598586	0.0013346449794525825	0.026624413163051853
97.77761717866316	0.0005778343933882138	1.2803209493894128	0.029249462510208733	0.0018570628333464776	0.0264282192857322
98.3814065631149	0.0005636662644307443	1.1127711712512158	0.027755256799442157	0.0021928094649266215	0.026421362923606792
98.9821457996098	0.0005421739815874316	0.9536888500207277	0.02608991397093554	0.0022380117002662827	0.026593226500200455
99.58558670701224	0.0005125408850833627	0.8020535274200639	0.024248541461270492	0.0017577582865692858	0.026934400639820832
100.18663966517956	0.00048388170268638046	0.6596577294566807	0.022573474416920637	2.2703020625092423e-06	0.027250063472721325
100.78973074581695	0.00046901377590825383	0.5258412340302443	0.021544840173161738	2.7626496689195582e-06	0.02721514602692939
101.3911075112662	0.00044928537984780176	0.4016439255583015	0.020519129811289064	3.2355691912063382e-06	0.027180328182077516
101.99384889611665	0.00043103995846316005	0.2866106106759397	0.01949108851185977	3.7072068901561184e-06	0.02714543358511587
102.59555800895104	0.0004007621945641456	0.18139060972110252	0.018464808598624642	4.107633968289747e-06	0.027110599007926076
103.19795145375237	0.0003714586572690045	0.08586522602055634	0.017437356820470613	4.482561171879973e-06	0.027075727942929315
103.8	0.0	0.00033757822648123	0.016410535000000007	2.743643570166484e-10	0.027040869999999998
