Q20,Q30
3.200000000000000000e+01,0.000000000000000000e+00
3.241489400545491151e+01,4.450683095875004325e-01
3.284205355760649070e+01,8.785499583933898959e-01
3.339318416952291813e+01,1.136061747839251845e+00
3.395906355462523152e+01,1.360419362138844734e+00
3.453137812298725606e+01,1.566160045371800980e+00
3.510945279283411935e+01,1.757394841478948422e+00
3.569092148382546981e+01,1.935116492270489763e+00
3.627702679149767562e+01,2.100664947139008643e+00
3.686326410246706331e+01,2.261402510524707754e+00
3.745170020343899608e+01,2.419049266856459823e+00
3.803922381854609114e+01,2.574461287813375687e+00
3.862828782828958651e+01,2.730335584213201550e+00
3.921509521135705967e+01,2.887909862826586682e+00
3.980255020950149003e+01,3.050318233155298930e+00
4.038624492632867202e+01,3.218615951551233589e+00
4.097464054706543379e+01,3.378177298604395862e+00
4.156561423147043399e+01,3.518247854179619161e+00
4.216497857925137538e+01,3.630474559878269059e+00
4.276755478737668881e+01,3.705014043402254043e+00
4.337675745180257536e+01,3.733664571236019913e+00
4.398315463011729776e+01,3.709599484318197415e+00
4.458762256813523095e+01,3.628194070055361653e+00
4.518164417001422350e+01,3.506189317977667752e+00
4.577189474009361447e+01,3.352525841943521101e+00
4.635155397667737986e+01,3.176208347276229027e+00
4.692870913798682153e+01,2.979107138967659996e+00
4.749562166567021393e+01,2.766993920281012542e+00
4.806099207615919511e+01,2.538480621650994529e+00
4.861839834564371188e+01,2.304091759617616919e+00
4.917902670078029814e+01,2.064440284078588483e+00
4.973488321205044826e+01,1.827945175095225361e+00
5.029797850074304932e+01,1.594430305484418664e+00
5.085906748532646304e+01,1.372202845018913875e+00
5.143086256832489056e+01,1.161140372989396319e+00
5.200253778138132077e+01,9.694697208693126012e-01
5.258719635025460803e+01,7.973585787791770407e-01
5.317103445944256634e+01,6.487907594569541914e-01
5.376682749585660304e+01,5.203202111760109050e-01
5.435920068873092248e+01,4.132555767497679278e-01
5.496202109314057793e+01,3.229058344389683088e-01
5.555888458418581877e+01,2.481359573011571173e-01
5.616506244213436361e+01,1.832890053430583643e-01
5.676315804406699783e+01,1.230947214670848888e-01
5.737044813113334385e+01,6.884290619944312406e-02
5.796966013238544235e+01,2.611457075072157880e-02
5.857889906486625620e+01,5.257515330760498566e-04
5.917925813913667099e+01,2.228674817146093778e-03
5.978910567044284363e+01,2.429633169281450455e-03
6.038911499994859611e+01,2.288293472531150331e-03
6.099901943125810533e+01,1.836824790070550138e-03
6.159872282033608570e+01,1.388846178362120216e-03
6.220865582474106503e+01,9.036022201089272728e-04
6.280808395238489084e+01,3.288824643591434357e-04
6.341800196301093706e+01,2.830452360470883406e-03
6.401714355989525984e+01,8.022304485948140301e-03
6.462704236656136914e+01,7.526362731106923248e-03
6.522596519263561277e+01,4.434604364682198478e-03
6.583580956600194156e+01,1.247421728344934571e-03
6.643453622068777520e+01,1.073564743561883827e-04
6.704431846995947808e+01,3.843125127883590189e-04
6.764287299337422610e+01,4.370162456484975606e-04
6.825256122717711094e+01,3.755972479511882024e-04
6.885097352285389150e+01,3.806786521373977565e-04
6.946054298833627172e+01,6.527560422085723537e-04
7.005883962251296282e+01,1.095631071329720898e-03
7.066826228272783794e+01,1.706706338725379451e-03
7.126646154838304881e+01,2.350610811215470171e-03
7.187570598329196514e+01,3.139356162832492980e-03
7.247384945936357781e+01,2.288473651665609565e-03
7.308292898847793140e+01,6.227901847477687949e-03
7.368025013841840121e+01,3.726139651595521823e-02
7.428727360955005565e+01,8.513121940147058697e-02
7.488297898779866557e+01,1.384566243252464413e-01
7.548963104958811243e+01,1.887071041627439161e-01
7.608668557869322058e+01,2.235233063699273715e-01
7.669511304389207851e+01,2.349041346025923516e-01
7.729311669365307580e+01,2.266186439252060314e-01
7.790103161897404505e+01,2.036060509381092676e-01
7.849818557327363067e+01,1.708883038662211973e-01
7.910512582338910192e+01,1.323016879304842186e-01
7.970192961090283745e+01,9.361705286514437896e-02
8.030887749665343733e+01,5.848008914116627210e-02
8.090626766385014434e+01,2.955670978546522804e-02
8.151365521979391815e+01,8.753430885290392621e-03
8.211174065848993564e+01,6.172333655133327261e-04
8.271929783056161511e+01,1.377621456520149472e-03
8.331750073859936379e+01,1.392606116296218974e-03
8.392484688688722372e+01,1.443623958421031989e-03
8.452310995828354123e+01,1.583903959151945155e-03
8.513023035377636916e+01,1.717458658197203603e-03
8.572857771996774545e+01,1.818464457718623958e-03
8.633545365774457991e+01,1.905227891828870958e-03
8.693391217530798087e+01,1.964629396456618257e-03
8.754052728428204944e+01,2.013911443566689628e-03
8.813912334289557293e+01,1.983413394378657612e-03
8.874546324800132879e+01,1.713603336430157779e-03
8.934422542024125846e+01,1.464506041653169596e-03
8.995028309164121083e+01,1.217564973300024316e-03
9.054923265777199504e+01,1.034611308839052373e-03
9.115499543654755144e+01,8.959973947641069764e-04
9.175414943263673706e+01,8.407448789533140347e-04
9.235960482701595708e+01,8.146647009827146825e-04
9.295898096149896617e+01,7.583981591573270460e-04
9.356411821189857392e+01,6.923101353254875953e-04
9.416373520452573587e+01,6.411445470902265957e-04
9.476854559113029097e+01,6.047275085743588404e-04
9.536842053420834020e+01,5.937173424185170512e-04
9.597289632150251748e+01,6.081926123235399835e-04
9.657304500006000580e+01,5.961979536725640124e-04
9.717717987321987039e+01,5.880329256742279674e-04
9.777761717866316360e+01,5.778343933882137658e-04
9.838140656311487930e+01,5.636662644307443302e-04
9.898214579960981041e+01,5.421739815874317397e-04
9.958558670701224003e+01,5.125408850833627428e-04
1.001866396651795554e+02,4.838817026863804615e-04
1.007897307458169536e+02,4.690137759082538835e-04
1.013911075112662132e+02,4.492853798478017640e-04
1.019938488961166598e+02,4.310399584631601074e-04
1.025955580089510590e+02,4.007621945641456473e-04
1.031979514537523528e+02,3.714586572690044882e-04
1.037999999999999972e+02,0.000000000000000000e+00
