Q20	Q30	EHFB	M22	M23	M33
160.0	0.0	0.0001000000000002554	0.008114269999999998	2.593068549604445e-07	0.0319296
160.18262550875824	4.553733996148154e-05	0.00018844492487312797	0.008033845007169181	8.007150147651178e-06	0.0311184945687837
160.36525101751653	9.107467992296308e-05	0.0004193461258280553	0.00795342031667131	1.1026713799818163e-05	0.030307324928261693
160.54787652627476	0.0001366120198844446	0.0007473934183395238	0.00787299592230377	1.3137787567906322e-05	0.029496091084637133
160.73050203503303	0.00018214935984592616	0.0011623984519567453	0.0077925718178627765	1.4740558791311101e-05	0.0286847930441134
160.91312754379126	0.00022768669980740772	0.001660593215733583	0.007712147997143529	1.5993276680211095e-05	0.027873430812895575
161.09575305254955	0.0002732240397688892	0.002239455807293243	0.007631724453940059	1.6978538112316627e-05	0.0270620043971892
161.2783785660707	0.0002815255261293795	0.0028887640009006427	0.007551296659909714	1.6676863378979537e-05	0.026249694470610357
161.46100408050245	0.0002827079632256309	0.0036128108548344547	0.007470868017818177	1.6145219689235505e-05	0.025437221226080012
161.64362959493423	0.0002838904003218824	0.004411027683638515	0.007390439370069555	1.5603522638787784e-05	0.02462474632777773
161.826255109366	0.00028507283741813384	0.00528134031762835	0.007310010716503089	1.5051797549007495e-05	0.023812269775864415
162.00888062379772	0.0002862552745143852	0.006221687302489877	0.007229582056958009	1.4490068983889214e-05	0.022999791570501093
162.1915061382295	0.00028743771161063666	0.007230014273207858	0.007149153391273467	1.3918360784406163e-05	0.02218731171184807
162.37413165262657	0.00029085781392932563	0.008304804679218873	0.007068725030276081	1.3388329880064311e-05	0.021374869975882102
162.55675716700722	0.00029533580075342703	0.009443761710268742	0.0069882968251803795	1.2866276390156091e-05	0.020562441493479168
162.73938268138792	0.0002998137875775284	0.010644597522245483	0.0069078686313347295	1.232656382297042e-05	0.019750006715431822
162.92200819576863	0.00030429177440162983	0.01190527144316281	0.006827440448130063	1.1769207344237102e-05	0.018937565642349424
163.10463371014927	0.00030876976122573124	0.01322374290390982	0.006747012274957303	1.1194221363068634e-05	0.018125118274841315
163.28725922452998	0.00031324774804983264	0.014597971203401236	0.006666584111207293	1.0601619590710414e-05	0.017312664613516097
163.46988473884764	0.0003195668382476742	0.016026431645691744	0.006586156241533603	1.0020345986253806e-05	0.016500229605060635
163.65251025310673	0.00032759569088760675	0.01750709095909608	0.006505728658459206	9.441713144884786e-06	0.015687807673457493
163.8351357673658	0.00033562454352753924	0.019037444638156542	0.006425301100331743	8.836882581682286e-06	0.01487537444923828
164.0177612816249	0.00034365339616747174	0.020615452976980166	0.00635444245031645	8.275677790770581e-06	0.014143976976004006
164.200386795884	0.0003516822488074043	0.022239196089228783	0.006372404401175682	8.34854949854381e-06	0.014164872578914075
164.3830123101431	0.00035971110144733683	0.023907114855318316	0.006390366430049345	8.419700036365638e-06	0.014185770361296987
164.56563782433994	0.00036891541133683985	0.025618108318712453	0.00640832874512048	8.502741943170517e-06	0.01420668434137213
164.7482633384252	0.00038022773277373017	0.02737103423681308	0.006426291533226739	8.607676328164904e-06	0.014227626245744467
164.9308888525104	0.0003915400542106206	0.029163711189472735	0.0064442544312606365	8.709868892573657e-06	0.014248571220895378
165.1135143665956	0.00040285237564751086	0.030994639251166002	0.006462217439218235	8.8094116535895e-06	0.014269519266828819
165.29613988068087	0.0004141646970844013	0.03286231583621551	0.006480180557095603	8.906390094008881e-06	0.014290470383548727
165.47876539476607	0.0004254770185212916	0.034765235693532896	0.006498143784888779	9.000883756053285e-06	0.014311424571059043
165.6613909088705	0.0004364548445890554	0.03670176101913385	0.0065161070535955145	9.089479517442715e-06	0.014332377567857435
165.84401642305278	0.0004460734423952992	0.038669966529663	0.006534070141976146	9.161873090065593e-06	0.01435331604346175
166.02664193723507	0.00045569204020154305	0.04066885692292042	0.006552033323796496	9.23248952444433e-06	0.014374257130105178
166.20926745141736	0.0004653106380077869	0.042696918533130956	0.006569996599053161	9.301366496282744e-06	0.014395200827791135
166.39189296559962	0.00047492923581403065	0.0447526354179609	0.006587959967742735	9.368539587197034e-06	0.014416147136523016
166.57451847978191	0.0004845478336202744	0.046834489357202407	0.0066059234298618055	9.434042420365867e-06	0.014437096056304246
166.75714399397094	0.0004939991855521348	0.04894088776928518	0.006623886946030892	9.496296712872937e-06	0.01445804532021034
166.9397695083354	0.0004990964031914706	0.05106847954503023	0.006641849507708647	9.51549482484561e-06	0.014478937540853347
167.12239502269986	0.0005041936208308066	0.05321760097577581	0.006659812118863083	9.534001302127228e-06	0.014499831145213742
167.3050205370643	0.0005092908384701424	0.05538673559665779	0.00667777477949236	9.551818675145371e-06	0.014520726133293351
167.48764605142875	0.0005143880561094782	0.057574365735139243	0.006695737489594644	9.568949301608439e-06	0.014541622505094016
167.6702715657932	0.0005194852737488141	0.059778972510580855	0.006713700249168099	9.585395373003538e-06	0.01456252026061757
167.85289708015765	0.00052458249138815	0.06199903583388249	0.006731663058210885	9.601158915863763e-06	0.01458341939986586
168.03552259457334	0.0005233263984481642	0.06423018219885049	0.006748804779663239	9.551971679510264e-06	0.014602775498656533
168.21814810899625	0.0005211750255337993	0.06647326797948835	0.006762552944233758	9.468290300899952e-06	0.014616104565546257
168.40077362341918	0.0005190236526194346	0.0687269044041045	0.00677630113704224	9.38441170496372e-06	0.014629433773741792
168.5833991378421	0.0005168722797050697	0.07098927214982795	0.006790049358088465	9.300330371507772e-06	0.014642763123243363
168.766024652265	0.0005147209067907049	0.07325855123100289	0.006803797607372224	9.216040571063264e-06	0.014656092614051172
168.9486501666879	0.0005125695338763401	0.07553292099905314	0.006817545884893302	9.13153634646228e-06	0.014669422246165442
169.13127568101493	0.0005067192933656399	0.07780897866428735	0.0068312933477531505	9.013912189257128e-06	0.014682699219351553
169.3139011953039	0.0004994018182971743	0.08008591076245501	0.0068450405626444555	8.883220464805948e-06	0.014695955680671417
169.4965267095929	0.0004920843432287084	0.08236253843468551	0.00685878787354404	8.752545455783067e-06	0.014709212622653076
169.67915222388189	0.0004847668681602427	0.08463704513333477	0.0068725352804510555	8.621887146137352e-06	0.014722470045297358
169.86177773817084	0.0004774493930917769	0.08690761205300455	0.006886282783364639	8.491245513580346e-06	0.014735727948605132
170.04440325245983	0.0004701319180233112	0.08917241813044759	0.00690003038228396	8.360620543010368e-06	0.01474898633257724
170.22702876670675	0.00046187280929753616	0.09142927813669514	0.0069137778996866	8.221621908051424e-06	0.014762231941236164
170.40965428091994	0.0004528601838432949	0.09367646031617616	0.006927525388331845	8.075905804265698e-06	0.014775467509428354
170.59227979513315	0.00044384755838905356	0.09591243288546066	0.006941272995217955	7.930179272288607e-06	0.014788703669639889
170.77490530934634	0.00043483493293481224	0.09813536563201052	0.006955020720343829	7.784440621635146e-06	0.01480194042187185
170.95753082355952	0.0004258223074805709	0.10034342556182012	0.006968768563708385	7.638688036261188e-06	0.014815177766125323
171.14015633777274	0.0004168096820263296	0.10253477689933148	0.00698251652531053	7.4929195545665425e-06	0.014828415702401412
171.32278185201423	0.0004084257455416908	0.1047077922528992	0.006996264698930652	7.352802421006296e-06	0.014841662957263786
171.505407366299	0.000401004797364506	0.10686072610347361	0.007010013119871742	7.2213744191096294e-06	0.014854924098052452
171.68803288058385	0.00039358384918732124	0.10899140524254709	0.007023761638167811	7.089962071963797e-06	0.014868185726310636
171.87065839486866	0.0003861629010101364	0.11109798506872536	0.00703751025381801	6.958565307146817e-06	0.014881447842039182
172.05328390915344	0.00037874195283295163	0.11317862409169568	0.007047337433949806	6.815893275514047e-06	0.014892972698384355
172.2359094234383	0.0003713210046557668	0.11523192604724714	0.007047645654233771	6.645442275600124e-06	0.014900281967779466
172.41853493774474	0.0003645581271869651	0.11725746635423781	0.0070479541688168315	6.480248042105302e-06	0.014907603706347253
172.60116045212203	0.00035994364938038095	0.11925513241266626	0.0070482630541365806	6.3332985558900156e-06	0.01491495665729349
172.78378596649932	0.0003553291715737969	0.12122373512958194	0.0070485720862125505	6.18525832974604e-06	0.014922311971958938
172.96641148087662	0.00035071469376721286	0.12316273832099688	0.007048881265057023	6.036062362310063e-06	0.014929669650331302
173.14903699525388	0.0003461002159606288	0.12507160672421086	0.007049190590682287	5.885638440652825e-06	0.014937029692398305
173.33166250963114	0.00034148573815404466	0.126949805997807	0.0070495000631006395	5.733906056338265e-06	0.014944392098147649
173.51428802401068	0.00033697547348244806	0.12879683167642653	0.007049809681562577	5.58163911885091e-06	0.014951758080127383
173.69691353841813	0.0003337696336592831	0.1306124809431089	0.007050119413188798	5.438495475237252e-06	0.014959141215845009
173.87953905282558	0.00033056379383611823	0.1323958569397052	0.007050429246729169	5.293364083689609e-06	0.014966525993763951
174.06216456723303	0.0003273579540129533	0.13414642938517424	0.007050739182192293	5.146089239424707e-06	0.0149739124138756
174.24479008164047	0.00032415211418978834	0.13586366863854546	0.007051049219586756	4.996494265995053e-06	0.014981300476171378
174.42741559604792	0.0003209462743666234	0.1375470456989162	0.007051359358921169	4.844377542090733e-06	0.014988690180642668
174.61004111045537	0.00031774043454345857	0.1391960322054495	0.00705166960020412	4.689507433483582e-06	0.014996081527280882
174.79266662484648	0.0003137176779464352	0.14080988680528903	0.007051980040594572	4.525722684166837e-06	0.015003466475287624
174.97529213923605	0.0003096175468293432	0.142388280216588	0.007052290619443258	4.35835397317169e-06	0.015010852742052962
175.1579176536256	0.00030551741571225124	0.14393070697757376	0.007052601328793478	4.187631552984453e-06	0.015018241108965356
175.34054316801516	0.0003014172845951594	0.14543664202419593	0.007052912168656235	4.013148391570234e-06	0.015025631576013802
175.52316868240473	0.00029731715347806745	0.1469055611110109	0.007053223139042541	3.834413113436877e-06	0.015033024143187294
175.70579419679427	0.0002932170223609755	0.1483369408111865	0.007053534239963412	3.6508243965657975e-06	0.01504041881047481
175.88841971112493	0.00028713156285388073	0.1497297781872282	0.007053845897533623	3.4497215505941278e-06	0.01504779908688497
176.07104522543625	0.0002803947944797579	0.15108389003873837	0.007048262857807097	3.3057827521407446e-06	0.015053225626759164
176.25367073974758	0.0002736580261056351	0.15239869316968263	0.007033421304713755	3.2641560777587414e-06	0.015055586669984546
176.4362962540589	0.0002669212577315123	0.1536731480463336	0.007018579601464914	3.2220153973339293e-06	0.015057945634523466
176.61892176837026	0.00026018448935738946	0.15490619275991865	0.007003737748062845	3.179344633010157e-06	0.015060302520373643
176.80154728268158	0.00025344772098326665	0.15609676359872818	0.006988895744509823	3.1361265763568924e-06	0.01506265732753282
176.9841727969696	0.0002461217408716089	0.1572436719666514	0.006974053687634588	3.088645896065375e-06	0.015065004764053166
177.1667983112415	0.00023839048073255847	0.1583458990225384	0.006959211529568417	3.0378939487833414e-06	0.015067346237559478
177.34942382551344	0.00023065922059350806	0.15940246303836253	0.006944369199197802	2.986345141667649e-06	0.01506968532550331
177.53204933978537	0.00022292796045445776	0.16041229303644572	0.006929526696525353	2.933963077838002e-06	0.015072022027882047
177.7146748540573	0.0002151967003154073	0.16137431596985966	0.006914684021553679	2.8807080415107093e-06	0.015074356344693087
177.89730036832924	0.00020746544017635692	0.16228745672239014	0.006899841174285378	2.8265365664283067e-06	0.015076688275933834
178.07992588263278	0.00020059032455947782	0.1631507846855751	0.006884998071262891	2.777337176059026e-06	0.015079026303504632
178.26255139697787	0.0001948410049296081	0.1639632505440408	0.006870154717821263	2.7352522317177223e-06	0.015081373536732268
178.44517691132296	0.0001890916852997384	0.164723575430063	0.006855311236251847	2.6925764319705723e-06	0.015083718995940538
178.62780242566805	0.0001833423656698687	0.1654306784234774	0.006840467626556571	2.649285906356248e-06	0.015086062681127502
178.81042794001314	0.00017759304603999897	0.16608347706520998	0.006825623888737366	2.605354812793091e-06	0.015088404592291233
178.99305345435823	0.00017184372641012923	0.16668088735725747	0.006810780022796165	2.560755079542951e-06	0.015090744729429804
179.175678968727	0.00016736069142735588	0.16722200526230718	0.006795935989938571	2.5250309065005563e-06	0.015093096809936887
179.35830448315937	0.00016627591195634965	0.16770603341087517	0.006781091790918859	2.5146991471919815e-06	0.015095484844030454
179.54092999759172	0.0001651911324853434	0.16813139486353545	0.006766247567711036	2.5043024453395897e-06	0.015097872543415729
179.7235555120241	0.00016410635301433718	0.16849701085697608	0.006751403320315456	2.4938407986618556e-06	0.015100259908092339
179.90618102645644	0.00016302157354333095	0.16880180233754286	0.0067365590487324925	2.483314207930477e-06	0.01510264693805992
180.0888065408888	0.00016193679407232474	0.16904471276814684	0.006718022254590228	2.450381137956688e-06	0.015103356485602728
180.2714320553159	0.00016145064063222248	0.16922532897153375	0.006695584558395686	2.3973696487389894e-06	0.015102300977158124
180.4540575697006	0.00016576044659217582	0.16934433600620896	0.006673146903789519	2.377561824010345e-06	0.015101301705970684
180.63668308408535	0.00017007025255212925	0.16940119658164052	0.006650709207699326	2.3542505135550412e-06	0.015100303177624902
180.81930859847012	0.00017438005851208262	0.16939603443783083	0.006628271470112007	2.3272817990341455e-06	0.015099305392133855
181.00193411285483	0.000178689864472036	0.1693289723717685	0.00660583369101447	2.2964772738136492e-06	0.015098308349510658
181.18455962723954	0.0001829996704319894	0.16920013223743666	0.006583395870393609	2.2616296386870418e-06	0.015097312049768408
181.36718514162428	0.0001873094763919428	0.16900963494582155	0.006560958008236313	2.222497002641121e-06	0.015096316492920208
181.54981065589246	0.000195088577447909	0.16875820096787897	0.0065385200315321865	2.1984416652107382e-06	0.015095364213868322
181.73243617015459	0.0002030484843880288	0.16844543181407548	0.006516081975288847	2.1685682955038425e-06	0.015094415507947033
181.91506168441668	0.00021100839132814857	0.16807142050660862	0.006493643842418706	2.131414790073673e-06	0.015093468174010489
182.09768719867884	0.00021896829826826842	0.16763628840159414	0.0064712056328975	2.086490813594001e-06	0.01509252221208296
182.28031271294094	0.00022692820520838806	0.16714015511351943	0.006448767346700989	2.0331767147830666e-06	0.015091577622188684
182.46293822720304	0.00023488811214850784	0.1665831385152741	0.0064263289838048954	1.970683138640105e-06	0.015090634404351941
182.6455637414168	0.00024387415963111653	0.16596558297084277	0.006403890493027974	1.9019989627946554e-06	0.01508970567000949
182.82818925561767	0.0002531330393190537	0.16528745667167818	0.006381451900726752	1.8221475651176831e-06	0.015088781994223966
183.01081476981855	0.00026239191900699084	0.16454881455563689	0.006359013219163759	1.7281320082222793e-06	0.015087859914446899
183.19344028401943	0.000271650798694928	0.163749767762524	0.006336574448310724	1.6173280216828153e-06	0.015086939430706554
183.37606579822028	0.0002809096783828651	0.16289042540651555	0.0063141355881393925	1.485813873011987e-06	0.015086020543031192
183.55869131242116	0.0002901685580708023	0.16197089457619976	0.0062916966386214876	1.3272560153506884e-06	0.015085103251449086
183.74131682665845	0.0002986586646284734	0.16099106634250324	0.006269257660235033	1.1286504968154504e-06	0.015084177335563777
183.92394234091716	0.00030669622422721955	0.15995111358506936	0.006246818637639746	8.653553370378144e-07	0.015083246827954394
184.1065678551759	0.00031473378382596576	0.1588512519493493	0.006224012361578569	7.199563116093972e-07	0.015079117618448478
184.2891933694346	0.00032277134342471186	0.157691448163831	0.006200944061433792	7.175581960249351e-07	0.015072704197890925
184.47181888369332	0.0003308089030234581	0.15647156618327088	0.006177875819486265	7.14472706644833e-07	0.015066290030053126
184.65444439795206	0.0003388464626222043	0.15519146500964018	0.0061548076357353975	7.10683416816465e-07	0.015059875114935669
184.8370699122677	0.0003452249545636698	0.15385045584806237	0.0061317396245350484	7.044789669045852e-07	0.015053437547109303
185.01969542664784	0.00034972474484584054	0.15244828497307808	0.006108671782206954	6.957595353712117e-07	0.015046974668232557
185.20232094102798	0.00035422453512801134	0.15098541502575227	0.006085603972455315	6.864692353124406e-07	0.015040511370999451
185.3849464554081	0.000358724325410182	0.1494617036309061	0.006062536195279802	6.765799835247666e-07	0.015034047655410311
185.56757196978828	0.0003632241156923528	0.14787700723593114	0.0060394684506800906	6.660604599637106e-07	0.01502758352146547
185.7501974841684	0.0003677239059745234	0.1462311811108107	0.006016400738655845	6.548754589135626e-07	0.01502111896916526
185.93282299856438	0.00037045272067150995	0.1445234405803	0.005993333142807593	6.414524236914963e-07	0.01501463110947532
186.11544851299573	0.00036921110437272204	0.14275282663587655	0.005970265739763502	6.240224016425017e-07	0.015008091864687344
186.2980740274271	0.00036796948807393424	0.14092062624816884	0.005947198327719695	6.060748059237016e-07	0.015001552735346393
186.48069954185846	0.00036672787177514634	0.13902670809539938	0.005924130906676272	5.875632021562892e-07	0.01499501372145239
186.6633250562898	0.0003654862554763585	0.13707094118089178	0.005901063476633319	5.684335543215822e-07	0.014988474823005235
186.8459505707212	0.0003642446391775707	0.1350531948330935	0.0058779960375909225	5.486222563976763e-07	0.014981936040004836
187.02857608511977	0.0003618432011112147	0.13297292169431613	0.005854928619110312	5.27208657393167e-07	0.014975382705795941
187.2112015993296	0.00035276256281761967	0.13082804669243947	0.005831861329287811	5.00290218021672e-07	0.014968745442792308
187.39382711353943	0.0003436819245240246	0.12862089399498325	0.0058087939737051526	4.728069700906714e-07	0.014962109024057944
187.57645262774926	0.00033460128623042946	0.12635136811890957	0.005785726552362988	4.4466709978633217e-07	0.014955473449592204
187.7590781419591	0.00032552064793683444	0.12401937595856295	0.005762659065261977	4.1575114855925746e-07	0.014948838719394428
187.94170365616893	0.0003164400096432393	0.12162482678576753	0.005739591512402778	3.858997224542895e-07	0.01494220483346396
188.12432917037873	0.0003073593713496443	0.11916765908518902	0.0057182659722224425	4.0289248592639214e-07	0.014933497373923655
188.3069546840556	0.0002907341398554518	0.11664586033064908	0.005697757216753338	4.318575047303582e-07	0.01492372530407469
188.4895801977257	0.0002740130436735404	0.11406228862012775	0.005677248354042656	4.54951939967414e-07	0.014913953800107179
188.6722057113958	0.00025729194749162903	0.1114174108132327	0.005656739383701378	4.730624916366256e-07	0.014904184047167883
188.8548312250659	0.00024057085130971766	0.108711651362568	0.0056362303057280825	4.867189372264361e-07	0.014894416045258227
189.03745673873598	0.0002238497551278063	0.10594542216378691	0.005615721120121357	4.962627939463812e-07	0.014884649794379631
189.2200822524061	0.0002071286589458949	0.10311912255529859	0.005595211826879772	5.01902568971809e-07	0.014874885294533506
189.40270776596603	0.00018925265852266242	0.1002329130120256	0.005574702404653785	5.022126338577199e-07	0.014865108691297074
189.58533327950292	0.00017113498102161876	0.09728739478829214	0.005554192862110057	4.980997959209981e-07	0.014855331073493754
189.7679587930398	0.0001530173035205751	0.09428298156164748	0.00553368320293649	4.897236255922123e-07	0.014845555352977937
189.9505843065767	0.00013489962601953142	0.0912200215426694	0.005513173427131536	4.768293692261497e-07	0.014835781529751166
190.1332098201136	0.00011678194851848774	0.08809884933486871	0.005492663534693669	4.590051937359552e-07	0.014826009603814975
190.31583533365048	9.866427101744407e-05	0.08491978593476153	0.005472153525621346	4.3561327507517416e-07	0.014816239575170906
190.4984608474819	8.401339162784968e-05	0.08168343776676205	0.005451643530954923	4.142951715206432e-07	0.014806511942975956
190.68108636146076	7.10976140960673e-05	0.07838980897924724	0.005431133513140482	3.9217980705873114e-07	0.014796806023649542
190.86371187543963	5.818183656428493e-05	0.07503901728922813	0.0054106234121767864	3.6454632362631243e-07	0.014787101456872292
191.0463373894185	4.5266059032502556e-05	0.07163135004270768	0.005390113228062743	3.299798897699225e-07	0.014777398242645307
191.22896290339736	3.2350281500720175e-05	0.06816708489236195	0.005369602960797244	2.8594080214392707e-07	0.014767696380969699
191.4115884173762	1.94345039689378e-05	0.06464648980052667	0.0053490926103791836	2.2693460599695014e-07	0.014757995871846572
191.59421393158124	1.2098575527701138e-05	0.06106987580731295	0.005328582495519003	1.8316278116151278e-07	0.014748360146137734
191.77683944600707	1.0211337857109407e-05	0.05743737812153583	0.005308072662188735	1.7197863627944976e-07	0.014738786843231932
191.9594649604329	8.324100186517675e-06	0.05374920894995192	0.005287562816708137	1.5856463387164691e-07	0.014729213737959627
192.14209047485872	6.436862515925943e-06	0.050005681081485724	0.0052981696839894295	1.426442342756968e-07	0.015082593580143773
192.32471598928456	4.549624845334212e-06	0.0462071265807951	0.00531765341777141	1.224342740949061e-07	0.015539515160414472
192.5073415037104	2.6623871747424807e-06	0.04235388811055281	0.005337137157041633	9.533914767672396e-08	0.015996436642048004
192.68996701807427	4.297961662191263e-06	0.03844631973200706	0.005356621108856965	1.2294887301234324e-07	0.016453398009649553
192.87259253232077	1.2608708999148301e-05	0.03448485847987159	0.005376105438484769	2.131205916497503e-07	0.01691043540175442
193.05521804656723	2.0919456336105338e-05	0.030469911198833775	0.005395589743837081	2.7700177417532776e-07	0.017367473228330634
193.23784356081373	2.9230203673062373e-05	0.026401869510945218	0.005415074024881481	3.2940249497612407e-07	0.017824511489410753
193.42046907506023	3.7540951010019415e-05	0.022281120395279515	0.005434558281585551	3.743695779413338e-07	0.018281550185027133
193.6030945893067	4.585169834697646e-05	0.018108048028907083	0.005454042513916883	4.135423345411214e-07	0.018738589315212086
193.78561197030717	0.00275316880347001	0.014043952418656231	0.005473650148376762	3.1987866150025953e-06	0.019226415975484898
193.9676528129582	0.017354885475244847	0.010863603670236914	0.00549377646481876	8.061717914190489e-06	0.019850371029815954
194.14969365560924	0.03195660214701968	0.008022606233697127	0.005513860118095826	1.0925769257516424e-05	0.020475087141088758
194.3317344982603	0.04655831881879452	0.005524701931267653	0.005533901030290961	1.3098494060171276e-05	0.021100564387220248
194.5137753409113	0.06116003549056936	0.0033630418236025353	0.005553899123278832	1.4818455376162682e-05	0.02172680284633567
194.69581618356236	0.0757617521623442	0.0015211427265489508	0.005573854318725713	1.6162501908639913e-05	0.0223538025967689
194.87784518414816	0.09048887402934547	0.00010147262221764813	0.005593770454501083	1.7162711491725232e-05	0.022982996589389064
195.05940148565892	0.11022178827442267	0.0005477206542161048	0.005613792224007472	1.8269743857515403e-05	0.02367028354710471
195.24095778716966	0.1299547025195004	0.000751485275675196	0.005633755913752093	1.886583896614141e-05	0.024358596845410977
195.42251408868037	0.14968761676457812	0.0007150417082789573	0.005653661406840951	1.8885157458641476e-05	0.02504793660120184
195.6040703901911	0.16942053100965587	0.0005208834117895599	0.00567350858600145	1.8202338718917206e-05	0.025738302931750057
195.78562669170188	0.1891534452547336	0.00026733573999277273	0.0056932973335823474	1.658225477407275e-05	0.026429695954706862
195.9671829932126	0.20888635949981132	0.00010234580558669198	0.00571302753155371	1.3501030894865979e-05	0.027122115788101964
196.14838996612724	0.23157374871730058	0.0006456212371842135	0.005703519598366356	1.3760871146635994e-05	0.02743482710886828
196.32954192628463	0.25472641279723435	0.00119087022361805	0.005687589879338348	1.5071097414126579e-05	0.02765931219768057
196.51069388644203	0.27787907687716806	0.0014764254569922229	0.005671692646268347	1.640185765953322e-05	0.02788148437276342
196.6918458465994	0.30103174095710183	0.001449495250378071	0.005655827902451208	1.7753302843422138e-05	0.028101343630821986
196.87299780675679	0.3241844050370356	0.0010704728100170658	0.005639995651106459	1.912545467169024e-05	0.028318889968636702
197.05414976691418	0.3473370691169694	0.0003189846745419457	0.005624195895378388	2.0518243982735015e-05	0.028534123383063315
197.23378391952204	0.37969388310314045	0.0009498038999287935	0.005608907630403754	2.229923548920414e-05	0.028853197442424112
197.41277818805233	0.4159310236660794	0.0018744134134072014	0.005593868957129172	2.426824590489809e-05	0.0292136346606938
197.5917724565826	0.4521681642290184	0.0023000729001930137	0.005578880585595101	2.627344157344153e-05	0.029570494902878747
197.77076672511285	0.4884053047919574	0.00222370835810067	0.005563942523470395	2.8315523946025427e-05	0.029923778161310106
197.9497609936431	0.5246424453548963	0.0016570754468862438	0.005549054778243847	3.0394878198805415e-05	0.03027348442849906
198.12875526217337	0.5608795859178353	0.0006274128262160957	0.00553421735722417	3.2511658899733224e-05	0.030619613697136908
198.30579007272885	0.6050845377465939	0.0005787180179002262	0.005519935566899172	3.501187911737776e-05	0.03105202053917399
198.48117535308603	0.6559970308784756	0.0012491841823760947	0.0055061441642131	3.785717148365078e-05	0.03155545319414485
198.65656063344318	0.7069095240103573	0.0014925103569410245	0.005492422132780849	4.07618354789992e-05	0.0320539614713277
198.83194591380033	0.7578220171422391	0.001378943120515035	0.0054787694864686185	4.3726361800616594e-05	0.032547545356856354
199.00733119415747	0.8087345102741206	0.0009906335122328031	0.005465186238801384	4.675091531990153e-05	0.03303620483720581
199.18271647451465	0.8596470034060024	0.0004208233757061921	0.005451672402962853	4.983541454515618e-05	0.03351993989919238
199.3579791759614	0.9109769010928601	0.00021736881201799173	0.005438257835064661	5.299966867436833e-05	0.03400335436726088
199.53304393470486	0.9629808314151107	0.000689973414444494	0.005424961838965077	5.6256916426454753e-05	0.03448921213347883
199.7081086934483	1.0149847617373597	0.001074959544154674	0.0054117366571552646	5.957480186220898e-05	0.03497004906248229
199.88317345219173	1.06698869205961	0.0012578881380496019	0.005398582302030271	6.295271147391242e-05	0.03544586514187625
200.0582382109352	1.1189926223818607	0.0011371464926783852	0.00538337676089059	0.00011319421329139485	0.03575469065111274
200.23330296967868	1.1709965527041113	0.0006497663280611018	0.0053634040856901264	0.00020008607957036577	0.035703290283737164
200.4091088266667	1.2201232259526056	0.0002432597347971103	0.005342442515150953	0.0002628677993044678	0.035571181269323376
200.58751286983605	1.2591626406983512	0.0009972139937725504	0.005320135977463749	0.00031401143768965877	0.0352898667469026
200.76591691300536	1.2982020554440963	0.0014064436615358327	0.005297193517639184	0.00035843484827059827	0.034969955827273295
200.94432095617475	1.3372414701898419	0.0014797219908242996	0.005273609288480921	0.00039798913803051715	0.03461145435763132
201.12272499934406	1.3762808849355874	0.0012424384514857173	0.005249376995730985	0.00043362328065286857	0.03421436863223535
201.3011290425134	1.4153202996813328	0.0007247931491052579	0.005224489898121816	0.00046586941891392324	0.03377870539235248
201.47963670986817	1.4538241228090532	0.00010374980293767938	0.005198934556179096	0.0004948936427784912	0.03330049097255556
201.6597275983305	1.4841449146144141	0.0003805659656794193	0.005172684067152547	0.0005187548542580216	0.032727319506073604
201.83981848679284	1.5144657064197746	0.0005324335217002162	0.00514588888981731	0.0005397498100494713	0.03212393400697796
202.0199093752552	1.5447864982251356	0.0005395927101704014	0.0051185422887870735	0.000557989014001618	0.03149034121065482
202.20000026371756	1.5751072900304963	0.00043660876398220335	0.005090637254186421	0.0005735397418029016	0.030826548126979714
202.3800911521799	1.6054280818358573	0.0002633296983256419	0.005062166501694018	0.00058643839334561	0.030132562040274116
202.56018204064225	1.635748873641218	0.00010253020433113483	0.005033122472587544	0.0005966986953661834	0.029408390509260075
202.7402724668103	1.6660724111100522	0.0002251323929023592	0.005003497203971544	0.0006043180608593804	0.028654052163174525
202.92036284214151	1.6963962505092434	0.000405160083213475	0.004973282656225716	0.000609279410269978	0.027869542693076708
203.10045321747282	1.726720089908435	0.0005236575747033558	0.004942470458639778	0.000611556079546065	0.027054869147934688
203.28054359280407	1.7570439293076259	0.0005397204089155129	0.004911051954430895	0.0006111134258188775	0.02621004018453201
203.46063396813534	1.7873677687068175	0.0004190006621833251	0.004879018212609782	0.0006079103435558385	0.025335064733857528
203.64072434346656	1.8176916081060086	0.00014840714592480742	0.004846360028035219	0.0006019004863080082	0.024429952001052906
203.81963989599228	1.8541294315556869	0.0005242106041883657	0.004812491301177231	0.0005941681428218374	0.0235017751533177
203.99814358596456	1.8927106600112922	0.0009988986018607663	0.004777650774086832	0.0005836485343898758	0.022539093203376145
204.17664727593683	1.9312918884668977	0.0012088645512810042	0.004763222092734379	0.0005894062228166423	0.02247362536278308
204.3551509659091	1.9698731169225019	0.0011556029021173194	0.004749081558515887	0.000595268684841988	0.0224173779644646
204.53365465588138	2.008454345378107	0.0008510136112233709	0.00473501072699488	0.0006010478533757379	0.022360718231980783
204.71215834585365	2.0470355738337123	0.00031471693801398933	0.004721009532367162	0.0006067445433399883	0.022303646231135822
204.8893663620426	2.090940595655748	0.00032913062932616666	0.004706445497349285	0.0006130935445246414	0.02224440482394179
205.06563583651547	2.1387019910700276	0.0006906922476916575	0.004691505047754246	0.0006198666688533731	0.02218340603498047
205.24190531098833	2.1864633864843066	0.0008552982339295461	0.004676649428670018	0.0006265265925038827	0.022121903565900266
205.41817478546122	2.234224781898586	0.0008324535600035521	0.004661878545791744	0.0006330747772305342	0.022059897511006035
205.5944442599341	2.281986177312865	0.000637314223611569	0.004647192303922766	0.0006395125660114993	0.021997387965494438
205.77071373440697	2.3297475727271437	0.00029123954018373677	0.00463259060697471	0.000645841191978788	0.021934375025453864
205.9463274022742	2.379788834281933	0.00015387077770877204	0.0046178186411542105	0.000652349749490448	0.021870064147782562
206.12103327667927	2.4329859767918016	0.00032513527762165526	0.0046027846188518295	0.0006591355997071437	0.021804113021078396
206.29573915108438	2.48618311930167	0.0004054150634919275	0.00458784354503695	0.0006657956762114042	0.021737606565067815
206.47044502548945	2.539380261811538	0.00039601517699577946	0.0045729953023061366	0.0006723313688238883	0.021670544897154292
206.64515089989453	2.592577404321407	0.00031194730560858843	0.004558239772170123	0.0006787439494972707	0.021602928135827072
206.81985677429964	2.6457745468312757	0.00017569198100328784	0.004543576835053989	0.0006850345810070256	0.021534756400661065
206.99443533948894	2.6993830569334722	0.00010032243339434234	0.004528962774967366	0.0006912516966765148	0.021465877018180136
207.1686495178275	2.75416899115639	0.00010209187929876983	0.004514317840254474	0.0006974809628079135	0.021395996170926378
207.3428636961661	2.8089549253793074	0.000100826633872348	0.0044997675981223815	0.0007035856997608995	0.02132554578095709
207.51707787450465	2.863740859602225	0.00010004801013288058	0.004485311919016264	0.0007095668299087201	0.021254525977827083
207.69129205284324	2.9185267938251416	0.00010134758014030638	0.00447095067223712	0.0007154251897847904	0.02118293689223536
207.8655062311818	2.973312728048059	0.0001014921580497789	0.0044566837259418885	0.0007211615358989258	0.021110778656024995
208.03974927125478	3.0280060113530096	0.00010071220922862949	0.00444144853430848	0.0007252584599499024	0.021018448711140766
208.2142567119021	3.081850525294408	0.00015366709111207878	0.004423055163054509	0.0007242641302204081	0.020865974563801043
208.38876415254944	3.1356950392358067	0.00021146704847357708	0.004405237544557767	0.0007235368946919026	0.020723794548785635
208.56327159319676	3.189539553177205	0.00023655968264100943	0.00438799652717182	0.0007230887131236784	0.020591907817741017
208.73777903384408	3.2433840671186034	0.00022005798478363724	0.004371332942671781	0.000722931132587013	0.020470313538892056
208.9122864744914	3.2972285810600015	0.00016251503788509321	0.004355247606255373	0.0007230753031992874	0.020359010897041032
209.0867939151387	3.3510730950014	0.0001004143635968494	0.004339741316544055	0.0007235319928270965	0.020257999093566476
209.26174949510283	3.4034416548800244	0.000138032333653552	0.004324901177551501	0.000724120172734573	0.020166718554056932
209.43673474017274	3.4557125122547117	0.0001832707993869558	0.004310632401528328	0.0007250213023359485	0.020085425435394343
209.61171998524264	3.5079833696293985	0.00019772744054039968	0.00429692949849161	0.0007262569019454297	0.020014147538325797
209.78670523031258	3.5602542270040862	0.00018053216755051766	0.004283793154773893	0.0007278357340631944	0.019952884176518745
209.96169047538245	3.612525084378773	0.00014006631829701269	0.004271224041006278	0.0007297662629044409	0.01990163467934211
210.1366757204524	3.6647959417534604	0.00010201052201072425	0.0042592228121193215	0.00073205666332194	0.019860398391865305
210.31177360360246	3.716687801227707	0.0001002536650013935	0.004247801158650244	0.0007346594998298922	0.01982883395338742
210.4869037373274	3.7684711458895013	0.00010285851029414934	0.004236947496381119	0.0007376191369356356	0.019807108237437504
210.66203387105224	3.8202544905512945	0.00010853127722970123	0.0042266587157684605	0.0007409582793815593	0.01979530872758623
210.83716400477715	3.8720378352130878	0.00011317201960632704	0.004216935396153205	0.0007446838687615693	0.019793434844492606
211.01229413850206	3.923821179874878	0.00011094580735260735	0.00420777810144612	0.000748802600546968	0.01980148602424589
211.18742427222693	3.975604524536671	0.00010180927835413853	0.004199187380128562	0.000753320930176145	0.019819461718364732
211.36235953787053	4.028039665027139	0.00013051036272129348	0.004194955717821701	0.0007598070758101667	0.019802610140679924
211.5371737934027	4.08087956080297	0.0002143091697495079	0.004194037869117502	0.0007669743907419818	0.019749121389632352
211.71198804893484	4.1337194565788	0.00026962080183894386	0.004192894208740694	0.0007731791488873188	0.019696744583238245
211.886802304467	4.186559352354631	0.0002770920458720416	0.0041915257363512905	0.000778464516240796	0.019645478721837566
212.06161655999918	4.239399248130461	0.00022930885772823583	0.004191127593829606	0.0007840009415695297	0.019606980977109563
212.23643081553132	4.292239143906292	0.0001344776283877992	0.004193286719724301	0.0007911321431658411	0.019599954515964847
212.41105539976903	4.345697858504129	0.00010678691311337616	0.00419617657304939	0.0007980989996910207	0.01960730627277274
212.5854540800145	4.399893604199609	0.0001303101974240519	0.004199826010096588	0.000804956313187115	0.01962928526184212
212.75985276026	4.45408934989509	0.00013367102269355228	0.004204139425975811	0.0008116111648496062	0.019665928547708867
212.9342514405055	4.508285095590573	0.00011986010353118572	0.004209117591851559	0.0008180879502060377	0.01971723535920848
213.10865012075098	4.562480841286053	0.00010491275871373026	0.004214760770986356	0.000824402696899647	0.01978320543307843
213.28304880099648	4.6166765869815345	0.00010008774054948933	0.004221068718761865	0.0008305633761372019	0.019863839013937068
213.45755808289817	4.67051199340263	0.00012533135373458856	0.004227979246897504	0.000836513027912405	0.019958846889366024
213.63233053831976	4.723489982688452	0.0003162498468282244	0.004235397481974708	0.0008421664085060236	0.020067636825845624
213.8071029937414	4.7764679719742755	0.00046972559891792626	0.004243463039168238	0.0008476444138146705	0.020190795409442408
213.98187544916297	4.829445961260099	0.0005373653114809068	0.004252173678505204	0.0008529239129403059	0.02032832488012922
214.1566479045846	4.882423950545922	0.0004921718029276237	0.004261526672546791	0.0008579741405657221	0.020480227965344922
214.33142036000615	4.9354019398317455	0.0003115272125958603	0.004271518806341287	0.0008627564534963574	0.020646507880041177
214.5063639869192	4.987788845622241	0.0001306026895080606	0.004282025721701881	0.0008671331629189955	0.020826250878332855
214.68240061578442	5.036401434739037	0.0006177654728921465	0.004292365664061047	0.0008705658415163251	0.021013902239813993
214.85843724464962	5.085014023855833	0.0009567948027295112	0.0043032835228253635	0.0008735774068082575	0.021214853998794324
215.03447387351483	5.133626612972629	0.0010907977228296086	0.00431477459062441	0.000876098226833725	0.021429110862644273
215.21051050238003	5.182239202089424	0.0009955214168208292	0.0043268337432784965	0.0008780491372468376	0.021656677955543522
215.3865471312452	5.23085179120622	0.0006497768534810814	0.004339455439703511	0.0008793404838692684	0.021897560818576165
215.5625837601104	5.279464380323017	0.00010186030995594766	0.004352633721807186	0.0008798709495121065	0.022151765409834528
215.74017210327997	5.322049135823688	0.0007134165399868735	0.004364895683098118	0.000878718109130099	0.022404467036031207
215.91780039789694	5.364478694792901	0.0011724799067493804	0.004377596772775952	0.0008766050297493449	0.022668553359658304
216.0954286925139	5.406908253762113	0.0013510971114235122	0.004391862358082251	0.0008848274819676625	0.02315498131217066
216.27305698713093	5.449337812731327	0.0012409743572573963	0.004406770461207135	0.0009012808645928248	0.023811762352357612
216.4506852817479	5.491767371700539	0.0008449655552795289	0.004421151894498142	0.0009160376869703324	0.024450633499919983
216.6283135763649	5.534196930669752	0.000186482571494824	0.004435012007743374	0.0009291360757583525	0.02507158940506994
216.80695033028965	5.572092469185766	0.0004996100475056024	0.004447330361532139	0.0009403157805581775	0.02566887168423382
216.98581691398343	5.6089546959303185	0.0008827117830710965	0.004458953826046786	0.0009499016065665157	0.026248960712974275
217.16468349767726	5.645816922674871	0.0010403425902670552	0.004470125700816424	0.0009579971411787375	0.026813372234094853
217.34355008137106	5.682679149419423	0.0009774486778993065	0.0044808503132140924	0.0009646315651608869	0.027362101920222252
217.5224166650649	5.719541376163976	0.0007025144934974609	0.004491131907480569	0.0009698339492769917	0.027895145527115868
217.7012832487587	5.756403602908528	0.00023543873039827315	0.004500974644708402	0.0009736332427923016	0.028412498893682997
217.8806298351743	5.790806467279003	0.00029199226072738	0.004509897648206643	0.0009759586094372356	0.028913873689201827
218.06023048575568	5.823907597676696	0.0005651167969340303	0.004518163155982525	0.0009769005017537275	0.02940068147338758
218.23983113633705	5.857008728074387	0.0006870924547191733	0.004526037723661167	0.0009765371519546675	0.029873337331222907
218.41943178691844	5.89010985847208	0.0006620333477483063	0.004533524839286426	0.0009748897495120278	0.03033183777466409
218.59903243749983	5.923210988869771	0.0004998608337279145	0.004540627923273845	0.0009719790355017354	0.030776179383295514
218.7786330880812	5.956312119267463	0.00021956440548370437	0.004547350328398859	0.0009678252494946476	0.031206358804341684
218.9584258847781	5.988333903742438	0.00015556303142018945	0.004553513313629939	0.0009624101374123682	0.0316235450699498
219.13841597373806	6.01924743474514	0.0003028768997647647	0.004559130553052246	0.0009557467724974957	0.03202844669872647
219.318406062698	6.050160965747843	0.0003741601303167747	0.004564397154241126	0.0009478866115522373	0.03242008776337876
219.49839615165791	6.081074496750546	0.0003665659330396033	0.004569316032788862	0.0009388419533570672	0.03279846534831448
219.67838624061787	6.111988027753247	0.0002895486598460279	0.004573890045004464	0.0009286238618952067	0.03316357659722467
219.8583763295778	6.142901558755948	0.00016180650299353846	0.004578121987904414	0.0009172419861239655	0.03351541871309271
220.03840543713008	6.173585268762124	0.00010002911829494493	0.004582406376549429	0.0009076435268293698	0.033822085432158304
220.21851273751741	6.203808419988473	0.000101009577195008	0.004587906087853275	0.0009083141433070341	0.03400068014904833
220.39862003790472	6.234031571214821	0.0001117614877564497	0.004593155006542047	0.0009087512653830803	0.03417225817523518
220.57872733829205	6.264254722441171	0.0001304789596875133	0.00459815338619365	0.0009089590606904654	0.034336819257141
220.7588346386794	6.294477873667519	0.0001386322510608829	0.00460290147584604	0.0009089416726735109	0.03449436314572782
220.93894193906672	6.324701024893869	0.00012060773502404803	0.004607399519997176	0.0009087032197121765	0.03464488959649767
221.11901126139875	6.355145651119597	0.00011303861125993224	0.004611673355595141	0.0009082559133311556	0.03478777026670073
221.29889825681323	6.386653545425667	0.0003287254435634	0.004615814627217998	0.0009076335791611298	0.03492044781732018
221.4787852522278	6.418161439731739	0.0004945184429801239	0.00461969652773628	0.0009068005658276651	0.035045817592742445
221.65867224764227	6.449669334037808	0.0005602090570755147	0.004623319284418087	0.0009057609669119519	0.03516387936569923
221.8385592430568	6.481177228343878	0.0005100208427953481	0.004626683119608433	0.0009045188384117064	0.03527463291384566
222.0184462384713	6.512685122649949	0.00033386078547002865	0.004629788250729112	0.0009030781974734514	0.03537807801975987
222.19832757356704	6.544224008196757	0.00010016154815609524	0.004632637747227852	0.000901444030649598	0.03547410526810897
222.37773837043434	6.578339173304141	0.00042528676697607486	0.004635456209080048	0.0008997013196767122	0.035553450110144894
222.5571491673016	6.612454338411527	0.0006768694696685845	0.004637996334526099	0.000897768239580998	0.03562490165216777
222.73655996416892	6.646569503518911	0.0007740168572530887	0.004640258317361797	0.0008956486691055566	0.035688459700381925
222.91597076103625	6.680684668626298	0.0007098787767532862	0.004642242345640593	0.0008933464213815612	0.03574412406673383
223.09538155790352	6.714799833733682	0.00048248961875573833	0.0046439486016735245	0.0008908652420231051	0.03579189456891239
223.2747923547708	6.748914998841068	0.0001241255120689166	0.004645377262029057	0.0008882088071916751	0.03583177103034919
223.45374820036454	6.785328263413039	0.0003317118037360892	0.004646678212948838	0.0008854435440595213	0.035853825706400375
223.63262463078965	6.822142678541121	0.0005565972042034322	0.0046477087429662904	0.0008825166583660962	0.03586569817123572
223.8115010612148	6.858957093669204	0.0006396023543217456	0.004648441317774804	0.0008794201223817708	0.03586907666561302
223.99037749163995	6.895771508797287	0.0005838572822204224	0.004648876078709274	0.0008761571234726356	0.03586396104819728
224.16925392206508	6.9325859239253695	0.000402252537481642	0.004646107891968485	0.0008725447870406086	0.035717263211286064
224.34813035249022	6.969400339053452	0.00014403264153971953	0.004643144438449714	0.0008688695451870077	0.035564920068134595
224.52687799397137	7.0068326902999365	0.00010205133409843714	0.004640193116118326	0.0008651594323245032	0.03541205932476868
224.7055680121643	7.044541521110037	0.00012424307610656133	0.004637234315654314	0.0008614071703834097	0.03526023091028153
224.88425803035727	7.082250351920136	0.00016411942102396277	0.004634252493437571	0.0008576085327345337	0.03511066256348845
225.0629480485502	7.119959182730236	0.00019161659959141884	0.004631247739503476	0.0008537652420979267	0.034963354194354014
225.24163806674315	7.157668013540336	0.00018013477367996298	0.004628220141221786	0.0008498789323239254	0.034818305715508514
225.4203280849361	7.195376844350436	0.00012077125441354633	0.004625169783296769	0.0008459511495396789	0.03467551704224766
225.5991599787942	7.232401154617455	0.00019743209484802238	0.004622059627461945	0.0008419744588636668	0.034537890453477244
225.7781174948387	7.268819363991919	0.0004298251955324216	0.004618894634929665	0.0008379532420643262	0.03440503662987443
225.9570750108832	7.305237573366383	0.0005672354281023993	0.004615707936767498	0.0008338971104695212	0.03427436822699472
226.1360325269277	7.341655782740846	0.0005878069942564929	0.004612499599468915	0.0008298070803716764	0.03414588517834462
226.31499004297223	7.3780739921153105	0.00048155682184936537	0.004609269687033988	0.0008256840901544487	0.03401958741992407
226.49394755901673	7.414492201489774	0.000247585992021396	0.004606018260969376	0.0008215290005457829	0.03389547489022641
226.67304355875703	7.450211040663374	0.0001689659570883938	0.004602708947292909	0.000817337215594793	0.03377639116449253
226.85237547774284	7.484738440735277	0.00042784235840452665	0.004599316960946243	0.0008131073346114111	0.03366426213700785
227.03170739672868	7.519265840807179	0.0005748487677470493	0.004595904779671827	0.0008088497404497933	0.03355420897264253
227.2110393157145	7.553793240879081	0.0005959851370186064	0.00459247244565365	0.0008045647600073516	0.033446231629212606
227.3903712347003	7.588320640950984	0.0004936311944520585	0.004589019998825216	0.0008002526489479918	0.03334033006678455
227.5697031536861	7.622848041022887	0.0002772950231158573	0.004585547476869561	0.0007959135911374069	0.033236504247675346
227.74908818495945	7.657093903872145	0.0001097225219711873	0.004582040830868224	0.0007915464447888364	0.033135849502353855
227.9286737721175	7.690276661562675	0.00022717388378579474	0.0045784614749138424	0.0007871483388888925	0.03304135941410468
228.1082593592756	7.7234594192532064	0.00029377441158854586	0.004563306615096267	0.0008509697005655447	0.032631766016193005
228.28784494643367	7.756642176943737	0.0002937193310468378	0.0045399898401524055	0.000944174052514809	0.03200756937670085
228.46743053359177	7.78982493463427	0.00024138383817076298	0.004515982150310911	0.0010223959418014848	0.031375798764894686
228.64701612074987	7.823007692324799	0.00015708005129465825	0.004491269806706962	0.0010888043994724942	0.03073646791963945
228.82660440894273	7.856175763224798	0.00010000000002880535	0.004465838314227278	0.0011454123856736516	0.03008964712016424
229.00624525981965	7.889058026210832	0.00010024127483600505	0.004439665311916849	0.0011936177203572809	0.02943642644313406
229.18588611069654	7.921940289196863	0.0001021892784293171	0.004412749622306072	0.0012343728298883528	0.028775755890617063
229.3655269615735	7.954822552182896	0.00010566451873363089	0.004385076895691749	0.0012684050202006081	0.028107649812316192
229.5451678124504	7.987704815168929	0.00010751344045290288	0.004356632596826386	0.001296269439277955	0.02743212274347928
229.72480866332728	8.020587078154962	0.00010486367243362121	0.004334337394503034	0.001326949968764886	0.026980570446812877
229.9044495142042	8.053469341140996	0.00010010003365665169	0.004316009723991876	0.0013582462188748375	0.02666729603644804
230.08404252632363	8.086611757001517	0.00012561419307149967	0.004297745269121668	0.0013857472221377879	0.026357618681849777
230.2636295273934	8.119786861668125	0.00016758803364466676	0.004279473684195606	0.0014097595028345808	0.026049979782850247
230.44321652846313	8.152961966334733	0.00018942019359872195	0.004261190038853655	0.0014305853439628008	0.025744148950711133
230.62280352953283	8.186137071001337	0.00018257254704546485	0.004242900531072632	0.001448491828409594	0.02544011998745561
230.8023905306026	8.219312175667945	0.00014769186915319164	0.004224611306826092	0.0014637107663280076	0.025137886747109907
230.9819775316723	8.25248728033455	0.0001038955561529234	0.004206328460193117	0.0014764453267932071	0.024837443135595234
231.16150748634306	8.28596917832283	0.00011667443220607853	0.00418817081023078	0.0014869670889610346	0.02454093692800285
231.34101611321447	8.319565776388758	0.0001512519443247258	0.004170076403218546	0.0014953814848201327	0.024247029917915913
231.52052474008588	8.353162374454689	0.00016774220222107232	0.004152009449890601	0.00150179810379359	0.02395491348529123
231.70003336695726	8.386758972520617	0.00016094771738722944	0.004133975853120599	0.0015063464415708166	0.023664581727255194
231.87954199382867	8.420355570586548	0.00013505803291679025	0.004115981463202181	0.0015091440122678623	0.023376028793514036
232.05905062070008	8.453952168652476	0.00010503543583915345	0.004104802683251002	0.0015127798346917876	0.02323582951997431
232.23851606154147	8.48777808395959	0.00011839358956332823	0.00410692328111088	0.001520230294475002	0.023387957664663915
232.4179485723282	8.521778857415862	0.00018322086761654948	0.00410818225981195	0.0015265463406400313	0.023527921440871073
232.59738108311495	8.555779630872133	0.00023284994599739685	0.004108517780554401	0.0015316790784622937	0.02365456588831813
232.7768135939017	8.589780404328403	0.00024687449378236955	0.004107930857763925	0.0015356333474249614	0.023767889992579408
232.9562461046885	8.623781177784675	0.00021535127213412965	0.004106422583461622	0.0015384144475437264	0.023867892661633784
233.13567861547523	8.657781951240946	0.00013806299228501142	0.004103994127270647	0.001540028144343303	0.02395457272585815
233.3150323070783	8.692192387467738	0.00016452613435369653	0.0041007556697825655	0.0015405516400836643	0.024030092720159078
233.49427109601166	8.727200030412748	0.00039137272997324235	0.004096739678591998	0.0015399981194898775	0.02409517507515429
233.67350988494502	8.762207673357755	0.000539779422652452	0.004091780929256133	0.001538260691520382	0.024146551460404318
233.8527486738784	8.797215316302765	0.0005820077177363525	0.004085880994821583	0.0015353474838125233	0.02418422030286254
234.03198746281174	8.832222959247773	0.0005032366777251639	0.004079041530465466	0.001531267149000328	0.0242081799473519
234.2112262517451	8.86723060219278	0.00029325924775146765	0.00407126427350454	0.0015260288728119208	0.024218428656555577
234.39036446595304	8.902738114978677	0.0001835638445462459	0.004062644944241301	0.0015196750636511929	0.02421704411229755
234.5691950319489	8.93977468053836	0.0006304701867191574	0.00405334596040971	0.0015122389604822594	0.02420783163618838
234.7480255979448	8.976811246098046	0.0009134730219201537	0.004043062401250055	0.001503605489191242	0.02418414131423906
234.92685616394067	9.013847811657731	0.0010001056065953842	0.004031796569554251	0.0014937872580666998	0.024145970843657705
235.10568672993654	9.050884377217416	0.0008744198900515343	0.004019550859696602	0.0014827975255580059	0.024093317830070005
235.2845172959324	9.087920942777103	0.0005235326630263872	0.00400632775764694	0.0014706502141622478	0.024026179787506114
235.46328793148493	9.125234271501567	0.00011320334873799575	0.003992160907396463	0.0014573498831310795	0.02394539929528704
235.6414204062719	9.16549467325241	0.0007963327856451823	0.003977308494572434	0.0014427574750216976	0.023858477172787683
235.81955288105883	9.205755075003253	0.001256293794146414	0.003961405561516676	0.0014269492360773556	0.023755862841586987
235.9976853558458	9.246015476754096	0.001430199177230783	0.003944455430898952	0.0014099444256327257	0.02363755297901508
236.17581783063272	9.286275878504938	0.0013081048353370238	0.0039611217857442775	0.0014076414833330626	0.02417771215236175
236.3539503054197	9.326536280255782	0.000896938084715044	0.0039772838983899725	0.0014021981365812128	0.024710563732829666
236.53208278020665	9.366796682006624	0.00022296280677927278	0.003992507452743609	0.0013934377961720796	0.025227207681587642
236.70953855379224	9.409933937658998	0.0006635483549318435	0.00400679779574958	0.0013809160127573774	0.025730064684897972
236.88693977432015	9.453303114248648	0.000975456834392281	0.004020139286813019	0.0013650435654556387	0.0262157183350598
237.06434099484807	9.4966722908383	0.0010476904231243535	0.0040325527514191405	0.0013459013654344794	0.026683905671826418
237.241742215376	9.54004146742795	0.0008950347717363248	0.004044059121113611	0.0013235277103490124	0.027134605763652214
237.41914343590395	9.583410644017599	0.0005356880549132827	0.004054678696016159	0.001297952926475434	0.02756779831041742
237.59654465643186	9.62677982060725	0.00010430889669692646	0.00406443114430772	0.001269197556957583	0.02798346364394101
237.77348654806653	9.671974467104969	0.00016825086863212605	0.004073236538642731	0.0012368663159011619	0.02838096847339049
237.95028721374712	9.717730375332788	0.0004284582350255641	0.0040811507952320395	0.0012012184123909137	0.028759915517247166
238.12708787942776	9.76348628356061	0.000565205423761595	0.004088218874995166	0.0011623619559033166	0.029120367801290736
238.3038885451084	9.809242191788432	0.0005807111956214666	0.004094458824449914	0.0011202599083412518	0.029462307279003272
238.480689210789	9.854998100016248	0.0004916572890483474	0.0040998879886386536	0.0010748439584572739	0.029785716605342304
238.65748987646964	9.90075400824407	0.0003176277311638581	0.004104523010660743	0.0010260038354247428	0.030090579137208695
238.83418783558494	9.946903778666567	0.00026239478711877353	0.00410834174383341	0.0009734894249325738	0.030376289728116786
239.01081855943	9.99331138490557	0.0002729789775361991	0.004111365678804927	0.0009170904204033834	0.030642837680069555
239.18744928327501	10.039718991144571	0.00024569783113305297	0.004113632738153971	0.0008564997033426669	0.03089054495488406
239.3640800071201	10.086126597383574	0.0001959502199076271	0.004115156916154959	0.0007911725975627596	0.03111939755828603
239.54071073096512	10.132534203622576	0.00014143561721675	0.004115951484211684	0.0007202693026329265	0.03132938221887146
239.71734145481017	10.178941809861577	0.00010491799528445141	0.004116028990486088	0.0006424330282598167	0.03152048638847858
239.84680048735135	10.279554971705956	0.030770330403417524	0.0041072538914609545	0.0005660500485324479	0.031502767600903606
239.91715635570765	10.4480842875851	0.10081934997713896	0.004087428943450803	0.0005004594198494319	0.031222004591402917
239.98751222406395	10.616613603464245	0.17183426282091643	0.0040667064754082325	0.0004355515918889531	0.030913791115810003
240.05786809242025	10.78514291934339	0.24377687499724005	0.004041462047225641	0.00043199726888498187	0.030451864050783383
240.12822396077655	10.953672235222536	0.3166138332658889	0.00401585296948333	0.0004309631715470703	0.02997741312342408
240.19857982913285	11.122201551101679	0.39031732448915424	0.003990807131265137	0.0004192687087566232	0.029521775219919392
240.24410065906966	11.294492976201592	0.469900760318042	0.0039669904761716526	0.00038765141118809744	0.029099519076042205
240.2268149026416	11.476298589832119	0.5631419575351049	0.003944957403437931	0.00032600137717980055	0.028717654475582156
240.20952914621355	11.658104203462647	0.6572691565251286	0.003922816720797198	0.00025847957746970404	0.028330761900029783
240.19224338978552	11.839909817093176	0.7521652126666221	0.0039005652330633338	0.0001779715526549477	0.02793884454457124
240.17495763335745	12.021715430723702	0.8477109423382384	0.0039087416394367235	0.0005973422961637306	0.0275259434318379
240.15767187692938	12.203521044354229	0.9436874427197445	0.004139652219031668	0.0017755812940574444	0.026980123389979526
240.1396987678483	12.385250564763261	1.0396452107013328	0.004365943279496318	0.0023792528203935093	0.026410637255268314
240.1167998175716	12.566434771026081	1.135304549891185	0.0045871907146705	0.0028048015991062247	0.025808291178063113
240.09390086729496	12.747618977288903	1.2298016146950008	0.004802993147257328	0.003124745874389304	0.02517504743783551
240.0710019170183	12.928803183551722	1.3226022812810077	0.005012651678292191	0.0033679664137900942	0.024511604933549938
240.04810296674162	13.109987389814542	1.41317584406505	0.005215460284905217	0.003549507660427734	0.02381866968807632
240.02520401646495	13.291171596077362	1.5009949973695398	0.00541070599406554	0.003678300723148105	0.02309695467444552
240.00230506618828	13.472355802340182	1.5855358156470685	0.00559766905855231	0.0037600971891348085	0.022347179639878395
240.00114711392376	13.65492865454087	1.6647553413549339	0.00577575600358598	0.0038259676574202233	0.021715686355892848
240.000808747531	13.837553855515559	1.739724381706752	0.005946312362562493	0.0038642806617453485	0.021096026446554478
240.00047038113826	14.020179056490246	1.809983781308491	0.006109384653423616	0.0038773797558821	0.020483309316838547
240.0001320147455	14.202804257464937	1.8750147363077379	0.006264992788168734	0.003867802303281625	0.019877515054745647
239.99979364835275	14.385429458439626	1.9342984917729011	0.006413227772950739	0.003838145299173539	0.01928071701746297
239.99945528196	14.568054659414317	1.987316341687524	0.006554136617767419	0.0037901365087234587	0.018692517551168998
239.99939087896286	14.750680111997982	2.033530565231508	0.0066876762717828974	0.0037249485274215197	0.018111569147756593
239.99939379777481	14.933305626410242	2.0724396806827508	0.006813904253418236	0.0036438845566514363	0.01753790466665428
239.99939671658672	15.1159311408225	2.1035300124808427	0.006932860487866397	0.003548067522397259	0.016971512003910623
239.99939963539862	15.29855665523476	2.1262828947337153	0.007044575536454458	0.0034384799366335055	0.016412360598198495
239.99940255421055	15.481182169647019	2.1401796611276542	0.007149079960481924	0.003315994246849167	0.015860419888218395
239.99940547302245	15.663807684059277	2.144701644927315	0.007246404321220761	0.003181391291868287	0.015315659312698375
239.99785141624173	15.846422888018534	2.1394009167447643	0.007336822398872608	0.003035466722120109	0.014778337404833109
239.99542987375293	16.029032347397937	2.1237164777582533	0.007427979051328042	0.0029618666127631385	0.014485514778319108
239.99300833126412	16.211641806777337	2.0973764672564075	0.007557665358087162	0.003324123684662185	0.015449844946197581
239.99058678877532	16.39425126615674	2.060867641819544	0.007688552733185389	0.0036877135877894226	0.016412534637774305
239.98816524628654	16.57686072553614	2.0147869859637	0.007820638835925788	0.004052625706914714	0.017373586193746182
239.9857437037977	16.759470184915543	1.9597313193619466	0.00795392132814982	0.004418849527722879	0.018333001952271787
239.98317976673576	16.94207764075497	1.8963022160476193	0.008088411839860853	0.004786358111071652	0.019290736560381497
239.98046261360346	17.124682940792283	1.8250960360291986	0.008224104319955444	0.0051551280142003745	0.020246753774920707
239.97774546047123	17.307288240829603	1.7467037560134109	0.008360979563757125	0.005525162432740374	0.02120109518814031
239.9750283073389	17.48989354086692	1.6617216654245945	0.008499035031670134	0.005896450988233402	0.02215376333963595
239.97231115420664	17.672498840904233	1.5707458697757757	0.008638268187042173	0.006268983399172382	0.023104760766059988
239.96959400107434	17.855104140941553	1.4743722909142252	0.008778676496161781	0.006642749479581721	0.024054090001123896
239.96770570539277	18.037715916601485	1.3731749522009136	0.008920229332480389	0.007017962947116703	0.025002398087480077
239.96756941660152	18.22034138018263	1.2677271388001137	0.00906293480126789	0.0073949610753983736	0.025950672811916407
239.96743312781024	18.402966843763775	1.1586706130588886	0.00920687272450237	0.007773312861972129	0.026897690349063353
239.96729683901899	18.585592307344918	1.0466000694279565	0.009352042409111748	0.008153010572746679	0.027843451391993065
239.96716055022773	18.768217770926064	0.9321101931970203	0.009498443162124299	0.008534046536604828	0.02878795663367727
239.96702426143645	18.950843234507207	0.8157956605034811	0.00964607429066868	0.008916413144530972	0.029731206766987227
239.96770331579503	19.133457976639406	0.698242826771182	0.009794956489031262	0.009300430901053577	0.030674129243767955
239.9726416363862	19.31601671105822	0.5800133240198195	0.009945259194002378	0.009687655586687032	0.031621093741983845
239.97757995697737	19.49857544547704	0.4617461649582282	0.010096930262251608	0.01007649732677425	0.032567585725182945
239.98251827756852	19.681134179895864	0.3440354843236603	0.010249972571401287	0.010466952643666021	0.03351360231574287
239.98745659815967	19.86369291431468	0.22747575439622425	0.010404388998722265	0.010859018075856078	0.03445914063639273
239.99239491875082	20.0462516487335	0.11266014793144484	0.010493157583515239	0.011067435403120758	0.03491962076947245
239.997333239342	20.228810383152325	0.00010055875751181393	0.010383824202464646	0.01072910599254476	0.033952463482982614
