Q20	Q30	EHFB	M22	M23	M33
160.0	0.0	0.0001000000000002554	0.008114269999999998	2.593068549604445e-07	0.0319296
160.06887881599272	0.0	0.00011005401611781134	0.008083935252814709	2.5416710354549523e-07	0.031623233914376964
160.13775763198547	0.0	0.0001447262057038065	0.008053600505630488	2.4905930326185033e-07	0.03131686782875272
160.2066364479782	0.0	0.00020232972969178416	0.00802326575844736	2.439841170570271e-07	0.03101050174312739
160.27551526397093	0.0	0.00027824269102516737	0.007992931011265324	2.389412450673727e-07	0.030704135657501096
160.34439407996362	0.0	0.00036958316934661013	0.007962596264084389	2.3393135137027133e-07	0.03039776957187384
160.41327289595637	0.0	0.0004748665239893215	0.007932261516904517	2.289543815996734e-07	0.030091403486245248
160.48215171194911	0.0	0.0005932925217141286	0.00790192676972573	2.2401052391300257e-07	0.029785037400615576
160.55103052794183	0.0	0.0007243830471330166	0.007871592022548035	2.190997319242265e-07	0.029478671314984946
160.61990934393458	0.0	0.0008678190849999448	0.007841257275371417	2.1422267168093113e-07	0.029172305229353095
160.6887881599273	0.0	0.0010233652577423097	0.0078109225281958955	2.0937906482361689e-07	0.028865939143720293
160.75766697592005	0.0	0.0011908328125219097	0.007780587781021449	2.0456957805887158e-07	0.028559573058086273
160.82654579191274	0.0	0.0013700603579676173	0.007750253033848115	1.9979417309132393e-07	0.02825320697245142
160.89542460790548	0.0	0.0015609032841290627	0.007719918286675835	1.9505281611391417e-07	0.027946840886815236
160.9643034238982	0.0	0.0017632276705898402	0.0076895835395046535	1.9034594186725766e-07	0.02764047480117809
161.03318223989095	0.0	0.0019769066318271983	0.007659248792334552	1.8567398341568972e-07	0.02733410871553973
161.10206105588367	0.0	0.002201818044992772	0.007628914045165545	1.8103691047875504e-07	0.027027742629900407
161.1709398718764	0.0	0.002437843092399924	0.007598579297997612	1.7643492633316508e-07	0.02672137654425988
161.23981868786913	0.0	0.002684865300590837	0.007568244550830779	1.7186823461904843e-07	0.026415010458618386
161.30869750386188	0.0	0.0029427698912324928	0.007537909803665012	1.6733681015081256e-07	0.026108644372975685
161.3775763198546	0.0	0.0032114433330735575	0.0075075750565003485	1.6284131433700992e-07	0.025802278287332024
161.44645513584732	0.0	0.0034907730266465395	0.00747724030933677	1.5838171990949425e-07	0.025495912201687277
161.51533395184003	0.0	0.003780647078487815	0.0074469055621742735	1.5395800044525733e-07	0.025189546116041447
161.58421276783278	0.0	0.004080954136895208	0.00741657081501285	1.4957058233468805e-07	0.024883180030394407
161.6530915838255	0.0	0.004391583270727393	0.007386236067852529	1.452198865319136e-07	0.024576813944746402
161.72197039981825	0.0	0.00471242387879104	0.00735590132069328	1.409058769693893e-07	0.024270447859097186
161.79084921581097	0.0	0.005043365621277645	0.007325566573535124	1.3662851429957174e-07	0.023964081773447013
161.85972803180368	0.0	0.005384298367312909	0.007295231826378057	1.3238820323681668e-07	0.023657715687795757
161.92860684779643	0.0	0.005735112154419881	0.007264897079222068	1.2818556245359576e-07	0.023351349602143284
161.99748566378912	0.0	0.006095697156894055	0.007234562332067183	1.2401985484873352e-07	0.023044983516489977
162.06636447978187	0.0	0.006465943660916899	0.007204227584913359	1.198916769703073e-07	0.022738617430835342
162.13524329577461	0.0	0.006845742044807238	0.007173892837760627	1.1580160738115594e-07	0.02243225134517961
162.20412211176733	0.0	0.007234982763235361	0.007143558090608984	1.117488663511917e-07	0.02212588525952293
162.27300092776005	0.0	0.00763355633451208	0.007113223343458433	1.0773421462397046e-07	0.02181951917386515
162.34187974375277	0.0	0.008041353330285161	0.007082888596308962	1.037572700055638e-07	0.021513153088206293
162.41075855974552	0.0	0.008458264367136063	0.007052553849160568	9.98185089139115e-08	0.02120678700254622
162.47963737573824	0.0	0.008884180099684344	0.00702221910201327	9.591747635141894e-08	0.020900420916885192
162.54851619173098	0.0	0.009318991214900313	0.006991884354867052	9.205478343345766e-08	0.020594054831222952
162.6173950077237	0.0	0.009762588427385683	0.006961549607721922	8.82294212245637e-08	0.020287688745559754
162.68627382371642	0.0	0.010214862475442241	0.00693121486057788	8.444164660722017e-08	0.01998132265989547
162.75515263970917	0.0	0.010675704117778101	0.006900880113434917	8.069163143169238e-08	0.019674956574229966
162.82403145570188	0.0	0.011145004130736772	0.006870545366293045	7.697809346892722e-08	0.019368590488563514
162.89291027169463	0.0	0.011622653305958179	0.00684021061915225	7.330118677491961e-08	0.01906222440289584
162.96178908768735	0.0	0.012108542448392054	0.00680987587201255	6.965977260192264e-08	0.018755858317227217
163.03066790368007	0.0	0.012602562374609045	0.006779541124873939	6.60534074452188e-08	0.018449492231557507
163.09954671967282	0.0	0.01310460391135564	0.006749206377736397	6.248047108192122e-08	0.018143126145886583
163.16842553566553	0.0	0.013614557894314684	0.006718871630599956	5.893991835443268e-08	0.0178367600602147
163.23730435165825	0.0	0.01413231516704061	0.0066885368834645985	5.542933836962648e-08	0.017530393974541727
163.306183167651	0.0	0.014657766580038567	0.006658202136330316	5.1946671107039374e-08	0.01722402788886755
163.37506198364372	0.0	0.015190802989966872	0.006627867389197129	4.8488136800257625e-08	0.01691766180319241
163.44394079963647	0.0	0.01573131525894647	0.006597532642065021	4.505010017919957e-08	0.01661129571751605
163.51281961562918	0.0	0.016279194253956412	0.0065671978949340066	4.162599652207507e-08	0.01630492963183874
163.58169843162193	0.0	0.01683433084630925	0.006536863147804064	3.820785721772792e-08	0.015998563546160218
163.65057724761465	0.0	0.017396615911188303	0.0065065284006752214	3.478510968633333e-08	0.015692197460480735
163.71945606360737	0.0	0.01796594032724466	0.006476193653547463	3.134129134941165e-08	0.015385831374800167
163.78833487960011	0.0	0.018542194976240545	0.006445858906420779	2.7853112460776656e-08	0.015079465289118387
163.85721369559286	0.0	0.019125270742734776	0.006415524159295178	2.4282271968918426e-08	0.014773099203435522
163.92609251158558	0.0	0.019715058513805717	0.006385189412170678	2.0564733769841386e-08	0.014466733117751698
163.9949713275783	0.0	0.02031144917880585	0.00635485466504726	1.657424368479935e-08	0.014160367032066789
164.06385014357102	0.0	0.020914337606575236	0.006358918863493418	1.613880550978501e-08	0.014145256568816844
164.13272895956374	0.0	0.021523638486563922	0.006365692234061107	1.600064524655413e-08	0.014153084646254411
164.20160777555648	0.0	0.022139272670742803	0.006372465604628798	1.5860780236124484e-08	0.014160912723691983
164.2704865915492	0.0	0.022761161014617604	0.0063792389751964875	1.5720021683397615e-08	0.01416874080112955
164.33936540754195	0.0	0.023389224375138813	0.006386012345764177	1.5577048030057397e-08	0.014176568878567122
164.40824422353467	0.0	0.024023383610567085	0.006392785716331864	1.5433107223573345e-08	0.014184396956004692
164.47712303952738	0.0	0.024663559580356525	0.006399559086899553	1.528817228798057e-08	0.01419222503344226
164.54600185552016	0.0	0.02530967314504821	0.0064063324574672445	1.5140878885547605e-08	0.014200053110879837
164.61488067151285	0.0	0.025961645166172973	0.006413105828034929	1.4992956517712963e-08	0.0142078811883174
164.6837594875056	0.0	0.026619396506170557	0.006419879198602619	1.4843023418431255e-08	0.014215709265754975
164.7526383034983	0.0	0.027282848028307688	0.0064266525691703035	1.4691477037880806e-08	0.014223537343192542
164.82151711949103	0.0	0.02795192059661341	0.006433425939737993	1.4538266908662566e-08	0.014231365420630115
164.89039593548375	0.0	0.028626535075812455	0.00644019931030568	1.4383809331011738e-08	0.014239193498067683
164.95927475147647	0.0	0.02930661233127168	0.006446972680873364	1.422663974439862e-08	0.014247021575505257
165.02815356746922	0.0	0.0299920732289478	0.006453746051441055	1.4068587597702652e-08	0.014254849652942828
165.09703238346196	0.0	0.030682838635340364	0.0064605194220087436	1.3908165875324527e-08	0.014262677730380402
165.1659111994547	0.0	0.031378829417450335	0.0064672927925764345	1.3746274792524877e-08	0.014270505807817973
165.23479001544743	0.0	0.032079966442741165	0.006474066163144118	1.3581368616146333e-08	0.014278333885255545
165.30366883144012	0.0	0.032786170579104414	0.0064808395337118	1.3414848002959972e-08	0.014286161962693113
165.37254764743287	0.0	0.033497362694828454	0.006487612904279489	1.3246652464120547e-08	0.014293990040130686
165.44142646342559	0.0	0.03421346365856666	0.006494386274847173	1.3075165115596654e-08	0.01430181811756826
165.51030527941833	0.0	0.034934394339314064	0.006501159645414863	1.2902352607691258e-08	0.014309646195005833
165.57918409541105	0.0	0.035660075606380286	0.006507933015982548	1.2726565766105389e-08	0.014317474272443403
165.64806291140377	0.0	0.03639042832936919	0.006514706386550232	1.254821889388043e-08	0.014325302349880975
165.71694172739652	0.0	0.03712537337815763	0.00652147975711792	1.2367201217107852e-08	0.014333130427318552
165.78582054338924	0.0	0.03786483162287561	0.006528253127685604	1.2183393669587062e-08	0.014340958504756123
165.85469935938198	0.0	0.03860872393389105	0.006535026498253291	1.1996667995817776e-08	0.014348786582193698
165.9235781753747	0.0	0.03935697118179147	0.006541799868820976	1.1807459976095505e-08	0.01435661465963127
165.99245699136745	0.0	0.04010949423737172	0.006548573239388661	1.1613896994018028e-08	0.014364442737068847
166.06133580736017	0.0	0.040866213971617896	0.006555346609956345	1.141753918687294e-08	0.014372270814506422
166.1302146233529	0.0	0.041627051255697385	0.0065621199805240326	1.121824026577772e-08	0.014380098891943995
166.1990934393456	0.0	0.04239192696094438	0.006568893351091715	1.1015224891123404e-08	0.014387926969381562
166.26797225533835	0.0	0.04316076195885307	0.006575666721659399	1.0807027208106688e-08	0.014395755046819139
166.33685107133107	0.0	0.04393347712106318	0.006582440092227084	1.0595904649027035e-08	0.014403583124256712
166.4057298873238	0.0	0.04470999331935435	0.006589213462794767	1.0379716617803554e-08	0.014411411201694285
166.4746087033165	0.0	0.04549023142563594	0.006595986833362449	1.0158808032930625e-08	0.01441923927913186
166.54348751930925	0.0	0.04627411231193988	0.006602760203930135	9.9328639165851e-09	0.014427067356569437
166.61236633530197	0.0	0.0470615568504119	0.006609533574497817	9.701532424021217e-09	0.014434895434007009
166.68124515129472	0.0	0.047852485913306986	0.006616306945065502	9.464418498713285e-09	0.014442723511444589
166.75012396728744	0.0	0.04864682037298047	0.0066230803156331845	9.221076050049258e-09	0.014450551588882162
166.81900278328018	0.0	0.04944448110188473	0.006629853686200869	8.970998209920265e-09	0.014458379666319741
166.88788159927293	0.0	0.05024538897256123	0.006636627056768555	8.714386091865743e-09	0.014466207743757316
166.95676041526562	0.0	0.051049464857636125	0.006643400427336232	8.448227961681595e-09	0.01447403582119489
167.02563923125834	0.0	0.051856629629817505	0.006650173797903915	8.174922344164958e-09	0.014481863898632463
167.09451804725109	0.0	0.05266680416188808	0.006656947168471601	7.892002260417913e-09	0.01448969197607004
167.16339686324383	0.0	0.053479909326701755	0.006663720539039284	7.596600238340167e-09	0.014497520053507618
167.23227567923655	0.0	0.05429586599718007	0.006670493909606964	7.290002051620823e-09	0.014505348130945195
167.3011544952293	0.0	0.05511459504630939	0.006677267280174651	6.970731266040745e-09	0.014513176208382772
167.37003331122202	0.0	0.05593601734713523	0.0066840406507423285	6.633877184630261e-09	0.01452100428582035
167.43891212721473	0.0	0.056760053772761304	0.006690814021310011	6.280952839160356e-09	0.014528832363257926
167.50779094320748	0.0	0.057586625196345616	0.006697587391877695	5.905616604590296e-09	0.014536660440695503
167.5766697592002	0.0	0.05841565249109641	0.0067043607624453746	5.5045236193601215e-09	0.01454448851813308
167.64554857519295	0.0	0.05924705653027204	0.006711134133013057	5.071566469725031e-09	0.01455231659557066
167.71442739118567	0.0	0.06008075818717563	0.006717907503580739	4.599237047569073e-09	0.014560144673008235
167.78330620717838	0.0	0.06091667833515525	0.006724680874148419	4.0705106006683016e-09	0.014567972750445812
167.8521850231711	0.0	0.06175473784760013	0.006731454244716097	3.4596243047284686e-09	0.014575800827883388
167.92106383916382	0.0	0.0625948575979391	0.006738227615283778	2.719154645854834e-09	0.014583628905320964
167.98994265515657	0.0	0.0634369584596389	0.00674500098585146	1.6740583322136845e-09	0.014591456982758544
168.0588214711493	0.0	0.06428095912998386	0.006750419403831219	1.4881715755199367e-09	0.014596908672761685
168.12770028714203	0.0	0.06512676474372678	0.006755606150872513	1.5199560319944337e-09	0.014601954046033155
168.19657910313475	0.0	0.06597427521992577	0.006760792897913803	1.5466743104796493e-09	0.014606999419304623
168.2654579191275	0.0	0.06682339046679112	0.0067659796449551	1.581603318194051e-09	0.01461204479257609
168.33433673512022	0.0	0.06767401039255877	0.00677116639199639	1.607293170267142e-09	0.014617090165847557
168.40321555111294	0.0	0.0685260349054918	0.006776353139037681	1.6367577552966173e-09	0.014622135539119023
168.47209436710568	0.0	0.0693793639138781	0.006781539886078976	1.6656991533595166e-09	0.014627180912390493
168.5409731830984	0.0	0.07023389732602837	0.006786726633120268	1.6941441778404704e-09	0.01463222628566196
168.60985199909112	0.0	0.0710895350502771	0.006791913380161558	1.7181448309700637e-09	0.014637271658933427
168.67873081508387	0.0	0.07194617699498063	0.0067971001272028545	1.749641524758748e-09	0.014642317032204892
168.74760963107659	0.0	0.07280372306851503	0.0068022868742441435	1.772887426689714e-09	0.01464736240547636
168.81648844706933	0.0	0.0736620731792778	0.0068074736212854385	1.7996315098465926e-09	0.014652407778747831
168.88536726306205	0.0	0.0745211272356843	0.006812660368326729	1.8222364349045877e-09	0.014657453152019297
168.95424607905477	0.0	0.07538078514616915	0.006817847115368023	1.851955825259434e-09	0.014662498525290762
169.02312489504752	0.0	0.07624094681918465	0.006823033862409315	1.873926260889622e-09	0.01466754389856223
169.09200371104023	0.0	0.07710151216319887	0.0068282206094506075	1.8992409787574014e-09	0.0146725892718337
169.16088252703298	0.0	0.07796238108669747	0.006833407356491902	1.9242208987067776e-09	0.014677634645105167
169.2297613430257	0.0	0.07882345349818026	0.006838594103533192	1.9488788947299414e-09	0.014682680018376634
169.29864015901842	0.0	0.07968462930616296	0.006843780850574483	1.9697621916407835e-09	0.0146877253916481
169.36751897501114	0.0	0.08054580841917525	0.006848967597615776	1.997276653021085e-09	0.014692770764919564
169.43639779100386	0.0	0.08140689074576053	0.006854154344657067	2.0176559109986047e-09	0.01469781613819103
169.5052766069966	0.0	0.08226777619447576	0.006859341091698359	2.0378299278827366e-09	0.014702861511462504
169.57415542298932	0.0	0.08312836467388944	0.006864527838739654	2.0644321476875433e-09	0.014707906884733968
169.64303423898207	0.0	0.08398855609258372	0.006869714585780946	2.0841503627211955e-09	0.01471295225800544
169.7119130549748	0.0	0.08484825035915095	0.006874901332822239	2.1069262819352133e-09	0.014717997631276906
169.78079187096753	0.0	0.0857073473821962	0.006880088079863532	2.129456994103546e-09	0.014723043004548374
169.84967068696025	0.0	0.08656574707033392	0.006885274826904826	2.1549215377249784e-09	0.014728088377819838
169.91854950295297	0.0	0.08742334933218995	0.006890461573946116	2.17381321239488e-09	0.014733133751091304
169.98742831894572	0.0	0.08828005407640017	0.006895648320987408	2.1925407694016005e-09	0.014738179124362776
170.05630713493844	0.0	0.0891357612116091	0.006900835068028703	2.2172760572062614e-09	0.01474322449763424
170.12518595093115	0.0	0.08999037064647145	0.006906021815069993	2.2356367016291737e-09	0.014748269870905708
170.1940647669239	0.0	0.09084378228965088	0.006911208562111288	2.259897074129801e-09	0.014753315244177176
170.26294358291662	0.0	0.09169589604981865	0.006916395309152579	2.2779113983839104e-09	0.014758360617448642
170.33182239890937	0.0	0.09254661183565559	0.006921582056193872	2.2987549767969168e-09	0.014763405990720114
170.40070121490209	0.0	0.09339582955584916	0.006926768803235165	2.3194097651400905e-09	0.014768451363991578
170.4695800308948	0.0	0.09424344911909555	0.0069319555502764555	2.3369613847099653e-09	0.014773496737263048
170.53845884688752	0.0	0.09508937043409793	0.006937142297317747	2.3572786096271427e-09	0.014778542110534513
170.60733766288027	0.0	0.09593349340956707	0.006942329044359041	2.3774207630441648e-09	0.01478358748380598
170.67621647887302	0.0	0.09677571795421977	0.006947515791400333	2.394543305698939e-09	0.01478863285707745
170.74509529486573	0.0	0.0976159439767796	0.006952702538441627	2.4171973236990214e-09	0.014793678230348916
170.81397411085848	0.0	0.09845407138597749	0.0069578892854829195	2.4340374418303937e-09	0.014798723603620386
170.8828529268512	0.0	0.09929000009054915	0.006963076032524213	2.456324238888118e-09	0.014803768976891849
170.95173174284395	0.0	0.10012362999923777	0.006968262779565506	2.472895335839009e-09	0.01480881435016332
171.02061055883664	0.0	0.10095486102079035	0.006973449526606796	2.492095011737691e-09	0.014813859723434785
171.08948937482938	0.0	0.10178359306396206	0.00697863627364809	2.5111465241409093e-09	0.014818905096706254
171.1583681908221	0.0	0.10260972603751094	0.006983823020689382	2.53005322013826e-09	0.014823950469977719
171.22724700681482	0.0	0.10343315985020154	0.006989009767730672	2.5461395846274984e-09	0.014828995843249187
171.29612582280754	0.0	0.10425379441080322	0.006994196514771963	2.5647857481480072e-09	0.014834041216520655
171.3650046388003	0.0	0.10507152962809037	0.006999383261813259	2.5832959948096157e-09	0.014839086589792121
171.433883454793	0.0	0.10588626541084116	0.007004570008854551	2.6016732256919374e-09	0.01484413196306359
171.50276227078578	0.0	0.10669790166783986	0.007009756755895844	2.617314649776889e-09	0.01484917733633506
171.57164108677847	0.0	0.10750633830787258	0.0070149435029371356	2.6380397396084613e-09	0.014854222709606521
171.6405199027712	0.0	0.10831147523973254	0.007020130249978427	2.653464392610767e-09	0.014859268082877991
171.70939871876394	0.0	0.10911321237221581	0.00702531699701972	2.671353890390275e-09	0.014864313456149459
171.77827753475665	0.0	0.10991144961412173	0.007030503744061012	2.689123100020336e-09	0.014869358829420925
171.8471563507494	0.0	0.11070608687425484	0.007035690491102307	2.7067743905096343e-09	0.014874404202692395
171.91603516674212	0.0	0.11149702406142199	0.007040877238143597	2.7218049407276604e-09	0.014879449575963861
171.98491398273484	0.0	0.11228416108443473	0.007046063985184891	2.7417323089726114e-09	0.014884494949235326
172.05379279872759	0.0	0.11306740361502171	0.007047292792577804	2.845065181399365e-09	0.014887810884027707
172.1226716147203	0.0	0.11384670261750326	0.007047411608535389	2.9682121027961805e-09	0.01489064180336501
172.19155043071302	0.0	0.1146220304637841	0.007047530424492976	3.0888223700526133e-09	0.014893472722702309
172.26042924670574	0.0	0.11539335965288718	0.007047649240450561	3.2029189629954157e-09	0.014896303642039612
172.3293080626985	0.0	0.11616066268384026	0.0070477680564081475	3.313237344308112e-09	0.014899134561376915
172.39818687869123	0.0	0.1169239120556747	0.007047886872365732	3.4201432121942233e-09	0.014901965480714218
172.46706569468398	0.0	0.1176830802674263	0.007048005688323321	3.5258914754568384e-09	0.014904796400051521
172.5359445106767	0.0	0.11843813981813438	0.007048124504280904	3.624915949730337e-09	0.014907627319388824
172.60482332666942	0.0	0.11918906320684258	0.007048243320238492	3.725122867701988e-09	0.014910458238726127
172.67370214266214	0.0	0.11993582293259807	0.007048362136196077	3.821038751755727e-09	0.01491328915806343
172.74258095865486	0.0	0.12067839149445121	0.007048480952153663	3.916486567959851e-09	0.01491612007740073
172.81145977464757	0.0	0.12141674139145593	0.00704859976811125	4.008073233030904e-09	0.014918950996738033
172.88033859064035	0.0	0.12215084512266987	0.0070487185840688365	4.097734092790442e-09	0.014921781916075337
172.94921740663307	0.0	0.12288067518715196	0.007048837400026423	4.185592969725897e-09	0.014924612835412639
173.0180962226258	0.0	0.12360620408396593	0.007048956215984009	4.271761111054566e-09	0.014927443754749942
173.0869750386185	0.0	0.12432740431217773	0.0070490750319415945	4.3563389043885165e-09	0.014930274674087243
173.15585385461125	0.0	0.1250442483708565	0.007049193847899181	4.439417303848036e-09	0.014933105593424544
173.22473267060397	0.0	0.12575670875907302	0.007049312663856769	4.522606157830771e-09	0.014935936512761845
173.29361148659672	0.0	0.1264647579759018	0.007049431479814353	4.601399547438927e-09	0.01493876743209915
173.36249030258944	0.0	0.1271683685204188	0.007049550295771944	4.6834018729923664e-09	0.01494159835143645
173.43136911858215	0.0	0.12786751289170314	0.007049669111729529	4.759741787727436e-09	0.014944429270773753
173.50024793457487	0.0	0.12856216358883596	0.007049787927687117	4.837840816298083e-09	0.014947260190111052
173.56912675056762	0.0	0.1292522931109008	0.007049906743644703	4.913392002144004e-09	0.014950091109448355
173.63800556656034	0.0	0.12993787395698275	0.007050025559602289	4.987898698953549e-09	0.014952922028785657
173.70688438255308	0.0	0.13061887862616992	0.007050144375559877	5.06140708363626e-09	0.01495575294812296
173.7757631985458	0.0	0.13129527961755127	0.007050263191517465	5.135312375379171e-09	0.014958583867460259
173.84464201453855	0.0	0.1319670494302189	0.00705038200747505	5.205597707085518e-09	0.014961414786797564
173.91352083053124	0.0	0.13263416056326532	0.007050500823432641	5.2789921602131226e-09	0.01496424570613486
173.982399646524	0.0	0.13329658551578694	0.007050619639390227	5.347574974562756e-09	0.014967076625472163
174.05127846251673	0.0	0.13395429678688	0.007050738455347815	5.41795049027102e-09	0.014969907544809464
174.12015727850945	0.0	0.1346072668756429	0.007050857271305402	5.486246454214528e-09	0.014972738464146764
174.18903609450217	0.0	0.13525546828117618	0.007050976087262989	5.553792590856924e-09	0.014975569383484065
174.25791491049492	0.0	0.13589887350258187	0.007051094903220576	5.620615978896741e-09	0.014978400302821366
174.32679372648767	0.0	0.13653745503896308	0.0070512137191781656	5.687969716892589e-09	0.014981231222158668
174.39567254248038	0.0	0.1371711853894244	0.007051332535135755	5.754623792823761e-09	0.014984062141495965
174.4645513584731	0.0	0.1378000370530724	0.007051451351093341	5.818199562191888e-09	0.014986893060833272
174.53343017446582	0.0	0.1384239825290146	0.0070515701670509304	5.883550292045059e-09	0.01498972398017057
174.60230899045857	0.0	0.13904299431636044	0.007051688983008517	5.94709188747163e-09	0.01499255489950787
174.67118780645131	0.0	0.13965704491421987	0.0070518077989661036	6.010045150838043e-09	0.014995385818845174
174.74006662244403	0.0	0.14026610682170423	0.007051926614923692	6.072428421961059e-09	0.014998216738182473
174.80894543843678	0.0	0.1408701525379268	0.00705204543088128	6.1342591322661605e-09	0.015001047657519775
174.87782425442947	0.0	0.14146915456200088	0.007052164246838869	6.196686819405195e-09	0.01500387857685707
174.94670307042222	0.0	0.14206308539304258	0.00705228306279646	6.258573646428327e-09	0.015006709496194372
175.01558188641496	0.0	0.14265191753016762	0.007052401878754046	6.317710605499431e-09	0.015009540415531675
175.08446070240768	0.0	0.14323562347249313	0.007052520694711633	6.377479587325583e-09	0.015012371334868976
175.1533395184004	0.0	0.1438141757191378	0.007052639510669223	6.4378652618003456e-09	0.015015202254206274
175.22221833439312	0.0	0.144387546769221	0.007052758326626811	6.496684600561349e-09	0.015018033173543574
175.29109715038584	0.0	0.1449557091218632	0.0070528771425844	6.555053011228764e-09	0.015020864092880873
175.35997596637856	0.0	0.14551863527618583	0.007052995958541988	6.612982472471456e-09	0.015023695012218174
175.4288547823713	0.0	0.14607629773131134	0.007053114774499578	6.671542509905671e-09	0.015026525931555474
175.49773359836405	0.0	0.14662866898636284	0.007053233590457166	6.728619757203263e-09	0.015029356850892774
175.56661241435677	0.0	0.14717572154046418	0.007053352406414756	6.785291280771176e-09	0.015032187770230073
175.63549123034946	0.0	0.14771742789274042	0.007053471222372342	6.841567200189029e-09	0.015035018689567373
175.7043700463422	0.0	0.14825376054231812	0.007053590038329934	6.898483261157445e-09	0.01503784960890467
175.77324886233492	0.0	0.14878469198832311	0.0070537088542875215	6.953989255442237e-09	0.01504068052824197
175.8421276783277	0.0	0.1493101947298837	0.007053827670245111	7.009127864366653e-09	0.015043511447579271
175.91100649432042	0.0	0.14983024126612707	0.0070539464862027	7.063907727083387e-09	0.01504634236691657
175.97988531031314	0.0	0.15034480409618275	0.00705406530216029	7.119334057873641e-09	0.015049173286253869
176.04876412630585	0.0	0.15085385389554842	0.007050135842262284	7.0951473159395105e-09	0.01505063393364197
176.1176429422986	0.0	0.15135734302873524	0.0070445365111132	7.039495974505115e-09	0.015051529358249872
176.18652175829135	0.0	0.15185521328784912	0.007038937179964114	6.9821830841687885e-09	0.015052424782857772
176.25540057428407	0.0	0.15234740633700625	0.007033337848815031	6.924193506273574e-09	0.015053320207465675
176.32427939027679	0.0	0.15283386384032402	0.007027738517665946	6.865509840152642e-09	0.015054215632073577
176.3931582062695	0.0	0.15331452746191987	0.007022139186516864	6.807166395135754e-09	0.015055111056681475
176.46203702226225	0.0	0.1537893388659121	0.007016539855367776	6.747050157854078e-09	0.015056006481289377
176.53091583825497	0.0	0.1542582397164188	0.007010940524218693	6.686182876766805e-09	0.015056901905897278
176.5997946542477	0.0	0.1547211716775592	0.007005341193069607	6.624543586824099e-09	0.01505779733050518
176.66867347024044	0.0	0.15517807641345283	0.006999741861920521	6.563208988509483e-09	0.015058692755113082
176.73755228623315	0.0	0.1556288955882194	0.006994142530771437	6.499970968093839e-09	0.015059588179720985
176.80643110222587	0.0	0.15607357086597942	0.0069885431996223515	6.4358917916991135e-09	0.015060483604328887
176.87530991821862	0.0	0.15651204391085397	0.006982943868473265	6.370945804807752e-09	0.015061379028936792
176.94418873421137	0.0	0.15694425638696408	0.006977344537324177	6.306256827139795e-09	0.015062274453544692
177.01306755020408	0.0	0.15737014995843138	0.0069717452061750914	6.2395086976988825e-09	0.015063169878152595
177.08194636619683	0.0	0.1577896662893784	0.006966145875026003	6.171808381536759e-09	0.015064065302760499
177.15082518218955	0.0	0.1582027470439274	0.006960546543876917	6.103123906233869e-09	0.0150649607273684
177.2197039981823	0.0	0.15860933388620174	0.00695494721272783	6.034631808774034e-09	0.015065856151976304
177.28858281417502	0.0	0.15900936848032457	0.006949347881578744	5.963891543933835e-09	0.015066751576584207
177.35746163016773	0.0	0.15940279249041991	0.006943748550429656	5.892059572070426e-09	0.015067647001192114
177.42634044616045	0.0	0.15978954758061215	0.00693814921928057	5.8190951652542085e-09	0.015068542425800016
177.49521926215317	0.0	0.16016957541502594	0.006932549888131485	5.7462342300960005e-09	0.01506943785040792
177.56409807814592	0.0	0.1605428176577866	0.0069269505569823945	5.670890685854763e-09	0.015070333275015823
177.63297689413864	0.0	0.16090921597301938	0.006921351225833307	5.594275911065978e-09	0.015071228699623728
177.70185571013135	0.0	0.1612687120248504	0.0069157518946842194	5.5163366229353065e-09	0.015072124124231635
177.7707345261241	0.0	0.16162124747740603	0.006910152563535131	5.438375985185403e-09	0.015073019548839538
177.83961334211682	0.0	0.16196676399481288	0.006904553232386043	5.357634101485607e-09	0.015073914973447443
177.90849215810954	0.0	0.1623052032411982	0.006898953901236955	5.2753831624576426e-09	0.015074810398055348
177.97737097410226	0.0	0.1626365068806895	0.006893354570087867	5.19155110810012e-09	0.015075705822663253
178.046249790095	0.0	0.16296061657741492	0.006887755238938778	5.107517553785331e-09	0.015076601247271159
178.11512860608775	0.0	0.16327747399550266	0.006882155907789686	5.020309376789658e-09	0.015077496671879064
178.18400742208047	0.0	0.1635870207990812	0.006876556576640597	4.9312653075115864e-09	0.01507839209648697
178.2528862380732	0.0	0.16388919865228	0.006870957245491508	4.840283665358348e-09	0.015079287521094876
178.32176505406593	0.0	0.16418394921922846	0.006865357914342417	4.74725268325151e-09	0.015080182945702786
178.39064387005865	0.0	0.1644712141640565	0.006859758583193329	4.653661816051028e-09	0.015081078370310688
178.45952268605137	0.0	0.16475093515089428	0.006854159252044239	4.5561860084422965e-09	0.015081973794918596
178.52840150204412	0.0	0.16502305384387286	0.00684855992089515	4.457940363364298e-09	0.015082869219526502
178.59728031803684	0.0	0.1652875119071229	0.00684296058974606	4.3554198000264886e-09	0.015083764644134409
178.66615913402958	0.0	0.16554425100477618	0.006837361258596967	4.250083205218948e-09	0.015084660068742317
178.73503795002233	0.0	0.16579321280096435	0.006831761927447874	4.141715302810025e-09	0.015085555493350224
178.80391676601502	0.0	0.16603433895981962	0.006826162596298786	4.0300711339821875e-09	0.015086450917958133
178.87279558200777	0.0	0.16626757114547494	0.006820563265149692	3.914869966335458e-09	0.015087346342566043
178.9416743980005	0.0	0.166492851022063	0.0068149639340006046	3.79778896273024e-09	0.015088241767173946
179.0105532139932	0.0	0.1667101202537175	0.006809364602851513	3.674517595344799e-09	0.015089137191781855
179.07943202998592	0.0	0.1669193205045722	0.006803765271702421	3.5465495189675573e-09	0.015090032616389762
179.1483108459787	0.0	0.1671203934387615	0.006798165940553327	3.4155920867632888e-09	0.01509092804099767
179.2171896619714	0.0	0.16731328072041962	0.006792566609404238	3.2766335571804294e-09	0.01509182346560558
179.28606847796414	0.0	0.16749792401368208	0.006786967278255144	3.1310430495034428e-09	0.015092718890213488
179.35494729395685	0.0	0.16767426498268398	0.0067813679471060515	2.97784740178586e-09	0.015093614314821398
179.42382610994957	0.0	0.16784224529156153	0.00677576861595696	2.815804981747102e-09	0.015094509739429308
179.49270492594232	0.0	0.16800180660445083	0.006770169284807867	2.6461981306234303e-09	0.015095405164037215
179.561583741935	0.0	0.16815289058548855	0.006764569953658777	2.4612266484380662e-09	0.015096300588645124
179.63046255792779	0.0	0.16829543889881202	0.006758970622509679	2.2605168050410287e-09	0.015097196013253034
179.6993413739205	0.0	0.16842939320855863	0.006753371291360589	2.043213603037508e-09	0.015098091437860943
179.76822018991322	0.0	0.16855469517886645	0.006747771960211496	1.7947395767277464e-09	0.015098986862468853
179.83709900590594	0.0	0.16867128647387392	0.006742172629062401	1.5048174564800833e-09	0.015099882287076765
179.9059778218987	0.0	0.16877910875772004	0.006736573297913307	1.1423110918459921e-09	0.015100777711684676
179.97485663789143	0.0	0.16887810369454398	0.006730973966764212	5.981991134493362e-10	0.015101673136292586
180.04373545388415	0.0	0.16896821571772924	0.006723556771474426	0.0	0.015101745240981124
180.11261426987687	0.0	0.16904942545966423	0.006715094492338602	0.0	0.015101344021877967
180.18149308586965	0.0	0.16912173896187574	0.0067066322132027685	0.0	0.015100942802774808
180.25037190186234	0.0	0.16918516279206589	0.006698169934066947	0.0	0.015100541583671651
180.31925071785508	0.0	0.1692397035179375	0.0066897076549311185	0.0	0.015100140364568495
180.3881295338478	0.0	0.16928536770719388	0.006681245375795292	0.0	0.015099739145465335
180.45700834984055	0.0	0.1693221619275388	0.006672783096659464	0.0	0.015099337926362177
180.52588716583327	0.0	0.16935009274667642	0.006664320817523639	0.0	0.01509893670725902
180.59476598182601	0.0	0.16936916673231173	0.00665585853838781	0.0	0.015098535488155863
180.66364479781873	0.0	0.16937939045214975	0.006647396259251984	0.0	0.015098134269052705
180.73252361381145	0.0	0.16938077047389624	0.006638933980116159	0.0	0.015097733049949548
180.8014024298042	0.0	0.1693733133652576	0.00663047170098033	0.0	0.01509733183084639
180.8702812457969	0.0	0.1693570256939403	0.006622009421844508	0.0	0.015096930611743232
180.93916006178966	0.0	0.16933191402765163	0.006613547142708676	0.0	0.015096529392640076
181.00803887778238	0.0	0.1692979849340992	0.00660508486357285	0.0	0.015096128173536916
181.07691769377513	0.0	0.16925524498099118	0.006596622584437021	0.0	0.015095726954433758
181.14579650976785	0.0	0.16920370073603616	0.006588160305301196	0.0	0.015095325735330602
181.2146753257606	0.0	0.16914335876694322	0.006579698026165367	0.0	0.015094924516227444
181.2835541417533	0.0	0.16907422564142202	0.006571235747029541	0.0	0.015094523297124286
181.352432957746	0.0	0.16899630792718257	0.0065627734678937195	0.0	0.01509412207802113
181.42131177373875	0.0	0.16890961219193545	0.006554311188757891	0.0	0.01509372085891797
181.49019058973147	0.0	0.16881414500339162	0.006545848909622065	0.0	0.015093319639814813
181.5590694057242	0.0	0.16870991292926274	0.00653738663048624	0.0	0.015092918420711657
181.6279482217169	0.0	0.16859692253726072	0.006528924351350414	0.0	0.015092517201608499
181.69682703770965	0.0	0.168475180395098	0.006520462072214586	0.0	0.01509211598250534
181.7657058537024	0.0	0.16834469307048777	0.006511999793078756	0.0	0.015091714763402184
181.83458466969512	0.0	0.16820546713114354	0.006503537513942931	0.0	0.015091313544299026
181.90346348568784	0.0	0.16805750914477927	0.0064950752348071055	0.0	0.015090912325195868
181.97234230168058	0.0	0.16790082567910947	0.0064866129556712775	0.0	0.01509051110609271
182.04122111767333	0.0	0.16773542330184926	0.006478150676535448	0.0	0.015090109886989552
182.11009993366608	0.0	0.1675613085807142	0.00646968839739962	0.0	0.015089708667886396
182.17897874965877	0.0	0.16737848808342057	0.006461226118263797	0.0	0.015089307448783238
182.2478575656515	0.0	0.16718696837768485	0.006452763839127972	0.0	0.01508890622968008
182.3167363816442	0.0	0.1669867560312242	0.006444301559992146	0.0	0.015088505010576923
182.38561519763695	0.0	0.16677785761175648	0.006435839280856318	0.0	0.015088103791473764
182.45449401362964	0.0	0.1665602796870001	0.006427377001720495	0.0	0.015087702572370607
182.52337282962236	0.0	0.16633402882467377	0.00641891472258467	0.0	0.01508730135326745
182.5922516456151	0.0	0.1660991115924969	0.006410452443448841	0.0	0.015086900134164291
182.66113046160785	0.0	0.1658555345581896	0.006401990164313012	0.0	0.015086498915061135
182.73000927760057	0.0	0.16560330428947273	0.006393527885177187	0.0	0.015086097695957977
182.79888809359335	0.0	0.16534242735406707	0.006385065606041355	0.0	0.015085696476854819
182.86776690958607	0.0	0.1650729103196951	0.006376603326905529	0.0	0.015085295257751662
182.93664572557879	0.0	0.16479475975407892	0.006368141047769704	0.0	0.015084894038648503
183.00552454157153	0.0	0.16450798222494167	0.006359678768633874	0.0	0.015084492819545346
183.07440335756425	0.0	0.16421258430000749	0.0063512164894980495	0.0	0.015084091600442188
183.14328217355694	0.0	0.16390857254700067	0.006342754210362227	0.0	0.015083690381339032
183.2121609895497	0.0	0.16359595353364612	0.006334291931226399	0.0	0.015083289162235874
183.28103980554243	0.0	0.1632747338276699	0.00632582965209057	0.0	0.015082887943132716
183.34991862153515	0.0	0.16294491999679872	0.006317367372954744	0.0	0.015082486724029558
183.41879743752787	0.0	0.16260651860875977	0.006308905093818919	0.0	0.015082085504926401
183.48767625352062	0.0	0.16225953623128092	0.00630044281468309	0.0	0.015081684285823242
183.55655506951334	0.0	0.1619039794320914	0.0062919805355472645	0.0	0.015081283066720085
183.62543388550608	0.0	0.16153985477892038	0.006283518256411436	0.0	0.015080881847616927
183.6943127014988	0.0	0.16116716883949872	0.006275055977275609	0.0	0.015080480628513769
183.76319151749152	0.0	0.16078592818155743	0.006266593698139785	0.0	0.015080079409410613
183.83207033348424	0.0	0.16039613937282854	0.006258131419003959	0.0	0.015079678190307455
183.90094914947696	0.0	0.15999780898104504	0.006249669139868134	0.0	0.015079276971204297
183.9698279654697	0.0	0.15959094357394069	0.006241206860732305	0.0	0.015078875752101139
184.03870678146242	0.0	0.1591755493488998	0.006232610656132618	5.1044547764155e-10	0.015077321070910402
184.10758559745517	0.0	0.15875162603201137	0.006223910056293453	8.648575509309958e-10	0.01507486726309066
184.1764644134479	0.0	0.15831916784481123	0.00621520945645429	1.1042458612721886e-09	0.015072413455270925
184.24534322944064	0.0	0.15787816883342043	0.006206508856615124	1.300794876697129e-09	0.015069959647451186
184.31422204543338	0.0	0.1574286230439621	0.006197808256775957	1.4717693957955956e-09	0.015067505839631444
184.38310086142607	0.0	0.15697052452256025	0.006189107656936801	1.6306339440958309e-09	0.015065052031811707
184.45197967741882	0.0	0.15650386731533922	0.0061804070570976345	1.7707887094939632e-09	0.015062598223991967
184.52085849341154	0.0	0.15602864546842582	0.006171706457258472	1.9009870936281065e-09	0.01506014441617223
184.58973730940426	0.0	0.1555448530279472	0.00616300585741931	2.0231525628902748e-09	0.01505769060835249
184.658616125397	0.0	0.155052484040032	0.0061543052575801435	2.138662466384495e-09	0.01505523680053275
184.72749494138972	0.0	0.1545515325508105	0.006145604657740985	2.2524569756617157e-09	0.015052782992713011
184.79637375738247	0.0	0.15404199260641377	0.006136904057901818	2.3573279764639645e-09	0.015050329184893269
184.8652525733752	0.0	0.15352385825297513	0.006128203458062656	2.4580009495964375e-09	0.015047875377073531
184.9341313893679	0.0	0.1529971235366285	0.006119502858223496	2.558432139604499e-09	0.015045421569253791
185.00301020536062	0.0	0.1524617825035097	0.006110802258384333	2.648649353293412e-09	0.015042967761434056
185.07188902135337	0.0	0.1519178291997559	0.00610210165854517	2.742606015136708e-09	0.015040513953614313
185.1407678373461	0.0	0.1513652576715065	0.006093401058706006	2.830558769651043e-09	0.015038060145794573
185.20964665333878	0.0	0.15080406196490223	0.006084700458866849	2.9160908587639578e-09	0.015035606337974836
185.27852546933158	0.0	0.15023423612608425	0.006075999859027678	3.0023778527401026e-09	0.015033152530155091
185.3474042853243	0.0	0.1496557742011984	0.006067299259188517	3.0835888660226975e-09	0.015030698722335352
185.41628310131702	0.0	0.1490686702363902	0.006058598659349356	3.1629289908262593e-09	0.015028244914515612
185.48516191730977	0.0	0.1484729182778073	0.0060498980595101925	3.243294942594471e-09	0.01502579110669587
185.5540407333025	0.0	0.14786851237160029	0.006041197459671029	3.316531377115363e-09	0.015023337298876132
185.6229195492952	0.0	0.14725544656392114	0.006032496859831871	3.3936681448530524e-09	0.015020883491056392
185.69179836528792	0.0	0.1466337149009241	0.006023796259992709	3.4667030293183094e-09	0.015018429683236651
185.76067718128064	0.0	0.146003311428766	0.006015095660153548	3.5384227174891784e-09	0.015015975875416912
185.8295559972734	0.0	0.14536423019360525	0.006006395060314387	3.611400738366125e-09	0.01501352206759717
185.8984348132661	0.0	0.144716465241604	0.005997694460475225	3.6806749340362957e-09	0.01501106825977743
185.96731362925883	0.0	0.14406001061892593	0.005988993860636064	3.748851009770918e-09	0.015008614451957688
186.03619244525157	0.0	0.1433948603717374	0.005980293260796899	3.8159880066645085e-09	0.015006160644137949
186.1050712612443	0.0	0.1427210085462083	0.005971592660957742	3.884472331011602e-09	0.015003706836318206
186.17395007723707	0.0	0.1420384491885102	0.005962892061118574	3.949653711428734e-09	0.015001253028498463
186.24282889322976	0.0	0.14134717634481975	0.005954191461279417	4.013947242867259e-09	0.014998799220678724
186.3117077092225	0.0	0.14064718406131393	0.005945490861440253	4.077395097244735e-09	0.014996345412858984
186.38058652521522	0.0	0.13993846638417534	0.005936790261601094	4.142235548014107e-09	0.01499389160503924
186.44946534120797	0.0	0.1392210173595885	0.005928089661761929	4.204077015880508e-09	0.014991437797219499
186.5183441572007	0.0	0.13849483103374258	0.0059193890619227705	4.265183030803469e-09	0.01498898398939976
186.58722297319343	0.0	0.13775990145282951	0.0059106884620836065	4.325584923604323e-09	0.014986530181580016
186.65610178918615	0.0	0.13701622266304608	0.005901987862244447	4.385311949487305e-09	0.014984076373760275
186.72498060517887	0.0	0.13626378871059236	0.005893287262405288	4.4464543158998596e-09	0.014981622565940534
186.7938594211716	0.0	0.1355025936416729	0.005884586662566128	4.504888013507374e-09	0.014979168758120791
186.8627382371643	0.0	0.1347326315024967	0.005875886062726969	4.5627247990017535e-09	0.01497671495030105
186.93161705315705	0.0	0.13395389633927712	0.005867185462887805	4.619987242257061e-09	0.014974261142481309
187.0004958691498	0.0	0.133166382198233	0.005858484863048644	4.678667800942632e-09	0.014971807334661564
187.0693746851425	0.0	0.1323700831255887	0.005849784263209487	4.734823367357299e-09	0.014969353526841823
187.13825350113524	0.0	0.1315649931675717	0.005841083663370324	4.790465470803289e-09	0.014966899719022084
187.20713231712796	0.0	0.13075110637041776	0.005832383063531166	4.845611944421353e-09	0.01496444591120234
187.27601113312068	0.0	0.12992841678036693	0.005823682463692008	4.902171299293685e-09	0.014961992103382596
187.34488994911342	0.0	0.12909691844366544	0.005814981863852846	4.956358125814779e-09	0.014959538295562855
187.41376876510614	0.0	0.12825660540656708	0.005806281264013685	5.010097913763498e-09	0.014957084487743112
187.4826475810989	0.0	0.12740747171533115	0.005797580664174523	5.063405035527394e-09	0.01495463067992337
187.55152639709164	0.0	0.12654951141622495	0.005788880064335362	5.118114869665794e-09	0.014952176872103626
187.62040521308438	0.0	0.1256827185555231	0.005780179464496199	5.170580947591892e-09	0.014949723064283884
187.68928402907707	0.0	0.12480708717950875	0.005771478864657045	5.222653855524727e-09	0.014947269256464142
187.75816284506982	0.0	0.12392261133447137	0.005762778264817882	5.274345371689201e-09	0.0149448154486444
187.82704166106254	0.0	0.12302928506671167	0.0057540776649787255	5.327426411841722e-09	0.014942361640824653
187.89592047705528	0.0	0.12212710242253769	0.0057453770651395624	5.37837404616565e-09	0.014939907833004912
187.964799293048	0.0	0.12121605744826874	0.005736676465300404	5.428972891987385e-09	0.01493745402518517
188.03367810904072	0.0	0.12029614464225312	0.005728447779964179	5.433780909786029e-09	0.014934438634897173
188.10255692503347	0.0	0.11936736945942798	0.005720712344534114	5.387495321783181e-09	0.014930836272820753
188.1714357410262	0.0	0.11842974863184456	0.005712976909104054	5.342485740000932e-09	0.01492723391074433
188.2403145570189	0.0	0.11748329940770538	0.005705241473673993	5.297008603072656e-09	0.01492363154866791
188.30919337301162	0.0	0.11652803903522567	0.005697506038243935	5.2510517046113525e-09	0.01492002918659149
188.37807218900437	0.0	0.11556398476263322	0.005689770602813867	5.202785978466044e-09	0.014916426824515069
188.4469510049971	0.0	0.11459115383817062	0.005682035167383807	5.155812470214903e-09	0.014912824462438648
188.51582982098984	0.0	0.11360956351009348	0.005674299731953742	5.108318536650624e-09	0.014909222100362225
188.58470863698255	0.0	0.1126192310266743	0.005666564296523682	5.06028946354321e-09	0.014905619738285804
188.65358745297527	0.0	0.11162017363620069	0.005658828861093621	5.011709804291002e-09	0.014902017376209385
188.72246626896802	0.0	0.1106124085869775	0.005651093425663556	4.9606498656428214e-09	0.014898415014132964
188.79134508496074	0.0	0.10959595312732925	0.005643357990233496	4.9108983929718285e-09	0.014894812652056545
188.86022390095349	0.0	0.10857082450559812	0.005635622554803431	4.860544376539229e-09	0.014891210289980123
188.92910271694623	0.0	0.1075370399701484	0.005627887119373368	4.809568827418162e-09	0.014887607927903699
188.99798153293895	0.0	0.10649461676936632	0.005620151683943303	4.755948777716959e-09	0.014884005565827281
189.06686034893164	0.0	0.10544357215166122	0.005612416248513246	4.703644832824713e-09	0.014880403203750862
189.13573916492442	0.0	0.1043839233654657	0.005604680813083179	4.650654884916964e-09	0.014876800841674441
189.20461798091713	0.0	0.10331568765924294	0.005596945377653117	4.596955144171681e-09	0.014873198479598018
189.27349679690985	0.0	0.10223888228148145	0.005589209942223055	4.540414914744852e-09	0.014869596117521599
189.34237561290257	0.0	0.1011535244807012	0.005581474506792993	4.485190480169435e-09	0.01486599375544518
189.4112544288953	0.0	0.10005963150545455	0.005573739071362932	4.429174576763628e-09	0.01486239139336876
189.48013324488804	0.0	0.09895722060432827	0.005566003635932866	4.372336714813556e-09	0.014858789031292337
189.54901206088078	0.0	0.09784630902594726	0.0055582682005028	4.3124197226766476e-09	0.014855186669215918
189.6178908768735	0.0	0.09672691401897653	0.005550532765072738	4.2538053700120306e-09	0.014851584307139497
189.68676969286622	0.0	0.09559905283212314	0.005542797329642678	4.194262946521959e-09	0.014847981945063078
189.75564850885897	0.0	0.09446274271414012	0.005535061894212614	4.133752274378696e-09	0.014844379582986657
189.82452732485166	0.0	0.09331800091383213	0.005527326458782553	4.0698646028418e-09	0.01484077722091024
189.8934061408444	0.0	0.09216484468005397	0.005519591023352488	4.007245247136584e-09	0.01483717485883382
189.96228495683715	0.0	0.0910032912617208	0.005511855587922424	3.943515419986785e-09	0.014833572496757399
190.03116377282984	0.0	0.08983335790781011	0.005504120152492364	3.876130017745802e-09	0.014829970134680981
190.1000425888226	0.0	0.08865506186736366	0.0054963847170623	3.812500313306337e-09	0.014826367772604558
190.1689214048153	0.0	0.08746842038949931	0.005488649281632237	3.742506778535926e-09	0.014822765410528143
190.23780022080805	0.0	0.08627345072341117	0.005480913846202171	3.6736853907876897e-09	0.01481916304845172
190.3066790368008	0.0	0.08507017011838039	0.005473178410772106	3.6034221852824256e-09	0.014815560686375297
190.37555785279352	0.0	0.08385859582378088	0.0054654429753420415	3.5288837370376603e-09	0.014811958324298881
190.44443666878624	0.0	0.08263874508908653	0.00545770753991198	3.4554085121338707e-09	0.014808355962222464
190.51331548477896	0.0	0.08141063516388154	0.005449972104481918	3.380200204533049e-09	0.014804753600146044
190.5821943007717	0.0	0.0801742832978698	0.005442236669051851	3.3001950546224618e-09	0.014801151238069623
190.65107311676445	0.0	0.07892970674088709	0.005434501233621787	3.2240960719612867e-09	0.0147975488759932
190.71995193275717	0.0	0.07767692274291264	0.005426765798191723	3.1398165193903346e-09	0.014793946513916785
190.7888307487499	0.0	0.07641594855408194	0.00541903036276166	3.056246291467167e-09	0.014790344151840365
190.8577095647426	0.0	0.07514680142470355	0.005411294927331598	2.970169997430338e-09	0.014786741789763946
190.92658838073532	0.0	0.07386949860527595	0.005403559491901534	2.8779711096492067e-09	0.01478313942768753
190.9954671967281	0.0	0.0725840573465058	0.005395824056471467	2.789564230732536e-09	0.014779537065611104
191.06434601272082	0.0	0.071290494899334	0.005388088621041403	2.690834178159197e-09	0.014775934703534686
191.13322482871354	0.0	0.06998882851495394	0.005380353185611341	2.5919361137678196e-09	0.014772332341458269
191.20210364470626	0.0	0.0686790754448435	0.005372617750181278	2.488925226332547e-09	0.014768729979381851
191.27098246069897	0.0	0.06736125294079548	0.0053648823147512134	2.3771442883922035e-09	0.014765127617305435
191.3398612766917	0.0	0.06603537825495336	0.00535714687932115	2.263968920540221e-09	0.014761525255229014
191.40874009268444	0.0	0.06470146863985166	0.0053494114438910854	2.1446131232522115e-09	0.014757922893152593
191.4776189086772	0.0	0.06335954134846405	0.005341676008461016	2.013100146179951e-09	0.014754320531076177
191.54649772466988	0.0	0.06200961363425634	0.0053339405730309574	1.8773659712378987e-09	0.014750718168999758
191.61537654066265	0.0	0.0606517027512435	0.005326205137600889	1.7307518020479104e-09	0.014747115806923337
191.68425535665537	0.0	0.059285825954069914	0.005318469702170825	1.570212729240482e-09	0.01474351344484692
191.7531341726481	0.0	0.05791200049808215	0.005310734266740762	1.390935303966784e-09	0.014739911082770502
191.82201298864084	0.0	0.056530243639428726	0.005302998831310694	1.176070168965436e-09	0.014736308720694084
191.89089180463355	0.0	0.05514057263517275	0.005295263395880631	9.221650966220426e-10	0.014732706358617665
191.9597706206263	0.0	0.05374300474341816	0.005287527960450564	5.627617857510287e-10	0.014729103996541246
192.028649436619	0.0	0.05233755724563968	0.005286066536769289	0.0	0.014798683039128464
192.09752825261177	0.0	0.05092424821064566	0.0052934150454505184	0.0	0.014971023002653586
192.16640706860449	0.0	0.049503096687950325	0.005300763554131741	0.0	0.015143362966178566
192.2352858845972	0.0	0.04807412179029942	0.005308112062812964	0.0	0.015315702929703547
192.30416470058992	0.0	0.046637342632597646	0.005315460571494187	0.0	0.01548804289322853
192.37304351658264	0.0	0.04519277833227935	0.005322809080175411	0.0	0.015660382856753512
192.4419223325754	0.0	0.04374044800975982	0.0053301575888566365	0.0	0.015832722820278564
192.51080114856813	0.0	0.04228037078898913	0.005337506097537863	0.0	0.016005062783803616
192.57967996456085	0.0	0.0408125657981305	0.005344854606219087	0.0	0.016177402747328595
192.64855878055357	0.0	0.039337052170401704	0.005352203114900309	0.0	0.016349742710853578
192.7174375965463	0.0	0.037853849045130235	0.0053595516235815325	0.0	0.01652208267437856
192.786316412539	0.0	0.036362975569080615	0.005366900132262755	0.0	0.01669442263790354
192.85519522853176	0.0	0.03486445089814422	0.005374248640943982	0.0	0.01686676260142859
192.92407404452447	0.0	0.03335829419951481	0.005381597149625205	0.0	0.017039102564953574
192.99295286051722	0.0	0.031844524654509425	0.005388945658306431	0.0	0.017211442528478626
193.06183167650994	0.0	0.030323161462290592	0.005396294166987654	0.0	0.017383782492003605
193.1307104925027	0.0	0.028794223844817887	0.00540364267566888	0.0	0.01755612245552866
193.19958930849538	0.0	0.02725773105355921	0.0054109911843501	0.0	0.01772846241905357
193.26846812448812	0.0	0.025713702378703615	0.005418339693031326	0.0	0.017900802382578622
193.33734694048087	0.0	0.024162157162078226	0.005425688201712553	0.0	0.018073142346103674
193.4062257564736	0.0	0.022603114815584482	0.0054330367103937755	0.0	0.018245482309628656
193.47510457246634	0.0	0.02103659484814881	0.005440385219075002	0.0	0.01841782227315371
193.54398338845905	0.0	0.019462616906154934	0.005447733727756225	0.0	0.018590162236678687
193.6128622044518	0.0	0.017881200835917634	0.005455082236437451	0.0	0.018762502200203743
193.68174102044452	0.0	0.01629236678365409	0.005462430745118674	0.0	0.018934842163728722
193.75061983643724	0.0	0.014696135362087559	0.005469779253799897	0.0	0.0191071821272537
193.81949865242996	0.0	0.013092527942011285	0.00547712776248112	0.0	0.019279522090778684
193.8883774684227	0.0	0.011481567193746383	0.005484476271162346	0.0	0.019451862054303735
193.9572562844154	0.0	0.00986327817002916	0.0054918247798435675	0.0	0.019624202017828645
194.02613510040814	0.0	0.00823769068821929	0.005499173288524793	0.0	0.019796541981353697
194.0950139164009	0.0	0.006604845285277606	0.005506521797206019	0.0	0.019968881944878752
194.1638927323936	0.0	0.00496481107930048	0.0055138703058872415	0.0	0.02014122190840373
194.23277154838632	0.0	0.003317757183564871	0.005521218814568465	0.0	0.02031356187192871
194.30165036437904	0.0	0.0016644517547541745	0.005528567323249688	0.0	0.020485901835453693
194.3705291803718	0.0	0.0001000017479864218	0.0055359158319309145	0.0	0.020658241798978745
