Q20	Q30	EHFB	M22	M23	M33
32.0	0.0	0.4210000118765338	0.18680000000000002	3.0225821845419886e-18	0.15050000000000002
32.604326891441175	0.0	0.388121302631276	0.19159590127638623	0.00258625433796162	0.15138507533854892
33.20865806902289	0.0	0.4029731389146985	0.19701089725113832	0.004049581368185418	0.15059839291149485
33.812989381196445	0.0	0.4605627863207432	0.20246361442157917	0.004314483492318173	0.14855619511654802
34.41733353960859	0.0	0.5558994701317768	0.20711654554221232	0.0033902215132261505	0.1459309270860853
35.02167796809766	0.0	0.6839889789868597	0.21001389270093865	0.001739383934650333	0.14351320183003718
35.62604376646301	0.0	0.8398437265830068	0.21027861938609543	0.00030184306552085105	0.1420148798373008
36.23040997206273	0.0	1.018495852270256	0.20719050851310258	0.00013245392917530686	0.1419971215619992
36.83480601070411	0.0	1.2162988505536851	0.200807191013295	0.0012082339627322765	0.14350904710267612
37.43920259596157	0.0	1.4313721669271022	0.19224344010472919	0.0023332502741890914	0.14590618349006867
38.04363739338219	0.0	1.6619865577352628	0.18280291975246996	0.002672667669639292	0.14838073581551417
38.648072879238406	0.0	1.9063848010800009	0.17382279957864183	0.002139539353754217	0.15009229506361782
39.2525548493764	0.0	2.1628423391739138	0.16652018291987056	0.0012120779055532277	0.1503196579744837
39.857037651974544	0.0	2.4295964120759947	0.16202874219475322	0.0002713598227407501	0.14842622870387284
40.46157508179074	0.0	2.704877290914003	0.1612371992380483	-0.0014630624957763124	0.14398959533952843
41.06611348951543	0.0	2.9864527277406983	0.1628853434930298	-0.006100527949470862	0.13848915277030024
41.67071451697239	0.0	3.2719375563007924	0.16339928059039047	-0.01507370993573679	0.1355940542805119
42.27531666778428	0.0	3.558886785723077	0.15825256879325258	-0.026848016571043066	0.13992577313239038
42.87998926027223	0.0	3.844916404857642	0.1444429512486574	-0.03589052099173525	0.15458133104306948
43.48466311940352	0.0	4.127576106564902	0.12341169812676608	-0.033343915205589436	0.17821424636740607
44.08941505266654	0.0	4.40448226880886	0.10491494924535832	-0.0	0.20116290180125604
44.69416839074236	0.0	4.672819085710741	0.10553410981333161	-0.0	0.2065825310904853
45.2990072283554	0.0	4.9289091002007	0.10860075324533028	-0.0	0.20995579234097583
45.9038476000074	0.0	5.168851940161828	0.11297953487420202	-0.0	0.2110827436538005
46.508780673451035	0.0	5.3888165533993995	0.11753559917315097	-0.0	0.20976393241886146
47.11371539648946	0.0	5.584901188106267	0.12113232778932569	-0.0	0.205799860818083
47.71874978586664	0.0	5.753266281611464	0.122633684776314	-0.0	0.1989900271249695
48.32378592107771	0.0	5.890296321406609	0.12095745943347103	-0.0	0.1891688603786435
48.92892843651264	0.0	5.998005974361256	0.11610135525749608	-0.0	0.17682028593750104
49.5340727681479	0.0	6.08346144650719	0.10905022759297713	-0.0	0.16302756055306422
50.13932993190363	0.0	6.153954289226209	0.10082356162089179	-0.0	0.14889179671700345
50.74458894892923	0.0	6.216750698354184	0.09244410003173137	-0.0	0.1355197216454989
51.34996697827578	0.0	6.279146999598534	0.08493217749713569	-0.0	0.12401367735995582
51.95534685644825	0.0	6.348418711436912	0.07931168481793917	-0.0	0.11548134030973836
52.5608516473112	0.0	6.43028578313068	0.08268773072925242	-0.013304702157495756	0.10444499094339087
53.16635823214609	0.0	6.5225139400668875	0.08979472978820108	-0.016505949149734713	0.09530959908939385
53.77199534355995	0.0	6.6204336300391	0.09825314718669062	-0.015895691852396622	0.08881457191516542
54.37763413425878	0.0	6.719331648602573	0.10636438355939465	-0.012683591903976797	0.08501729875594027
54.98340877364823	0.0	6.814533729748073	0.11273021791707948	-0.007973485215397726	0.08367486023557252
55.58918490804692	0.0	6.901320082391834	0.11639288290874891	-0.0029691686975857395	0.08410093773091479
56.19510191735464	0.0	6.975067538572988	0.11692747150026178	0.0011871496489024725	0.08509019119840346
56.8010201579545	0.0	7.035000135856527	0.11475449734134192	0.0038278089044637047	0.08544917926651636
57.40708400063388	0.0	7.086584839612648	0.11094426455520853	0.004965823059969565	0.08470770188851813
58.01314872177245	0.0	7.135821914768471	0.10625973483240578	0.004869256008453432	0.08282789386189442
58.61936347066089	0.0	7.188741435835779	0.10113083466934811	0.003870739741534301	0.08010285150607713
59.22557864687456	0.0	7.251351796540737	0.09578336605996794	0.0023038260730588976	0.07703377243461955
59.83194797296404	0.0	7.329695974290972	0.09037973074467284	0.0004984186249590832	0.07418184499171401
60.4383171685908	0.0	7.429155887923698	0.08511712169531817	-0.0012137752518895765	0.0720139830638008
61.04484433071156	0.0	7.549163219845475	0.0800435795015457	-0.0024981765134284455	0.07053060213968548
61.65137069077298	0.0	7.685763607489217	0.0752129724840305	-0.003183343497560099	0.06939042858524976
62.25805852620815	0.0	7.835031538061171	0.07068610351554044	-0.003339751083131481	0.06823804795755602
62.86474476860453	0.0	7.992962369773597	0.06634144378039826	-0.003160447450967533	0.0669033209269432
63.47159568465995	0.0	8.15563104464981	0.061764964959396956	-0.002636204833691834	0.06550523738302323
64.07844409369702	0.0	8.319027966058771	0.056548976994748444	-0.0	0.06415980483071626
64.68546006022991	0.0	8.483231381796559	0.05185018913920826	-0.0	0.061637039399846896
65.2924724815322	0.0	8.659145749404045	0.046765793296547356	-0.0	0.059376605398578204
65.8996550245053	0.0	8.859629057652722	0.041836270079563746	-0.0	0.057473779027519996
66.50683286115478	0.0	9.097439222124514	0.03760531458986531	-0.0	0.056025090327382385
67.11418305725238	0.0	9.38547445573394	0.03461452358176953	-0.0	0.05512619890880813
67.72152726755473	0.0	9.736486955766134	0.03340794375943529	-0.0	0.05487350949294813
68.32904573966947	0.0	10.162145380374419	0.03732888368130591	-0.007144990312968693	0.052526113461140445
68.93655683587971	0.0	10.649390502215361	0.045219867289611845	-0.009180994874339942	0.04913636638069166
69.54424374997069	0.0	11.163433361084005	0.052594480867628496	-0.007590389883445566	0.0484520245012573
70.15192179888356	0.0	11.668380038942884	0.0584374026735672	-0.004781994773390845	0.05072336216277561
70.75977686190853	0.0	12.128610428891557	0.0628313469959808	-0.0022817738656332725	0.05510635002678563
71.36762148559325	0.0	12.508185988933732	0.06638694525815561	-0.0007346421680662532	0.06022337546683873
71.97564394455999	0.0	12.771390643813659	0.06966975575482194	-1.7927282887911826e-05	0.06474650400481774
72.58365432361752	0.0	12.891572268868856	0.0729070471995387	0.00033755142529896917	0.06781616240239183
73.1918429667447	0.0	12.884082658362136	0.07605707617461704	0.0006478675888048895	0.06945790333473947
73.800017843956	0.0	12.776062887088033	0.07901366642879895	0.0009052463358426112	0.069930839635462
74.4083710003615	0.0	12.59464601015552	0.0816634634946881	0.0009733024897393652	0.06950402646522624
75.01670868614086	0.0	12.367073484345658	0.08385726408367083	0.0007583772486540022	0.06848067434477216
75.62522422814652	0.0	12.120484306554355	0.08542116344020724	0.00030845363215889113	0.06718993360292795
76.23372261224323	0.0	11.881864053455024	0.08619888353007872	-0.00016917252241730062	0.06594271250023605
76.84239795368553	0.0	11.664335854512904	0.08619807781141409	-0.0004757996085347804	0.06487536925212538
77.45105452056855	0.0	11.462571577808617	0.08560101131973966	-0.0005838973949608529	0.0639357157378719
78.05988660017364	0.0	11.269779613808232	0.08458878735300798	-0.0005314507411804876	0.06307098926142457
78.6686984699251	0.0	11.079290964231149	0.08333542927647479	-0.00038025027302452443	0.06223667380746524
79.27768370870623	0.0	10.88430751932974	0.08201357425127134	-0.00019366959274932027	0.061388499055496905
79.88664773647159	0.0	10.678150412500885	0.08079966305528691	-2.561322779806509e-05	0.06047981809180532
80.49578191705312	0.0	10.454817189423714	0.07985530179926487	8.553130064715733e-05	0.05946662786001698
81.10489488001946	0.0	10.214161398489173	0.0792209805811722	0.00014144889373138807	0.05834996483507315
81.71417290170685	0.0	9.958360840685282	0.07888276202293544	0.00015519813537961933	0.057150797726482
82.32343181612798	0.0	9.689754991956892	0.07882606511025383	0.0001363697692460629	0.05589161303603314
82.93284736040953	0.0	9.410530824243452	0.07903587802525336	9.410672025975553e-05	0.054594485813508856
83.54224987865824	0.0	9.123031503963858	0.07949714240180036	3.970185033829305e-05	0.053282227052009655
84.15179508746878	0.0	8.82944616368483	0.08019539634101316	-1.14030418537583e-05	0.051976767776388565
84.7613397530703	0.0	8.531490197226015	0.08114601197667375	-4.5974661607435304e-05	0.05069971108024298
85.37100510894572	0.0	8.229550094021876	0.08242294319266703	-6.330741589757142e-05	0.049470638177612526
85.98069126632592	0.0	7.923982503613798	0.0841064240867138	-6.494672986649176e-05	0.048309518746684314
86.5904659332956	0.0	7.6150611754922375	0.08627705145053824	-5.334486837706195e-05	0.04723605900216743
87.20029324003217	0.0	7.303111879280328	0.08901516782041209	-3.225008387236653e-05	0.04627019791073045
87.81016591238163	0.0	6.988446438251598	0.09240120764780141	-7.317060752442509e-06	0.045431814792322854
88.42013320975667	0.0	6.671441800906408	0.09649890926639425	1.3701028298245295e-05	0.04473942763886355
89.03009339101028	0.0	6.353566900372904	0.10118686886251069	2.6973828768409383e-05	0.044197975337657826
89.64019735877268	0.0	6.036776325807026	0.1062334982846261	3.224078181675775e-05	0.04380382267038487
90.25023683948017	0.0	5.723220675619439	0.11140260617098385	2.9958074954557033e-05	0.04355347280510745
90.86047058412728	0.0	5.414811376834639	0.11646174532231882	2.1622621374926818e-05	0.04344320915669102
91.47058448795488	0.0	5.113751272038711	0.12117364160044393	9.931015501581107e-06	0.04346945950417766
92.08093691821293	0.0	4.8219090062012535	0.12530627878743786	-1.3039091500182526e-06	0.043628609461038914
92.69112462544253	0.0	4.540823594951336	0.1286955723509565	-8.651936207877455e-06	0.0439108965163527
93.30158021887245	0.0	4.269754954527345	0.13138084174268816	-1.1903272684958495e-05	0.044290610644104424
93.91184425117274	0.0	4.008049730429883	0.13343021885475878	-1.1758395714696537e-05	0.044738834013096286
94.52238364602627	0.0	3.7546497162612007	0.13491547519035463	-9.192579767393922e-06	0.04522725396544567
95.1327285984573	0.0	3.5088919621048444	0.13590566757108513	-5.3394166643494955e-06	0.04572684211621812
95.74333186578563	0.0	3.2697351687413705	0.13647181159642366	-1.3947986284130237e-06	0.04620929119949263
96.35376294661613	0.0	3.0365258401765423	0.13668398642316304	1.486099335967919e-06	0.046645857281683224
96.96440985947471	0.0	2.8088845163132583	0.13661660460134648	2.9546771187052223e-06	0.04701282166146435
97.574929305996	0.0	2.587189508619188	0.1363469570113899	3.3101926759089357e-06	0.04728956975636961
98.185603655912	0.0	2.371601806780419	0.13595233767483497	2.877605732794903e-06	0.047455926119518876
98.79620899854393	0.0	2.1624648693045208	0.1355102921979333	1.9755140838397226e-06	0.04749151044995148
99.40689973501529	0.0	1.9599892466749071	0.13509815326902827	9.103164740046976e-07	0.04737602547358604
100.0175823974958	0.0	1.7644703907093762	0.13479343977702182	-2.2326390956247257e-08	0.04708915822851343
100.62828451346212	0.0	1.5762546662564345	0.13465021016736614	-5.999524369086891e-07	0.046619494685040334
101.23902972960546	0.0	1.3960277110921835	0.13463673162066422	-8.487500604322622e-07	0.045988279257756136
101.8497436334168	0.0	1.2245807153139479	0.1347015790386222	-8.471418078198254e-07	0.04522436929594092
102.4605320222214	0.0	1.0626540652565888	0.13479333094547047	-6.720833682573847e-07	0.044356409396783154
103.0712610576483	0.0	0.911052682468961	0.13486053203462428	-4.02610456821961e-07	0.04341337420221562
103.68207189467407	0.0	0.7705113392950134	0.1348517497282815	-1.2172685113648494e-07	0.04242383583045745
104.29281872987522	0.0	0.6418181682383626	0.13471715583266247	8.501773602043488e-08	0.041416470776318694
104.9036333690482	0.0	0.5253174883099264	0.13444786132013864	1.836600926702973e-07	0.04041065661007088
105.51439755259707	0.0	0.4210010628408818	0.13407828410533945	1.983421342434822e-07	0.03941684292172976
