Q20	Q30	EHFB	M22	M23	M33
32.0	0.0	0.4210000118765338	0.18680000000000002	3.0225821845419886e-18	0.15050000000000002
32.60045252536333	0.0034071103131641206	0.3839482105639922	0.1914923399827595	0.002634318242031418	0.15132806928280054
33.2027593482037	0.002972573679020945	0.399395588326488	0.19696076872605428	0.004117369442044745	0.15056756912090113
33.80034126716578	0.037190261608097686	0.4258070496557412	0.20319939614507643	0.005646393395857663	0.14814080280309547
34.384850569975775	0.1907453743285241	0.4236617592960822	0.21387773024583034	0.012549547272119373	0.14504686453845358
34.87993377906708	0.5301406723591932	0.4213515268536425	0.22574180375278707	0.033041576859750614	0.1500492645034053
35.480768964418026	0.5668694796511089	0.6286436581424347	0.23489876267240892	0.035433300943468436	0.14943038716327295
36.054663481517295	0.3932021412029684	0.8728695014825331	0.2357146260337278	0.020857068917042903	0.14240457261154593
36.62225354510986	0.18978379138882853	1.110949196199393	0.22062553141715002	0.007183162556470003	0.14147182396846908
37.2004053515162	0.03342540588216461	1.3401036809769062	0.19921584371780524	0.00249236681961796	0.14456005137090192
37.80340866469138	0.0010718904792067479	1.568482570177818	0.1866830006964867	0.0026618984063043593	0.14743113581483874
38.401576839865214	0.0016068636920750193	1.8050396834657292	0.17750704626018485	0.002443553642127781	0.14951592855292822
39.00641885330759	0.0018412761035226008	2.056934361640518	0.1693881867278013	0.00160145695375141	0.15042282059053694
39.603908615668736	0.0019501905283830772	2.316585472262971	0.16365723332766316	0.0006716666611380267	0.14949225777280023
40.20976769729896	0.001922623607860736	2.5891263398157593	0.16126865745738223	-0.0005408707092057579	0.14609070257542026
40.8065587754404	0.0017733439949397705	2.8647553828439163	0.1621730421354177	-0.0036516657960278	0.1407715527303231
41.413534367725646	0.0014341748672605202	3.150018798845903	0.16367396716438132	-0.010770001991523434	0.13620676972364854
42.0095834409195	0.0014458833735048063	3.4325745389777347	0.16153215268301246	-0.0216187411311958	0.13685423579614214
42.61778472032658	0.002657994929366494	3.7208563233044747	0.15168650724435515	-0.03285832680623925	0.14682987307620995
43.21304734987364	0.005260349607242183	4.00063089150769	0.13398706733505786	-0.03692831963744276	0.16634819147458868
43.8224573442649	0.01045082305674831	4.282205355712506	0.11290231804457296	-0.024854868843859207	0.19111795074300938
44.416323808717216	0.006028493951625756	4.5504594376569365	0.10487729505424678	-0.0	0.20439076739874323
45.02852363855236	8.831628316056573e-05	4.8161491148846975	0.10699976379699436	-0.0	0.20871331068139667
45.61993882600007	0.00040310990777499246	5.058484947491913	0.11083560421690457	-0.0	0.2108452560393113
46.235253515717645	0.0007596875623214691	5.292123162359275	0.11553357882092452	-0.0	0.2106714204182141
46.82411666359194	0.0011185122655927612	5.494356613395761	0.11961525460653573	-0.0	0.20803135166039244
47.442866469135616	0.0008586455117240097	5.680295009218749	0.1222927804593838	-0.0	0.20245379299292776
48.02905242716149	0.01869731124961028	5.830506591980634	0.1254871025942905	-0.01442552890189758	0.19118027275093194
48.64939117434567	0.0010587525027004887	5.951648784959374	0.11869092972345961	-0.0	0.18276813678037074
49.23848800811125	0.0011766043825420193	6.044270453579733	0.11271430506871104	-0.0	0.16987850392983742
49.85695776476265	0.0007349495916960641	6.122614317414725	0.10474662866030032	-0.0	0.15546487265701475
50.44834514664932	0.00046537002519692934	6.186609976765593	0.09650138048855592	-0.0	0.1419062327518399
51.065442498997726	0.0002136501440646794	6.249449395662942	0.08828960498849614	-0.0	0.12912250653188287
51.659028262699074	2.303261426275022e-05	6.313198285434546	0.08176212932265203	-0.0	0.11921714184864769
52.274816390180895	0.005497824990235386	6.390829682122845	0.08070020387132962	-0.010216325547048244	0.10937573586557148
52.87053667064489	0.0049133737583619925	6.47702286941563	0.08632157220722	-0.01566059688781171	0.09929359922830913
53.48523381412478	0.004176385883345297	6.573998561429442	0.09439607899100087	-0.016582222062817842	0.09145622474843318
54.08302872935964	0.003391038370136333	6.6715513278652345	0.10268758110217627	-0.014463851678683597	0.0864978905696704
54.696680244803794	0.002426477576830648	6.770253957848811	0.11007315050175763	-0.010271411960996674	0.08404086917005074
55.296498802255456	0.0017838849059792056	6.860688975260323	0.11503493863717779	-0.005315711660315159	0.08376039616186191
55.90920641449142	0.0016290939662286052	6.942077190637866	0.11710010529410374	-0.0005819314331277027	0.08467490980337421
56.51090600847206	0.0020474427541744473	7.007543372615595	0.11610855579446472	0.002787764746276454	0.0854316715480798
57.122815659908696	0.0030068136235751755	7.062729006728982	0.11297834330693796	0.004646504971697651	0.08524065010974789
57.72623377696275	0.004145482078969321	7.111918540460549	0.10874230731086236	0.005117187432100969	0.08387059770360758
58.33748438772488	0.005548693806596711	7.162562947933331	0.10388423146459239	0.004533441390079608	0.08142964573554855
58.94244630885824	0.006877062581093337	7.219583933994907	0.09880446439682769	0.003216820790332788	0.07838553078752658
59.55314710774625	0.008072462866751753	7.290250386209326	0.09355620236789489	0.0014442209368007906	0.07524544754613552
60.159493783449136	0.008496872298934569	7.379563601708011	0.08831121167042971	-0.00045470406303443884	0.07265050926948012
60.76981166424414	0.007923702835119891	7.49153715601	0.0830582518106239	-0.002123865203846374	0.07088230334686689
61.37757886759668	0.006467583330464438	7.621642883509834	0.07788522789362601	-0.0031841072992199594	0.06972367423872132
61.98774752486101	0.004722252086918565	7.766796353681747	0.07295097661893271	-0.003562833265114605	0.06872076984412032
62.596800343768656	0.0021911652248036255	7.922217732776828	0.06832873550065634	-0.003393241358673816	0.0675343495851036
63.20595144045159	0.030570320754057526	8.081562244687136	0.06409090712284589	-0.00447215579211726	0.0668412107611864
63.81172312354708	0.09853577077442732	8.238043226794977	0.058511348860977766	-0.006230020046928033	0.06742456697617766
64.41998855524884	0.14755367608676073	8.393032544088017	0.05161294446921392	-0.005510307156093265	0.06704510550942389
65.02887767397148	0.18651104155851192	8.551978596305679	0.04485070483212966	-0.0034555234304666717	0.06520795890615533
65.63805990879253	0.212635349702483	8.730418561988376	0.0392551307513157	-0.0017931485682990645	0.061916704406094064
66.25065197977935	0.2110551119607356	8.949014567840209	0.035138871243329275	-0.001488090862737978	0.058064423085252455
66.85812295981208	0.163464031655475	9.2243676944344	0.03277633766261467	-0.0	0.05514216640029505
67.46675376884323	0.08929035611375921	9.566032584623693	0.03226559651205362	-0.0	0.05402386486898534
68.07001057581878	0.0024630697951247556	9.971074915031648	0.03439016890329338	-0.003778100537361828	0.054326286958232446
68.63979137165971	0.2261183134572735	10.413771497199278	0.044008001377216645	-0.009084227434082097	0.04177114535500269
69.20364721948329	0.4550989813623917	10.948716772462797	0.048239928334072465	-0.004323823575252116	0.038367696873947525
69.78040101512403	0.6566998168034741	11.555538820458821	0.049522625553246435	-0.0006259101480095635	0.04220460553974015
70.37426155181873	0.8041636533437875	12.180855310109605	0.051360188212878945	0.0002776148654835631	0.049113983093009246
70.97614476674995	0.8974684640277638	12.752107726684969	0.05487610839778263	-0.00042241316570980597	0.056302289369976194
71.5877460907486	0.9582144066450248	13.21324474887447	0.059502997330852986	-0.001438321121409223	0.06275119064111839
72.19344769612776	1.0064690083938832	13.503450848791585	0.06408288161512134	-0.0020121527995909418	0.06793665929280923
72.80838299296472	1.0550303506200145	13.610027734023962	0.06802351064439661	-0.0019342254680134864	0.07189490552378036
73.41290472650273	1.105310032407158	13.558595485652903	0.0711492519372882	-0.0014076861522262357	0.07458387523680476
74.02933010698565	1.1582347520765857	13.379806524331538	0.0736722380297197	-0.0007276037145624922	0.07610939193664455
74.63307781149825	1.20963274340099	13.114057591252692	0.07549715658028668	-0.0002011196177693329	0.07652119939026915
75.25131583429697	1.2596321113006337	12.784505275229781	0.07657248914661795	5.261198849113891e-05	0.07609022194128497
75.85517658311494	1.3038970155056644	12.442196609168937	0.07667773593219859	7.188900728246619e-05	0.07514321290206673
76.47556594787484	1.3429804770161515	12.10433425901277	0.07572090843415387	2.5927762883729276e-05	0.0738979629854706
77.08003910413801	1.3729245233973835	11.797931507666176	0.07400161367782615	1.7722248473218513e-05	0.07251128471767113
77.70248892401574	1.39390670612911	11.503126294056052	0.07183164599436848	3.0031831159285245e-05	0.07093976531346334
78.30754376715326	1.4030542571535323	11.233553037361613	0.06972659899542831	2.9790352706768625e-05	0.06931395916992593
78.93134795719487	1.4004904135221643	10.969960415505646	0.06795396524106623	4.5150773995244205e-05	0.06758939442862855
79.53638308452662	1.3861969410573636	10.724983862816899	0.06696867385623677	0.00018486537363558283	0.06594171351927107
80.16050999672233	1.360935818027018	10.480278851809706	0.06701843491682322	0.0006275199151920077	0.06437929129221716
80.7650572154411	1.3279291076301372	10.248090667188286	0.06816303890966205	0.0014569075727395918	0.06310080808907063
81.38903450787342	1.2874804301704033	10.010745558272045	0.07015623083287874	0.002681503356995208	0.06206161906937261
81.993288166718	1.243514240024666	9.78028966671472	0.07257747417209663	0.004100671753944224	0.061303547047145676
82.61712250472247	1.194516998239665	9.53875625923916	0.07532686916585986	0.005640870920116253	0.06070888481708349
83.22145041278705	1.1443594527791097	9.298407892250658	0.07801943073173861	0.007040056602451016	0.06022825248567806
83.8452222943458	1.0909907559872716	9.041104598839608	0.08062236563412492	0.008234653161163142	0.05974755145977219
84.45009368572845	1.0390649411405195	8.780754788475623	0.08280364333037141	0.009048364033535023	0.05924397736276547
85.07413336685931	0.9872620743901593	8.501358921599195	0.08473157017162745	0.009551411086008502	0.05866176944388031
85.68027454069689	0.9410261381427326	8.22114572749058	0.08642450491838656	0.009795703220928062	0.05804164063694287
86.30510290333083	0.8998953484334425	7.925058360878517	0.0881233686722929	0.00988279801439491	0.05737146192420864
86.91308933670125	0.8684463422813277	7.631848132825664	0.08986121236616719	0.009880723475670728	0.056721834671500125
87.53874305605272	0.8458886570493699	7.326518288017647	0.09186086755679967	0.009835876647151603	0.056073673635142894
88.14838256385816	0.8338006377684256	7.026890077845659	0.09411763813559017	0.009768656899074449	0.055462751741231504
88.77422314584649	0.8299709065424636	6.718130261665679	0.09677946176665958	0.009652318719677833	0.054837673719733686
89.38497473860586	0.8323955597389664	6.416888617494245	0.09961308883307707	0.009451379177565245	0.054225262853903965
90.01052711768243	0.8378521983737796	6.109036509348664	0.10264987752845874	0.009120583751348938	0.053582202451415095
90.62227709100445	0.8429096602406851	5.808989618687121	0.10566823419248426	0.008664353151086424	0.05293235132243606
91.24752007635186	0.844696745991099	5.503601388842144	0.10874153201942022	0.008080083267976795	0.05225262297297376
91.86028893170146	0.8405732771365536	5.205978775143984	0.11169747669340153	0.007436716863093231	0.05158914900587348
92.48505453427533	0.8287821331200945	4.905160979657763	0.1146088520985358	0.006774507881608504	0.050943233195235624
93.09850320762833	0.8089206062531712	4.612725410207242	0.1173585715834716	0.00614602741914151	0.050349771046637314
93.72235097799458	0.7806617718749086	4.318932486789162	0.12002829922410156	0.005533342002262715	0.049797149377147805
94.33606877103816	0.7456503199754213	4.0343748054131705	0.12249479187843375	0.004954355897796345	0.04931393605563845
94.95878497167706	0.7042630364348833	3.7514294689650107	0.12478077070657718	0.004386654452757001	0.04889566772507483
95.57274114388304	0.6591817237102556	3.4792795928975377	0.12676648318004036	0.0038395811767009116	0.04855917618318556
96.19457085581053	0.6110165876721769	3.2114857862012696	0.12845549678532778	0.0032924503135007186	0.04829325051276481
96.80911780405387	0.5626868929819829	2.9553735845897866	0.1297786551595719	0.002764107999681142	0.048092131565500296
97.43057880324477	0.5148543055389949	2.705876299800835	0.13076908238488355	0.002263614075764813	0.04792809339927443
98.04617396012499	0.47012417340579343	2.468683210761114	0.13143102577721716	0.001818193765526933	0.047774753506506104
98.66772669103592	0.42897925884260263	2.2394513824915405	0.13182577375899288	0.0014290724498565992	0.04759404404151079
99.28461541429375	0.3931480443277033	2.022101672506458	0.13201229066703354	0.001105965041203215	0.04735197695307592
99.90639642639889	0.3625255278331517	1.8130755177152609	0.13207481963742362	0.0008405777528585817	0.04700777954477524
100.52446439463012	0.3374565557815036	1.6150955877939703	0.13209183311103942	0.0006296291233481164	0.0465358176315341
101.1462818329388	0.3167763801505648	1.425865458570586	0.13209409876068176	0.0004612206059256861	0.04593035465061927
101.76520154065793	0.2993644352098141	1.2477437150307873	0.1320833338648465	0.00032894077224016516	0.04521302754907392
102.38678299408518	0.28335075547919947	1.0795668339897802	0.13205576062331523	0.00022538590058058302	0.04439661854825857
103.00626865606108	0.26708239679552154	0.9231882712419875	0.13200634769064282	0.0001475817720906694	0.04350783397793908
103.62740623751328	0.2487749735858074	0.7782881678636672	0.13192971238024384	9.290539389443618e-05	0.04256239499239078
104.24721348323735	0.22708162649839236	0.6462632527899765	0.13182012672691212	6.008895669655045e-05	0.04158589234421899
104.86766942404576	0.20080132663975425	0.5270844906008565	0.13169442068469608	4.4797429999683516e-05	0.0405913997163692
105.48745901512213	0.16841808790970067	0.42099853721513547	0.13161440562093749	3.9255208756391225e-05	0.03958974631870726
