Q20	Q30	M_22	M_32	M_33	EHFB	isInterpolated
0.0	0.0	0.02021	-5.275e-10	0.2187	-1889.255284	False
0.0	4.0	0.02491	-0.02552	0.2471	-1889.14382	False
0.0	8.0	0.02557	-0.02378	0.2781	-1883.383613	False
0.0	12.0	0.02816	-0.05063	0.2919	-1877.329075	False
0.0	16.0	0.02711	-0.04876	0.1394	-1856.830501	False
0.0	20.0	0.02508	-0.04637	0.1107	-1853.02776	False
0.0	24.0	0.03278	-0.04089	0.07585	-1851.967527	False
0.0	28.0	0.03716	-0.03136	0.1999	-1847.71507	False
0.0	32.0	0.03733	-0.07395	0.1816	-1842.680109	False
0.0	36.0	0.02667	-0.05164	0.1275	-1837.710218	False
0.0	40.0	0.022208659965992084	-0.044767282036003664	0.11476929332171437	-1835.1716711128433	True
0.0	44.0	0.020488680308114127	-0.041917167114519316	0.10548716626065868	-1830.9546338220484	True
0.0	48.0	0.02172593596895922	-0.04443506201444691	0.10887274398433888	-1826.148750205361	True
0.0	52.0	0.02534599114980729	-0.052073903733846905	0.1227548667392	-1821.799514209421	True
0.0	56.0	0.029669250655658175	-0.061036969034798716	0.13931095016823036	-1817.8315829886164	True
0.0	60.0	0.0336806977232591	-0.06941097959497178	0.1547480937496708	-1814.1296783270418	True
4.0	0.0	0.01989	7.585e-08	0.2112	-1889.650244	False
4.0	4.0	0.02358	-0.01931	0.2236	-1889.394533	False
4.0	8.0	0.0259	-0.03181	0.2841	-1884.110525	False
4.0	12.0	0.02343	-0.0384	0.2468	-1878.12795	False
4.0	16.0	0.02406	-0.03811	0.1165	-1863.168161	False
4.0	20.0	0.02265	-0.0405	0.0869	-1855.472237	False
4.0	24.0	0.02605	-0.04614	0.09926	-1855.337986	False
4.0	28.0	0.03573	-0.04334	0.07093	-1854.667924	False
4.0	32.0	0.04568	-0.05479	0.08279	-1852.449695	False
4.0	36.0	0.03675873906933447	-0.052872757234366574	0.12730720038640442	-1847.4933929323138	True
4.0	40.0	0.03067	-0.05565	0.1272	-1844.506336	False
4.0	44.0	0.02455	-0.04495	0.09988	-1838.089276	False
4.0	48.0	0.024617756950862102	-0.04610553717638055	0.1022086425644062	-1832.3448042752625	True
4.0	52.0	0.028272538041347772	-0.0542968070967067	0.11750747849101728	-1827.585328742799	True
4.0	56.0	0.03268231829226664	-0.06354475661122727	0.1350523849127292	-1823.2616293962974	True
4.0	60.0	0.03662144338718143	-0.07186565738007822	0.15089931873467677	-1819.2098502714275	True
8.0	0.0	0.02094	2.523e-08	0.1942	-1890.778123	False
8.0	4.0	0.02207	-0.01089	0.2004	-1890.073431	False
8.0	8.0	0.02449	-0.03752	0.2808	-1885.249917	False
8.0	12.0	0.02299	-0.0357	0.2298	-1878.759114	False
8.0	16.0	0.02701	-0.0527	0.2483	-1869.809442	False
8.0	20.0	0.02355	-0.03674	0.1631	-1860.03345	False
8.0	24.0	0.02565	-0.04502	0.09343	-1857.699272	False
8.0	28.0	0.03276	-0.0394	0.06345	-1856.906513	False
8.0	32.0	0.03843	-0.04606	0.07066	-1856.044898	False
8.0	36.0	0.03733	-0.04325	0.153	-1852.450252	False
8.0	40.0	0.03884	-0.06967	0.1498	-1849.286061	False
8.0	44.0	0.02805	-0.05028	0.1103	-1844.450475	False
8.0	48.0	0.02742	-0.04981	0.1059	-1838.611205	False
8.0	52.0	0.030329123662559354	-0.05587096319449003	0.11567098698307277	-1833.6507806255845	True
8.0	56.0	0.03501208358700403	-0.06537104734736765	0.13303248860488281	-1828.7964520442733	True
8.0	60.0	0.03897512077957721	-0.07361251514617173	0.14862138808743808	-1824.3162755323365	True
12.0	0.0	0.02286	-1.025e-07	0.1719	-1892.534836	False
12.0	4.0	0.0235	-0.004582	0.1825	-1891.243372	False
12.0	8.0	0.02205	-0.03138	0.2486	-1886.466394	False
12.0	12.0	0.02371	-0.04348	0.2376	-1879.283321	False
12.0	16.0	0.02357	-0.03617	0.2057	-1870.551058	False
12.0	20.0	0.0298	-0.05274	0.1843	-1861.714192	False
12.0	24.0	0.02266	-0.03898	0.07993	-1858.870653	False
12.0	28.0	0.03445	-0.04148	0.06487	-1858.302597	False
12.0	32.0	0.03267	-0.03875	0.05931	-1858.482687	False
12.0	36.0	0.04075	-0.04801	0.0696	-1856.84398	False
12.0	40.0	0.03608	-0.05154	0.1317	-1852.953219	False
12.0	44.0	0.03649	-0.06363	0.1325	-1850.141941	False
12.0	48.0	0.02691	-0.04684	0.09968	-1845.078632	False
12.0	52.0	0.02929	-0.05215	0.1061	-1839.552965	False
12.0	56.0	0.03509289053036291	-0.06356673562027293	0.12682058246514316	-1833.9783287333717	True
12.0	60.0	0.03975267289365014	-0.07284051696049687	0.1439332607261825	-1829.2580037487123	True
16.0	0.0	0.02447	1.161e-07	0.1463	-1894.62758	False
16.0	4.0	0.02605	-0.005811	0.1611	-1892.712616	False
16.0	8.0	0.02101	-0.02772	0.2134	-1887.596418	False
16.0	12.0	0.02478	-0.04748	0.2408	-1879.75768	False
16.0	16.0	0.02374	-0.0347	0.1977	-1871.177007	False
16.0	20.0	0.03077	-0.05826	0.1931	-1863.222802	False
16.0	24.0	0.02055	-0.03479	0.07112	-1858.997932	False
16.0	28.0	0.03062	-0.03712	0.06	-1859.1951	False
16.0	32.0	0.03443	-0.04053	0.0601	-1860.063187	False
16.0	36.0	0.03324	-0.03907	0.05802	-1859.355537	False
16.0	40.0	0.03684	-0.04691	0.1331	-1856.196032	False
16.0	44.0	0.04123	-0.07159	0.1449	-1852.3496	False
16.0	48.0	0.03158	-0.05499	0.1124	-1849.316362	False
16.0	52.0	0.02387	-0.04127	0.0836	-1843.930408	False
16.0	56.0	0.03207	-0.05656	0.1125	-1838.738294	False
16.0	60.0	0.037541015422048574	-0.06695327722735911	0.13067973678417388	-1834.1307028234773	True
20.0	0.0	0.02469	-2.395e-08	0.122	-1897.082897	False
20.0	4.0	0.02721	-0.01582	0.1535	-1894.438324	False
20.0	8.0	0.02043	-0.02352	0.1704	-1888.757765	False
20.0	12.0	0.02422	-0.04084	0.2173	-1880.348045	False
20.0	16.0	0.02291	-0.03637	0.1852	-1871.964863	False
20.0	20.0	0.02534	-0.04532	0.1576	-1864.802435	False
20.0	24.0	0.02309	-0.03925	0.07829	-1858.30523	False
20.0	28.0	0.02179	-0.03592	0.07076	-1860.213886	False
20.0	32.0	0.03166	-0.03733	0.05602	-1861.14459	False
20.0	36.0	0.0339	-0.03914	0.05586	-1861.438868	False
20.0	40.0	0.03386	-0.03914	0.05631	-1859.94807	False
20.0	44.0	0.03581	-0.05005	0.1197	-1856.181706	False
20.0	48.0	0.03986	-0.06808	0.1341	-1853.038111	False
20.0	52.0	0.02986	-0.05096	0.1021	-1849.594859	False
20.0	56.0	0.02383	-0.04053	0.07953	-1844.154183	False
20.0	60.0	0.0323	-0.05599	0.1079	-1838.997799	False
24.0	0.0	0.02269	-1.699e-07	0.1058	-1899.607784	False
24.0	4.0	0.02848	-0.02141	0.1478	-1896.46478	False
24.0	8.0	0.01895	-0.01692	0.1276	-1889.930535	False
24.0	12.0	0.02178	-0.03161	0.1822	-1881.220485	False
24.0	16.0	0.02276	-0.03755	0.1833	-1873.15233	False
24.0	20.0	0.02313	-0.0384	0.1408	-1866.349848	False
24.0	24.0	0.027	-0.03007	0.05108	-1857.924741	False
24.0	28.0	0.03111	-0.03643	0.05692	-1860.653164	False
24.0	32.0	0.03138	-0.03707	0.05574	-1861.920042	False
24.0	36.0	0.03267	-0.03759	0.05347	-1862.65618	False
24.0	40.0	0.03369	-0.03837	0.0537	-1862.130888	False
24.0	44.0	0.03021	-0.0396	0.09971	-1859.351311	False
24.0	48.0	0.03527981334735841	-0.0561753146413384	0.12147204797136268	-1856.2424270644603	True
24.0	52.0	0.03486	-0.05946	0.1155	-1852.766704	False
24.0	56.0	0.02661	-0.0449	0.08659	-1848.651007	False
24.0	60.0	0.02599	-0.04403	0.08477	-1843.191502	False
28.0	0.0	0.02342	3.582e-08	0.09597	-1901.379124	False
28.0	4.0	0.02918	-0.01377	0.1177	-1898.485968	False
28.0	8.0	0.02173	-0.02414	0.1546	-1891.32999	False
28.0	12.0	0.0208	-0.02383	0.1613	-1882.47904	False
28.0	16.0	0.02247	-0.03592	0.1749	-1874.587126	False
28.0	20.0	0.02411	-0.03866	0.1441	-1867.819412	False
28.0	24.0	0.02772	-0.04577	0.1503	-1861.287324	False
28.0	28.0	0.02795	-0.0312	0.04828	-1860.621798	False
28.0	32.0	0.03219	-0.03734	0.05497	-1862.635144	False
28.0	36.0	0.03074	-0.03535	0.05063	-1863.466542	False
28.0	40.0	0.03352	-0.0377	0.05144	-1863.740685	False
28.0	44.0	0.03067	-0.03179	0.09537	-1862.484237	False
28.0	48.0	0.0308	-0.04321	0.09565	-1859.082385	False
28.0	52.0	0.03922	-0.06609	0.1258	-1855.073928	False
28.0	56.0	0.03235	-0.05441	0.1041	-1852.962095	False
28.0	60.0	0.0254	-0.04225	0.07968	-1848.46641	False
32.0	0.0	0.02324	-1.819e-09	0.09201	-1901.953065	False
32.0	4.0	0.0309	-0.007331	0.1067	-1899.877168	False
32.0	8.0	0.02744	-0.02977	0.174	-1892.905699	False
32.0	12.0	0.02061	-0.01699	0.1437	-1884.130491	False
32.0	16.0	0.02149	-0.03019	0.1536	-1876.190488	False
32.0	20.0	0.02527	-0.04022	0.1505	-1869.334853	False
32.0	24.0	0.02241	-0.03542	0.1282	-1862.900565	False
32.0	28.0	0.02952	-0.03449	0.05488	-1859.919933	False
32.0	32.0	0.02877	-0.03204	0.0467	-1862.83983	False
32.0	36.0	0.03255	-0.03708	0.05201	-1864.25977	False
32.0	40.0	0.03018	-0.03386	0.0467	-1864.670854	False
32.0	44.0	0.03358	-0.028	0.09448	-1864.205979	False
32.0	48.0	0.02762	-0.03635	0.08295	-1862.060844	False
32.0	52.0	0.03099	-0.04644	0.09325	-1857.696909	False
32.0	56.0	0.03719	-0.06234	0.1157	-1855.352063	False
32.0	60.0	0.02961	-0.04908	0.09004	-1852.623227	False
36.0	0.0	0.02846	1.573e-07	0.09109	-1901.411761	False
36.0	4.0	0.0314	0.000276	0.09957	-1900.318306	False
36.0	8.0	0.02941	-0.01489	0.1144	-1894.678258	False
36.0	12.0	0.02055	-0.0173	0.1387	-1886.01107	False
36.0	16.0	0.02006	-0.02675	0.1342	-1877.996249	False
36.0	20.0	0.02401	-0.04098	0.1491	-1871.001852	False
36.0	24.0	0.02231	-0.03776	0.1276	-1864.445782	False
36.0	28.0	0.02305	-0.02431	0.03854	-1860.070573	False
36.0	32.0	0.02663	-0.02942	0.04349	-1862.21118	False
36.0	36.0	0.02944	-0.03253	0.04525	-1864.689335	False
36.0	40.0	0.03255	-0.03633	0.04901	-1865.657064	False
36.0	44.0	0.03004	-0.03282	0.04438	-1865.557013	False
36.0	48.0	0.02905	-0.03767	0.08426	-1864.245924	False
36.0	52.0	0.02642	-0.03816	0.07824	-1860.989031	False
36.0	56.0	0.03661	-0.06149	0.1114	-1856.895532	False
36.0	60.0	0.03372	-0.05602	0.101	-1855.57033	False
40.0	0.0	0.02908	4.328e-08	0.09075	-1900.288692	False
40.0	4.0	0.03559	-0.001228	0.09349	-1899.925169	False
40.0	8.0	0.03717	-0.004865	0.09159	-1895.781921	False
40.0	12.0	0.02313	-0.02292	0.1499	-1888.011692	False
40.0	16.0	0.01891	-0.02598	0.1193	-1879.966079	False
40.0	20.0	0.02125	-0.03756	0.1362	-1872.724548	False
40.0	24.0	0.02302	-0.04123	0.133	-1865.948688	False
40.0	28.0	0.01826	-0.01823	0.03013	-1860.151223	False
40.0	32.0	0.02554	-0.02791	0.04148	-1861.968646	False
40.0	36.0	0.02638	-0.02838	0.03958	-1864.171725	False
40.0	40.0	0.03015	-0.03292	0.04406	-1866.138658	False
40.0	44.0	0.0324	-0.03532	0.04609	-1866.635835	False
40.0	48.0	0.02697	-0.02761	0.07297	-1866.081404	False
40.0	52.0	0.0287	-0.03881	0.07991	-1864.398223	False
40.0	56.0	0.02653	-0.0392	0.07647	-1860.797066	False
40.0	60.0	0.03673	-0.06069	0.1075	-1857.63258	False
44.0	0.0	0.02958	6.425e-08	0.09273	-1899.084596	False
44.0	4.0	0.0289	-0.0004659	0.0845	-1899.11712	False
44.0	8.0	0.03408	-0.01286	0.07476	-1897.107206	False
44.0	12.0	0.02316	-0.01845	0.1215	-1890.199416	False
44.0	16.0	0.01899	-0.02669	0.1104	-1882.013456	False
44.0	20.0	0.0194	-0.0311	0.1182	-1874.421424	False
44.0	24.0	0.0232	-0.04143	0.1335	-1867.468522	False
44.0	28.0	0.01644	-0.01612	0.02774	-1859.743789	False
44.0	32.0	0.01894	-0.01905	0.02907	-1862.116621	False
44.0	36.0	0.02869	-0.03198	0.04505	-1863.554913	False
44.0	40.0	0.02683	-0.02846	0.03803	-1865.752808	False
44.0	44.0	0.03066	-0.03306	0.04293	-1867.187812	False
44.0	48.0	0.02834448372053	-0.028520556280160925	0.06451856071658923	-1867.233487195944	True
44.0	52.0	0.02507	-0.03155	0.06713	-1865.929601	False
44.0	56.0	0.027	-0.03858	0.07464	-1863.60791	False
44.0	60.0	0.02996	-0.04879	0.08624	-1858.606805	False
48.0	0.0	0.02276	5.441e-08	0.07893	-1898.11857	False
48.0	4.0	0.02219	-0.005112	0.07161	-1898.242355	False
48.0	8.0	0.02575	-0.01184	0.06956	-1897.465469	False
48.0	12.0	0.0219	-0.01758	0.09896	-1891.87243	False
48.0	16.0	0.02088	-0.03035	0.1167	-1884.090719	False
48.0	20.0	0.01983	-0.02658	0.105	-1876.114083	False
48.0	24.0	0.02388	-0.03642	0.1232	-1869.003479	False
48.0	28.0	0.02338	-0.03757	0.1208	-1862.853915	False
48.0	32.0	0.01656	-0.01629	0.02584	-1861.85214	False
48.0	36.0	0.0196	-0.01979	0.02845	-1863.787435	False
48.0	40.0	0.03042	-0.03359	0.04515	-1864.973431	False
48.0	44.0	0.02744	-0.02101	0.06849	-1867.014304	False
48.0	48.0	0.02945	-0.02699	0.07448	-1867.793677	False
48.0	52.0	0.02592	-0.03153	0.06817	-1866.900387	False
48.0	56.0	0.02558	-0.03687	0.07002	-1865.103788	False
48.0	60.0	0.0234	-0.0354	0.06627	-1862.503028	False
52.0	0.0	0.02109	9.464e-09	0.06353	-1897.13958	False
52.0	4.0	0.02161	-0.006905	0.06475	-1897.279096	False
52.0	8.0	0.02026	-0.008774	0.06307	-1897.234781	False
52.0	12.0	0.01972	-0.01051	0.07295	-1893.818467	False
52.0	16.0	0.02176	-0.03003	0.1158	-1886.21948	False
52.0	20.0	0.02008	-0.0234	0.09278	-1877.948072	False
52.0	24.0	0.02279	-0.03041	0.1027	-1870.730776	False
52.0	28.0	0.02301	-0.03621	0.1123	-1864.397363	False
52.0	32.0	0.01624	-0.01563	0.025	-1861.238851	False
52.0	36.0	0.01669	-0.01639	0.02441	-1863.607648	False
52.0	40.0	0.02038	-0.02061	0.02825	-1865.151551	False
52.0	44.0	0.02714	-0.02468	0.07268	-1866.212989	False
52.0	48.0	0.0246	-0.02667	0.06383	-1867.951434	False
52.0	52.0	0.02673	-0.03267	0.06937	-1867.980577	False
52.0	56.0	0.02278	-0.03132	0.06076	-1866.273516	False
52.0	60.0	0.02636	-0.04014	0.0728	-1864.635294	False
56.0	0.0	0.02335	-2.024e-08	0.05473	-1896.17842	False
56.0	4.0	0.0235	-0.004549	0.05931	-1896.409124	False
56.0	8.0	0.0251	-0.01171	0.06552	-1896.580315	False
56.0	12.0	0.01933	-0.008965	0.06056	-1894.68102	False
56.0	16.0	0.02014	-0.02132	0.08913	-1888.358742	False
56.0	20.0	0.02573	-0.01476	0.03761	-1878.392799	False
56.0	24.0	0.02088	-0.02592	0.08622	-1871.960962	False
56.0	28.0	0.02743	-0.04098	0.1065	-1865.776143	False
56.0	32.0	0.01591	-0.01523	0.02467	-1860.574141	False
56.0	36.0	0.01621	-0.01559	0.02337	-1863.110438	False
56.0	40.0	0.01685	-0.01646	0.02328	-1865.174912	False
56.0	44.0	0.02133	-0.02157	0.02843	-1866.401977	False
56.0	48.0	0.02247	-0.0245	0.05827	-1867.491547	False
56.0	52.0	0.02412	-0.02818	0.06032	-1868.916535	False
56.0	56.0	0.02623	-0.03325	0.0656	-1868.550154	False
56.0	60.0	0.02141	-0.0306	0.0569	-1866.783924	False
60.0	0.0	0.01953	-5.412e-08	0.04945	-1895.267243	False
60.0	4.0	0.01929	-0.006896	0.05442	-1895.570606	False
60.0	8.0	0.02173	-0.009651	0.05927	-1895.995872	False
60.0	12.0	0.02692	-0.0187	0.06228	-1895.273382	False
60.0	16.0	0.0215	-0.01588	0.06325	-1890.375809	False
60.0	20.0	0.02818	-0.01161	0.03498	-1879.186238	False
60.0	24.0	0.0203	-0.02717	0.06583	-1874.002903	False
60.0	28.0	0.02349	-0.03271	0.08765	-1867.771506	False
60.0	32.0	0.02454	-0.03703	0.09046	-1862.685669	False
60.0	36.0	0.01615	-0.01537	0.02308	-1862.415086	False
60.0	40.0	0.01623	-0.01552	0.0221	-1864.65876	False
60.0	44.0	0.01846	-0.01266	0.03165	-1866.406749	False
60.0	48.0	0.02365	-0.01525	0.05926	-1867.257982	False
60.0	52.0	0.02101	-0.02495	0.05285	-1868.338282	False
60.0	56.0	0.02404	-0.03003	0.05895	-1869.17868	False
60.0	60.0	0.02587	-0.03365	0.06316	-1868.128286	False
64.0	0.0	0.01528	8.476e-08	0.04471	-1894.251294	False
64.0	4.0	0.01644	-0.007373	0.0498	-1894.514263	False
64.0	8.0	0.01613	-0.003655	0.05329	-1894.886531	False
64.0	12.0	0.02797	-0.02143	0.06789	-1895.2556	False
64.0	16.0	0.02594	-0.01835	0.05248	-1892.102176	False
64.0	20.0	0.02201	-0.03066	0.094	-1884.41716	False
64.0	24.0	0.01954	-0.02526	0.07852	-1876.943921	False
64.0	28.0	0.02192	-0.02966	0.07925	-1870.343316	False
64.0	32.0	0.02814	-0.03706	0.08794	-1863.97147	False
64.0	36.0	0.01454	-0.01431	0.0227	-1861.897329	False
64.0	40.0	0.01642	-0.01548	0.02206	-1863.975693	False
64.0	44.0	0.01738	-0.008351	0.04587	-1865.958141	False
64.0	48.0	0.01699	-0.01131	0.04402	-1867.361487	False
64.0	52.0	0.02218	-0.02468	0.05676	-1867.819028	False
64.0	56.0	0.02107	-0.02628	0.05191	-1868.778234	False
64.0	60.0	0.02429	-0.03187	0.05933	-1868.80254	False
68.0	0.0	0.01562	-4.446e-08	0.04186	-1893.791775	False
68.0	4.0	0.014936431010894147	-0.0034954909447391103	0.04675673689258275	-1893.5461696181526	True
68.0	8.0	0.01614	-0.004225	0.05456	-1893.555663	False
68.0	12.0	0.02171	-0.014	0.06241	-1894.590736	False
68.0	16.0	0.02237	-0.01886	0.05325	-1893.282887	False
68.0	20.0	0.02246	-0.02515	0.07313	-1886.828797	False
68.0	24.0	0.02155	-0.02965	0.08763	-1879.159816	False
68.0	28.0	0.02082	-0.02838	0.07263	-1872.501709	False
68.0	32.0	0.02101	-0.02822	0.06838	-1865.917425	False
68.0	36.0	0.01338	-0.01412	0.02383	-1861.784239	False
68.0	40.0	0.01482	-0.01434	0.02123	-1863.49458	False
68.0	44.0	0.01722	-0.009181	0.04534	-1865.381036	False
68.0	48.0	0.01548	-0.01127	0.03976	-1867.150334	False
68.0	52.0	0.01585	-0.01378	0.03947	-1868.274455	False
68.0	56.0	0.0232	-0.02849	0.05691	-1868.541036	False
68.0	60.0	0.02132	-0.02664	0.05044	-1869.471182	False
72.0	0.0	0.01608	9.921e-10	0.04023	-1894.368015	False
72.0	4.0	0.01491	-0.003411	0.04478	-1893.605136	False
72.0	8.0	0.0152	-0.006291	0.05197	-1893.076883	False
72.0	12.0	0.01839	-0.007232	0.05672	-1893.656191	False
72.0	16.0	0.02595	-0.0221	0.05536	-1894.087329	False
72.0	20.0	0.0235	-0.01986	0.05326	-1888.915744	False
72.0	24.0	0.02347	-0.03232	0.08853	-1881.510755	False
72.0	28.0	0.01733	-0.02518	0.06705	-1874.9025	False
72.0	32.0	0.01829	-0.02634	0.06168	-1868.41135	False
72.0	36.0	0.02217	-0.03453	0.07865	-1863.474462	False
72.0	40.0	0.01329	-0.01358	0.02144	-1863.278768	False
72.0	44.0	0.01664	-0.007205	0.04381	-1864.828416	False
72.0	48.0	0.01539	-0.01239	0.03975	-1866.525512	False
72.0	52.0	0.01438	-0.01339	0.03602	-1868.014588	False
72.0	56.0	0.01538	-0.01621	0.03769	-1868.704387	False
72.0	60.0	0.02343	-0.03028	0.05645	-1868.643642	False
76.0	0.0	0.01715	3.542e-08	0.03889	-1895.178907	False
76.0	4.0	0.01475	-0.003122	0.04161	-1894.109671	False
76.0	8.0	0.01385	-0.006911	0.05022	-1892.414564	False
76.0	12.0	0.01696	-0.01015	0.05372	-1893.093445	False
76.0	16.0	0.02351	-0.01954	0.05335	-1893.942178	False
76.0	20.0	0.02527	-0.0191	0.05298	-1890.655014	False
76.0	24.0	0.02414	-0.03053	0.07634	-1883.989001	False
76.0	28.0	0.02084	-0.03233	0.08208	-1877.210468	False
76.0	32.0	0.01855	-0.02681	0.06149	-1870.655321	False
76.0	36.0	0.01814	-0.02763	0.06417	-1865.264587	False
76.0	40.0	0.01413	-0.0154	0.02456	-1863.395968	False
76.0	44.0	0.01594	-0.005667	0.03971	-1864.591019	False
76.0	48.0	0.01481	-0.01063	0.03791	-1866.050253	False
76.0	52.0	0.01464	-0.01392	0.03615	-1867.631381	False
76.0	56.0	0.01395	-0.01435	0.03367	-1868.909655	False
76.0	60.0	0.01553	-0.01739	0.03671	-1869.315789	False
80.0	0.0	0.01914	-6.725e-08	0.03755	-1896.27497	False
80.0	4.0	0.01518	-0.003217	0.03971	-1894.818719	False
80.0	8.0	0.01343	-0.005656	0.04487	-1892.330136	False
80.0	12.0	0.01624	-0.0104	0.05188	-1892.139118	False
80.0	16.0	0.01838	-0.007768	0.04546	-1892.502674	False
80.0	20.0	0.01192	-0.009116	0.04444	-1892.146137	False
80.0	24.0	0.0247	-0.02761	0.06272	-1886.464891	False
80.0	28.0	0.02356	-0.03446	0.08337	-1879.447478	False
80.0	32.0	0.01767	-0.02466	0.05771	-1872.834454	False
80.0	36.0	0.02005	-0.02942	0.07197	-1866.652932	False
80.0	40.0	0.01625	-0.01797	0.02784	-1863.849379	False
80.0	44.0	0.01375	-0.01451	0.02202	-1864.648884	False
80.0	48.0	0.01366	-0.008044	0.03557	-1865.736543	False
80.0	52.0	0.01395	-0.01268	0.03447	-1867.0642	False
80.0	56.0	0.01439	-0.01534	0.03463	-1868.396605	False
80.0	60.0	0.01411	-0.0157	0.03335	-1869.247962	False
84.0	0.0	0.02044	-8.829e-09	0.03593	-1897.476301	False
84.0	4.0	0.01654	-0.003323	0.0376	-1895.668391	False
84.0	8.0	0.01379	-0.004859	0.03973	-1892.529273	False
84.0	12.0	0.01412	-0.01002	0.04852	-1891.425916	False
84.0	16.0	0.01643	-0.01443	0.05027	-1892.051677	False
84.0	20.0	0.009957	-0.007189	0.04135	-1892.461201	False
84.0	24.0	0.0241	-0.02204	0.05288	-1888.438955	False
84.0	28.0	0.02269	-0.02988	0.06925	-1881.792737	False
84.0	32.0	0.02078	-0.02941	0.06971	-1875.087752	False
84.0	36.0	0.01772	-0.02201	0.04955	-1869.006737	False
84.0	40.0	0.01719	-0.01797	0.02692	-1864.676294	False
84.0	44.0	0.01588	-0.01716	0.02535	-1865.035427	False
84.0	48.0	0.01492	-0.007023	0.03906	-1865.726992	False
84.0	52.0	0.01234	-0.009963	0.03083	-1866.732843	False
84.0	56.0	0.01368	-0.01415	0.03284	-1867.877804	False
84.0	60.0	0.01468	-0.01671	0.03455	-1868.854886	False
88.0	0.0	0.02003	-6.259e-08	0.03426	-1898.648287	False
88.0	4.0	0.01796	-0.003224	0.03638	-1896.560457	False
88.0	8.0	0.014	-0.005245	0.03644	-1892.86568	False
88.0	12.0	0.01231	-0.008729	0.04313	-1890.981968	False
88.0	16.0	0.01545	-0.01383	0.04942	-1890.993292	False
88.0	20.0	0.0162	-0.009929	0.04159	-1891.667482	False
88.0	24.0	0.02313	-0.02042	0.04816	-1890.116917	False
88.0	28.0	0.02199	-0.0253	0.05474	-1884.133251	False
88.0	32.0	0.02251	-0.03051	0.071	-1877.418667	False
88.0	36.0	0.0188	-0.0235	0.05182	-1871.054003	False
88.0	40.0	0.016276303371268064	-0.021071499013833872	0.03431499604096544	-1866.2799589339534	True
88.0	44.0	0.01701	-0.01763	0.02519	-1865.855714	False
88.0	48.0	0.01552	-0.01634	0.02321	-1866.132147	False
88.0	52.0	0.01273	-0.008987	0.03177	-1866.775032	False
88.0	56.0	0.01183	-0.01074	0.02805	-1867.701638	False
88.0	60.0	0.01365	-0.01468	0.03133	-1868.720013	False
92.0	0.0	0.02017	2.084e-08	0.03313	-1899.810166	False
92.0	4.0	0.01863	-0.00286	0.0349	-1897.517326	False
92.0	8.0	0.01383	-0.005906	0.03393	-1893.420166	False
92.0	12.0	0.01201	-0.007398	0.03691	-1890.869737	False
92.0	16.0	0.01414	-0.01233	0.04589	-1890.203732	False
92.0	20.0	0.02009	-0.0184	0.05122	-1890.493877	False
92.0	24.0	0.01906	-0.01667	0.04267	-1890.790573	False
92.0	28.0	0.02376	-0.02492	0.05001	-1886.151235	False
92.0	32.0	0.02102	-0.02471	0.05501	-1879.898257	False
92.0	36.0	0.0205	-0.02717	0.05909	-1873.316387	False
92.0	40.0	0.01695	-0.02276	0.05351	-1867.254074	False
92.0	44.0	0.018760298480125392	-0.015448733588208974	0.044462146464798735	-1866.7051138096108	True
92.0	48.0	0.01683	-0.0172	0.0236	-1866.842628	False
92.0	52.0	0.01587	-0.009865	0.03939	-1867.048428	False
92.0	56.0	0.01137	-0.009775	0.02722	-1867.600887	False
92.0	60.0	0.01153	-0.01156	0.02655	-1868.402692	False
96.0	0.0	0.02195	-1.32e-08	0.03242	-1900.862376	False
96.0	4.0	0.01839	-0.00319	0.03269	-1898.499201	False
96.0	8.0	0.01366	-0.00631	0.03208	-1894.108736	False
96.0	12.0	0.01244	-0.006726	0.03221	-1890.976279	False
96.0	16.0	0.01335	-0.01065	0.04029	-1889.728526	False
96.0	20.0	0.01451	-0.01388	0.0432	-1889.844621	False
96.0	24.0	0.01486	-0.01298	0.03786	-1890.539981	False
96.0	28.0	0.02437	-0.02423	0.04693	-1887.54596	False
96.0	32.0	0.02313	-0.02202	0.04479	-1882.10528	False
96.0	36.0	0.02285	-0.03009	0.06854	-1875.701549	False
96.0	40.0	0.02549	-0.007396	0.06632	-1870.582969	False
96.0	44.0	0.02211	-0.007523	0.06863	-1869.540363	False
96.0	48.0	0.01843219864694401	-0.016329424155586025	0.03700663807541105	-1868.7259479330583	True
96.0	52.0	0.01662	-0.01664	0.02219	-1867.685835	False
96.0	56.0	0.01341	-0.01158	0.03218	-1867.790111	False
96.0	60.0	0.0105	-0.009942	0.02429	-1868.25895	False
100.0	0.0	0.02226	1.27e-08	0.03144	-1901.743755	False
100.0	4.0	0.0173	-0.003919	0.03072	-1899.455346	False
100.0	8.0	0.01336	-0.006321	0.03074	-1894.873517	False
100.0	12.0	0.01275	-0.006439	0.02919	-1891.301813	False
100.0	16.0	0.0134	-0.00959	0.03469	-1889.59572	False
100.0	20.0	0.0142	-0.01371	0.04144	-1888.995093	False
100.0	24.0	0.01708	-0.01548	0.04011	-1889.543186	False
100.0	28.0	0.02389	-0.02263	0.04441	-1888.401326	False
100.0	32.0	0.02079	-0.01888	0.03603	-1884.503862	False
100.0	36.0	0.01804	-0.02036	0.0415	-1878.562065	False
100.0	40.0	0.01437	-0.02029	0.03286	-1872.117762	False
100.0	44.0	0.01451	-0.02027	0.0322	-1872.156573	False
100.0	48.0	0.01572	-0.02182	0.03409	-1870.991687	False
100.0	52.0	0.016447975220132527	-0.02011539270509477	0.03257357929127558	-1869.3149661771818	True
100.0	56.0	0.0166	-0.01134	0.03962	-1868.403941	False
100.0	60.0	0.01197	-0.01162	0.02769	-1868.483907	False
104.0	0.0	0.02077	9.829e-08	0.02986	-1902.327447	False
104.0	4.0	0.01655	-0.00414	0.02905	-1900.209494	False
104.0	8.0	0.01322	-0.005914	0.02892	-1895.641754	False
104.0	12.0	0.01238	-0.006164	0.02723	-1891.80309	False
104.0	16.0	0.01301	-0.0086	0.03024	-1889.74954	False
104.0	20.0	0.01375	-0.01279	0.03776	-1888.474726	False
104.0	24.0	0.01409	-0.0135	0.03735	-1888.860952	False
104.0	28.0	0.01687	-0.01704	0.041	-1888.461259	False
104.0	32.0	0.02227	-0.02058	0.03658	-1885.918766	False
104.0	36.0	0.01405	-0.0136	0.03237	-1880.951755	False
104.0	40.0	0.02231	-0.02892	0.06307	-1874.542986	False
104.0	44.0	0.017385118954919676	-0.023816338728883224	0.03618166078658369	-1873.1904941192124	True
104.0	48.0	0.01453	-0.0192	0.03277	-1872.688666	False
104.0	52.0	0.01697	-0.02253	0.03793	-1871.277935	False
104.0	56.0	0.01845	-0.01662	0.02063	-1870.261754	False
104.0	60.0	0.0185	-0.01624	0.01918	-1869.387103	False
108.0	0.0	0.0198	1.956e-08	0.02797	-1902.589932	False
108.0	4.0	0.01619	-0.003812	0.02726	-1900.659255	False
108.0	8.0	0.01322	-0.005362	0.02682	-1896.402258	False
108.0	12.0	0.01126	-0.005831	0.02586	-1892.510265	False
108.0	16.0	0.01136	-0.007211	0.02693	-1890.155277	False
108.0	20.0	0.013	-0.01139	0.03333	-1888.304757	False
108.0	24.0	0.01351	-0.01333	0.03668	-1888.017408	False
108.0	28.0	0.01722	-0.01665	0.03996	-1887.980626	False
108.0	32.0	0.02134	-0.02039	0.03591	-1886.508858	False
108.0	36.0	0.02003	-0.0161	0.02911	-1883.577213	False
108.0	40.0	0.02102	-0.02679	0.05833	-1877.367057	False
108.0	44.0	0.01861	-0.01635	0.02105	-1874.841472	False
108.0	48.0	0.02061	-0.01864	0.02324	-1874.537224	False
108.0	52.0	0.021582764993426373	-0.01480810337162719	0.04031834140348067	-1873.5411745030906	True
108.0	56.0	0.02371	-0.001582	0.0575	-1872.222319	False
108.0	60.0	0.01844	-0.01649	0.01964	-1870.987736	False
112.0	0.0	0.01913	-5.233e-08	0.02632	-1902.589402	False
112.0	4.0	0.01555	-0.003295	0.02556	-1900.845958	False
112.0	8.0	0.01246	-0.005038	0.02518	-1897.13093	False
112.0	12.0	0.0102	-0.005697	0.02502	-1893.309887	False
112.0	16.0	0.009644	-0.006171	0.02492	-1890.683103	False
112.0	20.0	0.01172	-0.009723	0.02928	-1888.445447	False
112.0	24.0	0.01272	-0.01251	0.03447	-1887.423205	False
112.0	28.0	0.01402	-0.013	0.03306	-1887.652403	False
112.0	32.0	0.0192	-0.01824	0.03792	-1886.388435	False
112.0	36.0	0.02385	-0.0196	0.03152	-1885.290309	False
112.0	40.0	0.01419	-0.01563	0.03572	-1880.070905	False
112.0	44.0	0.01705	-0.01418	0.01798	-1875.462143	False
112.0	48.0	0.01881	-0.01649	0.02037	-1875.911269	False
112.0	52.0	0.0208	-0.01872	0.02255	-1875.442851	False
112.0	56.0	0.02391	-0.008165	0.05866	-1874.300762	False
112.0	60.0	0.0181	-0.01513	0.02041	-1872.918482	False
116.0	0.0	0.01787	-9.955e-10	0.02522	-1902.500241	False
116.0	4.0	0.01364	-0.002916	0.02421	-1900.971379	False
116.0	8.0	0.01132	-0.004823	0.02386	-1897.860642	False
116.0	12.0	0.009569	-0.005625	0.02409	-1894.187258	False
116.0	16.0	0.008694	-0.005715	0.02362	-1891.317989	False
116.0	20.0	0.01022	-0.008115	0.02603	-1888.821417	False
116.0	24.0	0.01188	-0.01137	0.03138	-1887.125642	False
116.0	28.0	0.01257	-0.01194	0.03155	-1887.00648	False
116.0	32.0	0.01739	-0.0164	0.03614	-1886.475096	False
116.0	36.0	0.02399	-0.02135	0.03424	-1886.115472	False
116.0	40.0	0.02081	-0.01685	0.02858	-1882.825048	False
116.0	44.0	0.01717	-0.01406	0.01738	-1875.427707	False
116.0	48.0	0.01688	-0.01409	0.01728	-1876.588128	False
116.0	52.0	0.01899	-0.01654	0.0197	-1876.863338	False
116.0	56.0	0.0211	-0.0189	0.02198	-1876.237185	False
116.0	60.0	0.0243	-0.01189	0.03776	-1874.975441	False
120.0	0.0	0.01128	1.941e-08	0.02537	-1902.368178	False
120.0	4.0	0.01184	-0.002654	0.02295	-1901.10413	False
120.0	8.0	0.0108	-0.004645	0.02267	-1898.542867	False
120.0	12.0	0.00948	-0.005551	0.02292	-1895.085001	False
120.0	16.0	0.00866	-0.005702	0.02262	-1892.035986	False
120.0	20.0	0.009012	-0.006884	0.02366	-1889.344749	False
120.0	24.0	0.01088	-0.01005	0.02807	-1887.126236	False
120.0	28.0	0.01159	-0.01123	0.03018	-1886.488769	False
120.0	32.0	0.01453	-0.01382	0.03271	-1886.228276	False
120.0	36.0	0.02082	-0.01994	0.03404	-1886.064342	False
120.0	40.0	0.02433	-0.019	0.02818	-1884.750929	False
120.0	44.0	0.01814	-0.01968	0.03856	-1879.458171	False
120.0	48.0	0.01693	-0.01379	0.01649	-1876.609656	False
120.0	52.0	0.01684	-0.01408	0.01672	-1877.6098	False
120.0	56.0	0.01906	-0.01648	0.019	-1877.735279	False
120.0	60.0	0.02137	-0.01901	0.02143	-1876.976614	False
124.0	0.0	0.01069	2.482e-08	0.02459	-1902.456515	False
124.0	4.0	0.01151	-0.002406	0.02168	-1901.189006	False
124.0	8.0	0.01096	-0.004482	0.02151	-1899.160645	False
124.0	12.0	0.00974	-0.00549	0.02184	-1895.968418	False
124.0	16.0	0.009068	-0.005862	0.02186	-1892.805651	False
124.0	20.0	0.008426	-0.006201	0.02206	-1889.934481	False
124.0	24.0	0.009804	-0.008757	0.02521	-1887.35681	False
124.0	28.0	0.01102	-0.01069	0.02855	-1886.148984	False
124.0	32.0	0.01224	-0.01186	0.02974	-1885.851466	False
124.0	36.0	0.01602	-0.01636	0.03122	-1885.363973	False
124.0	40.0	0.02361	-0.01932	0.02916	-1885.740117	False
124.0	44.0	0.02135	-0.01807	0.02906	-1882.133837	False
124.0	48.0	0.01793	-0.01478	0.01819	-1876.168915	False
124.0	52.0	0.01662	-0.01346	0.01566	-1877.667906	False
124.0	56.0	0.01681	-0.01402	0.0162	-1878.526268	False
124.0	60.0	0.01908	-0.01635	0.01833	-1878.517934	False
128.0	0.0	0.01033	2.707e-08	0.02376	-1902.558893	False
128.0	4.0	0.01164	-0.002188	0.02072	-1901.21037	False
128.0	8.0	0.01124	-0.004265	0.0204	-1899.657704	False
128.0	12.0	0.01026	-0.005441	0.02089	-1896.839839	False
128.0	16.0	0.009597	-0.00594	0.02098	-1893.630897	False
128.0	20.0	0.008306	-0.005889	0.02084	-1890.589943	False
128.0	24.0	0.008992	-0.007743	0.02299	-1887.770801	False
128.0	28.0	0.01033	-0.009839	0.02626	-1886.033045	False
128.0	32.0	0.01076	-0.01057	0.02753	-1885.496232	False
128.0	36.0	0.013974005174820281	-0.013339773438759028	0.028789476368807243	-1885.332145225971	True
128.0	40.0	0.01973	-0.01713	0.02827	-1885.833225	False
128.0	44.0	0.0248	-0.01941	0.02743	-1884.184544	False
128.0	48.0	0.01861	-0.02022	0.03722	-1878.763566	False
128.0	52.0	0.01689	-0.01007	0.03585	-1877.192615	False
128.0	56.0	0.017	-0.007572	0.03275	-1878.562806	False
128.0	60.0	0.01689	-0.01394	0.01589	-1879.276022	False
132.0	0.0	0.009939	9.608e-09	0.02288	-1902.681086	False
132.0	4.0	0.01158	-0.002111	0.02037	-1901.162759	False
132.0	8.0	0.01173	-0.004023	0.0194	-1899.992803	False
132.0	12.0	0.01113	-0.005437	0.02004	-1897.674139	False
132.0	16.0	0.01023	-0.005951	0.02	-1894.512303	False
132.0	20.0	0.008791	-0.00592	0.01992	-1891.319493	False
132.0	24.0	0.008538	-0.007046	0.02134	-1888.297215	False
132.0	28.0	0.009424	-0.008685	0.02368	-1886.137443	False
132.0	32.0	0.01011	-0.00984	0.02587	-1885.222458	False
132.0	36.0	0.01278	-0.01099	0.02736	-1884.742137	False
132.0	40.0	0.01526	-0.01438	0.0269	-1885.256695	False
132.0	44.0	0.02444	-0.01918	0.02722	-1885.350466	False
132.0	48.0	0.02145	-0.01943	0.03081	-1881.512075	False
132.0	52.0	0.01613	-0.01302	0.03581	-1876.544793	False
132.0	56.0	0.01467	-0.01159	0.03157	-1878.104528	False
132.0	60.0	0.01442	-0.0095	0.02933	-1879.358396	False
136.0	0.0	0.009497	2.857e-08	0.02201	-1902.808469	False
136.0	4.0	0.0111	-0.002256	0.02033	-1901.14135	False
136.0	8.0	0.0122	-0.003848	0.01853	-1900.17858	False
136.0	12.0	0.01171	-0.005364	0.01931	-1898.433472	False
136.0	16.0	0.01076	-0.005901	0.01911	-1895.439099	False
136.0	20.0	0.009684	-0.006124	0.0192	-1892.122787	False
136.0	24.0	0.008406	-0.006562	0.02004	-1888.893461	False
136.0	28.0	0.008714	-0.007666	0.02144	-1886.417893	False
136.0	32.0	0.009654	-0.009177	0.02415	-1885.065573	False
136.0	36.0	0.01186	-0.01161	0.02689	-1884.64719	False
136.0	40.0	0.01173	-0.01227	0.02591	-1884.266225	False
136.0	44.0	0.02071	-0.01672	0.02554	-1885.613982	False
136.0	48.0	0.0243	-0.02032	0.02927	-1883.676948	False
136.0	52.0	0.01775	-0.01996	0.03561	-1878.210412	False
136.0	56.0	0.01442	-0.01966	0.03801	-1872.256891	False
136.0	60.0	0.0122	-0.01639	0.03076	-1868.130453	False
140.0	0.0	0.009032	-8.994e-09	0.02116	-1902.916683	False
140.0	4.0	0.01059	-0.002406	0.02005	-1901.188839	False
140.0	8.0	0.01148	-0.003538	0.01775	-1900.237507	False
140.0	12.0	0.008983	-0.003651	0.01851	-1898.703383	False
140.0	16.0	0.01092	-0.005727	0.01838	-1896.381384	False
140.0	20.0	0.01025	-0.00617	0.01845	-1893.016306	False
140.0	24.0	0.008858	-0.006369	0.01901	-1889.59902	False
140.0	28.0	0.008452	-0.007026	0.01979	-1886.84095	False
140.0	32.0	0.009096	-0.008344	0.02211	-1885.08349	False
140.0	36.0	0.01115	-0.01086	0.02541	-1884.422508	False
140.0	40.0	0.011780669240755604	-0.010798774166151048	0.02483972618806618	-1884.291940081584	True
140.0	44.0	0.01613	-0.01417	0.02456	-1885.174354	False
140.0	48.0	0.0243	-0.01974	0.02786	-1884.984566	False
140.0	52.0	0.02043	-0.02041	0.03305	-1880.994819	False
140.0	56.0	0.0164	-0.01657	0.02535	-1877.707752	False
140.0	60.0	0.01431	-0.01632	0.02698	-1872.370444	False
144.0	0.0	0.008652	1.735e-08	0.02041	-1903.008803	False
144.0	4.0	0.0102	-0.002317	0.01958	-1901.311374	False
144.0	8.0	0.009826	-0.002957	0.01698	-1900.211984	False
144.0	12.0	0.008327	-0.003236	0.01784	-1899.448434	False
144.0	16.0	0.01069	-0.005422	0.01774	-1897.340347	False
144.0	20.0	0.01027	-0.006026	0.01769	-1893.994385	False
144.0	24.0	0.009575	-0.006399	0.01826	-1890.414696	False
144.0	28.0	0.008423	-0.006619	0.01861	-1887.379744	False
144.0	32.0	0.008681	-0.007578	0.02016	-1885.287795	False
144.0	36.0	0.01016	-0.009769	0.02365	-1884.265251	False
144.0	40.0	0.01218	-0.008805	0.02337	-1884.020398	False
144.0	44.0	0.01275	-0.01269	0.02465	-1884.296872	False
144.0	48.0	0.02149	-0.01781	0.02607	-1885.410025	False
144.0	52.0	0.02312	-0.0215	0.03245	-1883.24611	False
144.0	56.0	0.01071	-0.007164	0.01385	-1879.786629	False
144.0	60.0	0.01642	-0.01784	0.02763	-1875.32207	False
148.0	0.0	0.008268	7.149e-10	0.01972	-1903.076457	False
148.0	4.0	0.01	-0.001998	0.01897	-1901.473577	False
148.0	8.0	0.009350072458122582	-0.0026020748795207993	0.017453517745364522	-1900.39459469179	True
148.0	12.0	0.007794	-0.002884	0.01724	-1899.924311	False
148.0	16.0	0.01062	-0.00519	0.01727	-1898.237344	False
148.0	20.0	0.01003	-0.005852	0.01708	-1895.017166	False
148.0	24.0	0.00992	-0.00642	0.01765	-1891.351061	False
148.0	28.0	0.008601	-0.006378	0.01774	-1888.027995	False
148.0	32.0	0.008588	-0.007085	0.01865	-1885.652595	False
148.0	36.0	0.008856	-0.008289	0.0215	-1884.213099	False
148.0	40.0	0.01181	-0.01065	0.0231	-1884.049724	False
148.0	44.0	0.01075	-0.01159	0.02408	-1883.329318	False
148.0	48.0	0.01777	-0.01609	0.02576	-1885.122413	False
148.0	52.0	0.02436	-0.02147	0.03058	-1884.656885	False
148.0	56.0	0.01837	-0.02015	0.03362	-1880.612496	False
148.0	60.0	0.0183	-0.02038	0.03695	-1875.741101	False
152.0	0.0	0.007938	-2.575e-09	0.01911	-1903.100075	False
152.0	4.0	0.01007	-0.001632	0.01829	-1901.647026	False
152.0	8.0	0.01062	-0.002833	0.01737	-1900.26727	False
152.0	12.0	0.007308	-0.002608	0.01676	-1900.155199	False
152.0	16.0	0.01091	-0.00511	0.01692	-1899.032348	False
152.0	20.0	0.009846	-0.005762	0.0167	-1896.018156	False
152.0	24.0	0.00992	-0.006401	0.01712	-1892.344909	False
152.0	28.0	0.008869	-0.006309	0.01713	-1888.77881	False
152.0	32.0	0.008616	-0.006753	0.01753	-1886.147483	False
152.0	36.0	0.008247	-0.007356	0.01943	-1884.355066	False
152.0	40.0	0.01027600482542379	-0.008355934300790402	0.021457297477862625	-1883.810551076056	True
152.0	44.0	0.0125	-0.008111	0.0218	-1884.03659	False
152.0	48.0	0.017213130967193457	-0.012436380423394233	0.02341054387192898	-1884.9309642377343	True
152.0	52.0	0.02381	-0.02114	0.02949	-1885.197233	False
152.0	56.0	0.02238	-0.02276	0.03508	-1882.879461	False
152.0	60.0	0.01379	-0.01365	0.02402	-1878.171366	False
156.0	0.0	0.007585	2.401e-08	0.01856	-1903.115756	False
156.0	4.0	0.01028	-0.001346	0.0176	-1901.847221	False
156.0	8.0	0.01071	-0.002796	0.01717	-1900.645173	False
156.0	12.0	0.009362	-0.003455	0.01633	-1900.605778	False
156.0	16.0	0.011	-0.005011	0.01664	-1899.750658	False
156.0	20.0	0.009696	-0.005687	0.0164	-1897.020737	False
156.0	24.0	0.009743	-0.006331	0.01661	-1893.422117	False
156.0	28.0	0.00901	-0.006342	0.01672	-1889.678751	False
156.0	32.0	0.008581	-0.006459	0.01667	-1886.750052	False
156.0	36.0	0.008244	-0.006949	0.01794	-1884.682678	False
156.0	40.0	0.009295999414819622	-0.0076812044899123855	0.020369306248259278	-1883.7364409467204	True
156.0	44.0	0.01109	-0.007794	0.02111	-1883.647267	False
156.0	48.0	0.01489	-0.007667	0.02127	-1884.5686	False
156.0	52.0	0.03006	-0.01989	0.03756	-1884.976718	False
156.0	56.0	0.02522	-0.02377	0.03347	-1884.350647	False
156.0	60.0	0.01328	-0.01191	0.02039	-1880.463298	False
160.0	0.0	0.007308	2.639e-09	0.01807	-1903.105651	False
160.0	4.0	0.01056	-0.001182	0.01696	-1902.050741	False
160.0	8.0	0.01071	-0.002687	0.01685	-1901.093423	False
160.0	12.0	0.008801	-0.003358	0.01608	-1900.92535	False
160.0	16.0	0.01049	-0.004907	0.01669	-1900.384363	False
160.0	20.0	0.007452	-0.004591	0.0161	-1897.695543	False
160.0	24.0	0.009537	-0.006229	0.01621	-1894.520102	False
160.0	28.0	0.009071	-0.006426	0.0164	-1890.692685	False
160.0	32.0	0.008458	-0.006222	0.01601	-1887.462986	False
160.0	36.0	0.008321	-0.006605	0.01675	-1885.156891	False
160.0	40.0	0.008542	-0.007997	0.01929	-1883.919771	False
160.0	44.0	0.01096	-0.00936	0.02004	-1883.937808	False
160.0	48.0	0.01261	-0.007519	0.02031	-1884.154442	False
160.0	52.0	0.01641	-0.004258	0.03584	-1886.604239	False
160.0	56.0	0.02508	-0.02342	0.03189	-1884.994205	False
160.0	60.0	0.02076	-0.02189	0.03358	-1882.682872	False
164.0	0.0	0.007135	-1.369e-08	0.01764	-1903.060016	False
164.0	4.0	0.01081	-0.001126	0.0164	-1902.247552	False
164.0	8.0	0.0106	-0.002515	0.01647	-1901.563553	False
164.0	12.0	0.00804	-0.003062	0.0157	-1901.313877	False
164.0	16.0	0.009713	-0.004819	0.01677	-1900.992022	False
164.0	20.0	0.007559	-0.004493	0.01565	-1898.688358	False
164.0	24.0	0.009141	-0.006001	0.01582	-1895.623147	False
164.0	28.0	0.009124	-0.006476	0.01605	-1891.784643	False
164.0	32.0	0.008323	-0.006127	0.01555	-1888.312585	False
164.0	36.0	0.008253	-0.006191	0.01571	-1885.774837	False
164.0	40.0	0.007892	-0.007414	0.01832	-1883.985913	False
164.0	44.0	0.0099	-0.008729	0.01913	-1883.947324	False
164.0	48.0	0.01121	0.003652	0.03032	-1882.102607	False
164.0	52.0	0.01308	0.001362	0.0245	-1887.159054	False
164.0	56.0	0.0189	-0.01291	0.04987	-1888.573018	False
164.0	60.0	0.02822	-0.03928	0.09433	-1887.544306	False
168.0	0.0	0.007006	2.409e-09	0.01727	-1902.999629	False
168.0	4.0	0.01101	-0.001135	0.01592	-1902.425498	False
168.0	8.0	0.01041	-0.00232	0.01609	-1902.021836	False
168.0	12.0	0.00767	-0.002886	0.01564	-1901.762453	False
168.0	16.0	0.009029	-0.004544	0.01622	-1901.605037	False
168.0	20.0	0.007767	-0.004313	0.01526	-1899.438076	False
168.0	24.0	0.007501	-0.005277	0.01591	-1896.493074	False
168.0	28.0	0.009058	-0.006437	0.01575	-1892.919406	False
168.0	32.0	0.008358	-0.006221	0.01528	-1889.266188	False
168.0	36.0	0.008158	-0.005879	0.01492	-1886.491304	False
168.0	40.0	0.007723807173865005	-0.006607752893323493	0.016441544833655897	-1884.623340151903	True
168.0	44.0	0.008736	-0.00797	0.01818	-1883.976169	False
168.0	48.0	0.01093	-0.008855	0.01854	-1884.078894	False
168.0	52.0	0.01149	0.003523	0.02093	-1886.829869	False
168.0	56.0	0.01499	-0.005371	0.03544	-1890.069418	False
168.0	60.0	0.02154	-0.0211	0.06201	-1889.857403	False
172.0	0.0	0.006884	-2.431e-09	0.01694	-1902.933502	False
172.0	4.0	0.01103	-0.001157	0.01552	-1902.586518	False
172.0	8.0	0.01016	-0.002143	0.01575	-1902.448482	False
172.0	12.0	0.007564	-0.002785	0.01532	-1902.253388	False
172.0	16.0	0.009021	-0.004347	0.01556	-1902.195278	False
172.0	20.0	0.009278	-0.005277	0.01577	-1900.450531	False
172.0	24.0	0.007407	-0.00501	0.01543	-1897.593183	False
172.0	28.0	0.008716	-0.006282	0.01552	-1894.086313	False
172.0	32.0	0.008453	-0.006314	0.01506	-1890.328917	False
172.0	36.0	0.008136	-0.005797	0.01445	-1887.2929	False
172.0	40.0	0.007432	-0.005912	0.01516	-1885.013492	False
172.0	44.0	0.00788	-0.007325	0.01725	-1884.021696	False
172.0	48.0	0.01002	-0.008189	0.01748	-1884.242397	False
172.0	52.0	0.01085	0.00137	0.03071	-1885.804661	False
172.0	56.0	0.01187	0.0004471	0.02367	-1890.644323	False
172.0	60.0	0.01765	-0.01307	0.04756	-1891.913824	False
176.0	0.0	0.00675	5.339e-09	0.01666	-1902.869702	False
176.0	4.0	0.01075	-0.001141	0.01521	-1902.724162	False
176.0	8.0	0.009817	-0.001991	0.01545	-1902.832275	False
176.0	12.0	0.007725	-0.002765	0.01486	-1902.764452	False
176.0	16.0	0.009208	-0.004259	0.01519	-1902.7786	False
176.0	20.0	0.009447	-0.005151	0.01534	-1901.276197	False
176.0	24.0	0.007467	-0.004489	0.01506	-1898.446087	False
176.0	28.0	0.006973	-0.005536	0.01585	-1894.938377	False
176.0	32.0	0.008347	-0.006276	0.01487	-1891.446608	False
176.0	36.0	0.008193	-0.005925	0.01428	-1888.174525	False
176.0	40.0	0.007423	-0.005547	0.0143	-1885.760477	False
176.0	44.0	0.007474	-0.006938	0.01649	-1884.100217	False
176.0	48.0	0.009096	-0.007778	0.01691	-1884.350013	False
176.0	52.0	0.008527	0.005735	0.01902	-1884.721649	False
176.0	56.0	0.01039	0.00277	0.01951	-1890.326541	False
176.0	60.0	0.01388	-0.005739	0.03336	-1893.390616	False
180.0	0.0	0.006589	5.927e-09	0.01643	-1902.813269	False
180.0	4.0	0.01023	-0.001082	0.01496	-1902.835643	False
180.0	8.0	0.009421	-0.001864	0.01519	-1903.159886	False
180.0	12.0	0.008098	-0.002843	0.01449	-1903.273664	False
180.0	16.0	0.009163	-0.004079	0.01478	-1903.37945	False
180.0	20.0	0.009458	-0.004991	0.01497	-1902.10403	False
180.0	24.0	0.009719	-0.002999	0.01524	-1899.137764	False
180.0	28.0	0.006757	-0.005255	0.0155	-1896.112492	False
180.0	32.0	0.007986	-0.006118	0.0147	-1892.593336	False
180.0	36.0	0.008165	-0.006095	0.01426	-1889.142742	False
180.0	40.0	0.007612	-0.00543	0.0138	-1886.569986	False
180.0	44.0	0.007386	-0.006723	0.01599	-1884.236274	False
180.0	48.0	0.008127	-0.007283	0.01633	-1884.425643	False
180.0	52.0	0.008003	0.006534	0.01644	-1883.720929	False
180.0	56.0	0.01035	-0.0001124	0.02979	-1889.281543	False
180.0	60.0	0.01089	-0.0001151	0.02199	-1893.937478	False
184.0	0.0	0.006339	4.682e-09	0.01621	-1902.784906	False
184.0	4.0	0.009558	-0.0009907	0.01476	-1902.915664	False
184.0	8.0	0.00904	-0.001747	0.01496	-1903.410322	False
184.0	12.0	0.008425	-0.002905	0.01416	-1903.74584	False
184.0	16.0	0.008874	-0.003694	0.01404	-1904.018576	False
184.0	20.0	0.009214	-0.004838	0.01482	-1902.910394	False
184.0	24.0	0.00792	-0.004936	0.01431	-1900.237132	False
184.0	28.0	0.006845	-0.00458	0.01534	-1897.013441	False
184.0	32.0	0.007533	-0.005891	0.01449	-1893.708909	False
184.0	36.0	0.007949	-0.006152	0.01424	-1890.159433	False
184.0	40.0	0.00778	-0.005413	0.01349	-1887.424195	False
184.0	44.0	0.006686	-0.00538	0.01402	-1885.134917	False
184.0	48.0	0.007312	-0.006694	0.01561	-1884.471591	False
184.0	52.0	0.00962	-0.007847	0.01593	-1884.739719	False
184.0	56.0	0.007862	0.004783	0.01757	-1888.152892	False
184.0	60.0	0.009532	0.002157	0.01794	-1893.573153	False
188.0	0.0	0.0061	-3.049e-08	0.01603	-1902.771578	False
188.0	4.0	0.008812	-0.0008814	0.01458	-1902.989836	False
188.0	8.0	0.008654	-0.001639	0.01475	-1903.623931	False
188.0	12.0	0.008415	-0.002822	0.01381	-1904.20685	False
188.0	16.0	0.007195	-0.002593	0.01473	-1904.403616	False
188.0	20.0	0.008825	-0.004543	0.01443	-1903.722757	False
188.0	24.0	0.008012	-0.004895	0.01411	-1901.138469	False
188.0	28.0	0.009177	-0.002785	0.01587	-1897.75021	False
188.0	32.0	0.007281	-0.005701	0.01426	-1894.762423	False
188.0	36.0	0.007637	-0.006066	0.0141	-1891.218488	False
188.0	40.0	0.007761	-0.00537	0.01329	-1888.337156	False
188.0	44.0	0.006874	-0.005239	0.0135	-1885.959501	False
188.0	48.0	0.006884	-0.006259	0.01494	-1884.528392	False
188.0	52.0	0.008661	-0.00735	0.01537	-1884.977087	False
188.0	56.0	0.007294	0.005839	0.01438	-1887.235442	False
188.0	60.0	0.00909	0.0006597	0.0243	-1892.512452	False
192.0	0.0	0.005843	6.635e-11	0.01586	-1902.784236	False
192.0	4.0	0.008117	-0.0007699	0.01446	-1903.034351	False
192.0	8.0	0.008301	-0.00154	0.01456	-1903.776512	False
192.0	12.0	0.008072	-0.002573	0.01343	-1904.615531	False
192.0	16.0	0.007096	-0.002528	0.01447	-1905.14624	False
192.0	20.0	0.008464	-0.004104	0.01366	-1904.518318	False
192.0	24.0	0.008097	-0.004962	0.01417	-1902.043605	False
192.0	28.0	0.007914	-0.005333	0.01392	-1898.877884	False
192.0	32.0	0.007305	-0.005609	0.01405	-1895.704329	False
192.0	36.0	0.007364	-0.00589	0.01388	-1892.267358	False
192.0	40.0	0.007586	-0.005262	0.01312	-1889.289866	False
192.0	44.0	0.007082	-0.005179	0.01313	-1886.824626	False
192.0	48.0	0.006867	-0.006079	0.0145	-1884.604856	False
192.0	52.0	0.007571	-0.006628	0.01468	-1885.105463	False
192.0	56.0	0.007042	0.005999	0.01338	-1886.176424	False
192.0	60.0	0.007165	0.004322	0.01532	-1891.368992	False
196.0	0.0	0.005595	-6.087e-09	0.01571	-1902.828399	False
196.0	4.0	0.007564	-0.0006798	0.0144	-1903.067014	False
196.0	8.0	0.007988	-0.001461	0.01437	-1903.891054	False
196.0	12.0	0.007629	-0.002272	0.01305	-1904.977314	False
196.0	16.0	0.007052	-0.002453	0.0142	-1905.803034	False
196.0	20.0	0.008449	-0.003652	0.01393	-1905.022751	False
196.0	24.0	0.008125	-0.004952	0.01406	-1902.971105	False
196.0	28.0	0.007905	-0.005147	0.01342	-1899.740116	False
196.0	32.0	0.007395	-0.005526	0.01379	-1896.583969	False
196.0	36.0	0.007191	-0.005699	0.0136	-1893.297401	False
196.0	40.0	0.007472	-0.005202	0.01302	-1890.254948	False
196.0	44.0	0.007126	-0.005085	0.01285	-1887.727837	False
196.0	48.0	0.006412	-0.00521	0.01333	-1885.459693	False
196.0	52.0	0.006772	-0.005944	0.01396	-1885.187556	False
196.0	56.0	0.009088	-0.007415	0.01472	-1885.328557	False
196.0	60.0	0.009473	-0.007774	0.01537	-1884.648235	False
200.0	0.0	0.005368	1.207e-08	0.01556	-1902.901417	False
200.0	4.0	0.007158	-0.0006139	0.01439	-1903.10192	False
200.0	8.0	0.007718	-0.001401	0.0142	-1903.969412	False
200.0	12.0	0.007244	-0.00202	0.01272	-1905.28144	False
200.0	16.0	0.00699	-0.002306	0.01384	-1906.368435	False
200.0	20.0	0.008461	-0.003658	0.01372	-1905.804661	False
200.0	24.0	0.008104	-0.004817	0.01365	-1903.904716	False
200.0	28.0	0.007786	-0.005112	0.01329	-1900.627564	False
200.0	32.0	0.007385	-0.005352	0.0133	-1897.434104	False
200.0	36.0	0.007099	-0.005558	0.01335	-1894.271901	False
200.0	40.0	0.007439	-0.005251	0.013	-1891.220187	False
200.0	44.0	0.007084	-0.004939	0.01262	-1888.662717	False
200.0	48.0	0.006373	-0.005051	0.01292	-1886.278269	False
200.0	52.0	0.006487	-0.005577	0.01343	-1885.23517	False
200.0	56.0	0.008125	-0.006812	0.01415	-1885.648947	False
200.0	60.0	0.009377	-0.007255	0.01442	-1885.088231	False
204.0	0.0	0.005428	-5.337e-09	0.01537	-1902.998393	False
204.0	4.0	0.006927	-0.0005734	0.01445	-1903.159574	False
204.0	8.0	0.007462	-0.001356	0.01403	-1904.029742	False
204.0	12.0	0.006957	-0.001862	0.01242	-1905.529609	False
204.0	16.0	0.006928	-0.002118	0.01343	-1906.835287	False
204.0	20.0	0.008387	-0.003693	0.01359	-1906.491019	False
204.0	24.0	0.008118	-0.004656	0.01315	-1904.830783	False
204.0	28.0	0.007594	-0.005092	0.01323	-1901.54409	False
204.0	32.0	0.007223	-0.005153	0.01278	-1898.305881	False
204.0	36.0	0.006869	-0.0054	0.01309	-1895.205456	False
204.0	40.0	0.007395	-0.005362	0.01301	-1892.193705	False
204.0	44.0	0.00716	-0.004836	0.01244	-1889.612235	False
204.0	48.0	0.006441	-0.004957	0.01262	-1887.162491	False
204.0	52.0	0.006429	-0.005448	0.01312	-1885.293914	False
204.0	56.0	0.00715	-0.006064	0.01345	-1885.870935	False
204.0	60.0	0.009122	-0.00707	0.0141	-1885.540236	False
208.0	0.0	0.004989	3.323e-09	0.01533	-1903.124441	False
208.0	4.0	0.006939	-0.0005485	0.01454	-1903.255143	False
208.0	8.0	0.007252	-0.001326	0.01392	-1904.079142	False
208.0	12.0	0.006692	-0.00177	0.01212	-1905.737531	False
208.0	16.0	0.00686	-0.001943	0.01304	-1907.204394	False
208.0	20.0	0.008208	-0.003682	0.01343	-1907.092155	False
208.0	24.0	0.008133	-0.00452	0.01272	-1905.751577	False
208.0	28.0	0.007359	-0.004952	0.01297	-1902.505093	False
208.0	32.0	0.006962	-0.005039	0.01252	-1899.209366	False
208.0	36.0	0.006546	-0.005217	0.01276	-1896.112573	False
208.0	40.0	0.007285	-0.005469	0.01302	-1893.173068	False
208.0	44.0	0.007254	-0.004821	0.01236	-1890.564074	False
208.0	48.0	0.006506	-0.004873	0.01237	-1888.095894	False
208.0	52.0	0.006418	-0.005447	0.01303	-1885.416949	False
208.0	56.0	0.006656	-0.005525	0.01281	-1885.991768	False
208.0	60.0	0.008591	-0.00692	0.01387	-1885.974163	False
212.0	0.0	0.004816	4.898e-09	0.01523	-1903.279262	False
212.0	4.0	0.007201	-0.0005487	0.01461	-1903.397814	False
212.0	8.0	0.007105	-0.00132	0.01395	-1904.138392	False
212.0	12.0	0.006387	-0.001706	0.01183	-1905.917779	False
212.0	16.0	0.006775	-0.00183	0.01271	-1907.479024	False
212.0	20.0	0.008199	-0.003745	0.01233	-1908.010786	False
212.0	24.0	0.008158	-0.004442	0.01246	-1906.655262	False
212.0	28.0	0.007243	-0.004782	0.01262	-1903.50748	False
212.0	32.0	0.00666	-0.004976	0.01244	-1900.146945	False
212.0	36.0	0.006254	-0.005027	0.01233	-1897.043906	False
212.0	40.0	0.007052	-0.005522	0.01302	-1894.147922	False
212.0	44.0	0.007207	-0.004893	0.01238	-1891.526326	False
212.0	48.0	0.006663	-0.004813	0.01218	-1889.043581	False
212.0	52.0	0.006298	-0.005042	0.0125	-1886.736959	False
212.0	56.0	0.006537	-0.005259	0.01237	-1886.047895	False
212.0	60.0	0.007877	-0.00647	0.01341	-1886.324093	False
216.0	0.0	0.004668	3.301e-09	0.01515	-1903.463302	False
216.0	4.0	0.007531	-0.0005728	0.01465	-1903.591457	False
216.0	8.0	0.007048	-0.001324	0.01413	-1904.244489	False
216.0	12.0	0.006002	-0.001621	0.01156	-1906.099443	False
216.0	16.0	0.006666	-0.001794	0.01248	-1907.654108	False
216.0	20.0	0.008094	-0.003553	0.01198	-1908.517436	False
216.0	24.0	0.008308	-0.004454	0.01239	-1907.509023	False
216.0	28.0	0.007256	-0.004665	0.01233	-1904.530755	False
216.0	32.0	0.00639	-0.004893	0.01232	-1901.099168	False
216.0	36.0	0.00612	-0.004917	0.01202	-1897.998289	False
216.0	40.0	0.00668	-0.005471	0.01295	-1895.10531	False
216.0	44.0	0.007073	-0.005044	0.01251	-1892.5067	False
216.0	48.0	0.0068	-0.004766	0.01206	-1889.996132	False
216.0	52.0	0.006226	-0.004969	0.01228	-1887.611391	False
216.0	56.0	0.006364	-0.005099	0.01207	-1886.100138	False
216.0	60.0	0.007149	-0.00585	0.01275	-1886.566818	False
220.0	0.0	0.004541	1.045e-08	0.01508	-1903.648172	False
220.0	4.0	0.007784	-0.0006141	0.01465	-1903.816666	False
220.0	8.0	0.007089	-0.001321	0.01429	-1904.406254	False
220.0	12.0	0.005695	-0.001514	0.01133	-1906.292575	False
220.0	16.0	0.006774	-0.002363	0.01159	-1908.222458	False
220.0	20.0	0.007962	-0.003319	0.01156	-1908.950458	False
220.0	24.0	0.008588	-0.004513	0.01237	-1908.311647	False
220.0	28.0	0.007335	-0.004603	0.01211	-1905.561643	False
220.0	32.0	0.006198	-0.004745	0.01204	-1902.092353	False
220.0	36.0	0.006049	-0.004854	0.01187	-1899.000286	False
220.0	40.0	0.006242	-0.005282	0.01267	-1896.059986	False
220.0	44.0	0.006926	-0.005226	0.01267	-1893.522108	False
220.0	48.0	0.006785	-0.004776	0.01203	-1890.974919	False
220.0	52.0	0.006193	-0.004873	0.01205	-1888.541291	False
220.0	56.0	0.006102	-0.004996	0.01188	-1886.186297	False
220.0	60.0	0.006798	-0.005415	0.01215	-1886.707724	False
224.0	0.0	0.004426	1.091e-08	0.01502	-1903.850701	False
224.0	4.0	0.007908	-0.0006501	0.01465	-1904.062759	False
224.0	8.0	0.007215	-0.00131	0.01434	-1904.623716	False
224.0	12.0	0.005522	-0.001426	0.01114	-1906.477141	False
224.0	16.0	0.006438	-0.002187	0.01132	-1908.388926	False
224.0	20.0	0.00775	-0.003078	0.01114	-1909.30851	False
224.0	24.0	0.008981	-0.004562	0.01228	-1909.018843	False
224.0	28.0	0.007448	-0.004595	0.01199	-1906.566906	False
224.0	32.0	0.006153	-0.004591	0.01166	-1903.104066	False
224.0	36.0	0.005946	-0.004766	0.01177	-1900.036262	False
224.0	40.0	0.005876	-0.005008	0.01214	-1897.02456	False
224.0	44.0	0.00677	-0.005333	0.01278	-1894.551946	False
224.0	48.0	0.006721	-0.004886	0.01211	-1891.985346	False
224.0	52.0	0.00616	-0.004788	0.01185	-1889.509482	False
224.0	56.0	0.006489	-0.004956	0.01198	-1887.313079	False
224.0	60.0	0.00659	-0.005158	0.01172	-1886.800302	False
228.0	0.0	0.004322	-6.808e-09	0.01495	-1904.068524	False
228.0	4.0	0.007939	-0.0006718	0.01463	-1904.323284	False
228.0	8.0	0.007327	-0.001317	0.01429	-1904.88491	False
228.0	12.0	0.005362	-0.001331	0.01091	-1906.660306	False
228.0	16.0	0.00612	-0.002014	0.01104	-1908.516257	False
228.0	20.0	0.007436	-0.002848	0.01076	-1909.606388	False
228.0	24.0	0.009294	-0.004521	0.01205	-1909.623323	False
228.0	28.0	0.007641	-0.004665	0.01197	-1907.516732	False
228.0	32.0	0.006208	-0.004466	0.01129	-1904.104848	False
228.0	36.0	0.005832	-0.004628	0.01158	-1901.096574	False
228.0	40.0	0.005729	-0.004813	0.01164	-1898.021501	False
228.0	44.0	0.006564	-0.005312	0.0128	-1895.571485	False
228.0	48.0	0.006689	-0.005027	0.01221	-1893.034475	False
228.0	52.0	0.006218	-0.004821	0.01181	-1890.504426	False
228.0	56.0	0.006275	-0.004888	0.01179	-1888.222127	False
228.0	60.0	0.006324	-0.004968	0.01139	-1886.883576	False
232.0	0.0	0.004231	1.233e-08	0.01488	-1904.301742	False
232.0	4.0	0.007893	-0.0006788	0.0146	-1904.597588	False
232.0	8.0	0.007391	-0.001346	0.01421	-1905.174988	False
232.0	12.0	0.005164	-0.001215	0.01063	-1906.846995	False
232.0	16.0	0.005837	-0.001874	0.01081	-1908.612974	False
232.0	20.0	0.00711	-0.00265	0.01044	-1909.852476	False
232.0	24.0	0.009282	-0.004316	0.01162	-1910.147964	False
232.0	28.0	0.007892	-0.004785	0.012	-1908.399355	False
232.0	32.0	0.006246	-0.004352	0.01099	-1905.089657	False
232.0	36.0	0.005798	-0.00447	0.01128	-1902.174886	False
232.0	40.0	0.005668	-0.004663	0.01128	-1899.078534	False
232.0	44.0	0.006281	-0.005129	0.01264	-1896.567321	False
232.0	48.0	0.00663	-0.005085	0.01225	-1894.111041	False
232.0	52.0	0.006342	-0.004919	0.01186	-1891.537574	False
232.0	56.0	0.006095	-0.004902	0.0117	-1889.187507	False
232.0	60.0	0.006397	-0.004802	0.01155	-1887.109617	False
236.0	0.0	0.004151	-3.066e-09	0.01479	-1904.541376	False
236.0	4.0	0.007781	-0.0006801	0.01457	-1904.86814	False
236.0	8.0	0.007401	-0.001388	0.01414	-1905.472084	False
236.0	12.0	0.004961	-0.001084	0.01032	-1907.02506	False
236.0	16.0	0.005599	-0.00181	0.01066	-1908.69166	False
236.0	20.0	0.006786	-0.002478	0.01017	-1910.045005	False
236.0	24.0	0.005795	-0.002688	0.01042	-1910.397166	False
236.0	28.0	0.00821	-0.00492	0.01201	-1909.188832	False
236.0	32.0	0.006266	-0.004244	0.01082	-1906.018506	False
236.0	36.0	0.005833	-0.004308	0.01091	-1903.230994	False
236.0	40.0	0.005562	-0.004481	0.01098	-1900.16053	False
236.0	44.0	0.005926	-0.004809	0.01223	-1897.519379	False
236.0	48.0	0.006497	-0.005055	0.01224	-1895.169853	False
236.0	52.0	0.006425	-0.004959	0.01186	-1892.585494	False
236.0	56.0	0.006127	-0.005058	0.01176	-1890.178537	False
236.0	60.0	0.006249	-0.004789	0.01138	-1887.976818	False
240.0	0.0	0.004085	7.007e-10	0.01471	-1904.795594	False
240.0	4.0	0.007612	-0.0006653	0.01452	-1905.15043	False
240.0	8.0	0.007329	-0.001416	0.01406	-1905.780403	False
240.0	12.0	0.004775	-0.0009497	0.009983	-1907.204189	False
240.0	16.0	0.005424	-0.00181	0.01061	-1908.766457	False
240.0	20.0	0.006492	-0.002323	0.009952	-1910.199997	False
240.0	24.0	0.005335	-0.002435	0.01007	-1910.857972	False
240.0	28.0	0.008516	-0.004981	0.01189	-1909.914098	False
240.0	32.0	0.006315	-0.004155	0.01084	-1906.916848	False
240.0	36.0	0.005845	-0.004146	0.01054	-1904.271775	False
240.0	40.0	0.005481	-0.004304	0.0107	-1901.277946	False
240.0	44.0	0.005606	-0.004492	0.01167	-1898.462315	False
240.0	48.0	0.00632	-0.004965	0.0122	-1896.235196	False
240.0	52.0	0.006409	-0.004887	0.01179	-1893.683299	False
240.0	56.0	0.006187	-0.005146	0.01177	-1891.237327	False
240.0	60.0	0.006093	-0.004824	0.01131	-1888.964484	False
244.0	0.0	0.004029	-5.15e-09	0.01462	-1905.022695	False
244.0	4.0	0.007368	-0.0006346	0.01443	-1905.409619	False
244.0	8.0	0.007185	-0.001431	0.01394	-1906.072742	False
244.0	12.0	0.004578	-0.0008182	0.009651	-1907.386356	False
244.0	16.0	0.005267	-0.001834	0.01059	-1908.827178	False
244.0	20.0	0.006189	-0.002168	0.009751	-1910.302392	False
244.0	24.0	0.005001	-0.002226	0.009761	-1911.20347	False
244.0	28.0	0.008688	-0.00489	0.01157	-1910.549189	False
244.0	32.0	0.006401	-0.00415	0.01105	-1907.774066	False
244.0	36.0	0.005767	-0.003992	0.01023	-1905.249759	False
244.0	40.0	0.005441	-0.004139	0.01039	-1902.388576	False
244.0	44.0	0.005408	-0.004304	0.01107	-1899.398951	False
244.0	48.0	0.006129	-0.004811	0.01208	-1897.245672	False
244.0	52.0	0.006333	-0.004797	0.01172	-1894.773929	False
244.0	56.0	0.006157	-0.005064	0.01167	-1892.295668	False
244.0	60.0	0.006025	-0.00489	0.01133	-1889.99798	False
248.0	0.0	0.003975	-4.054e-09	0.01451	-1905.314353	False
248.0	4.0	0.007095	-0.0005967	0.01431	-1905.715435	False
248.0	8.0	0.006992	-0.001436	0.01379	-1906.402069	False
248.0	12.0	0.00439	-0.0007193	0.009386	-1907.577282	False
248.0	16.0	0.005108	-0.001836	0.01054	-1908.90925	False
248.0	20.0	0.005879	-0.002013	0.009573	-1910.40174	False
248.0	24.0	0.004764	-0.002053	0.009512	-1911.496132	False
248.0	28.0	0.005655	-0.002983	0.009996	-1910.972552	False
248.0	32.0	0.006523	-0.004252	0.01128	-1908.624079	False
248.0	36.0	0.005668	-0.003886	0.01003	-1906.161692	False
248.0	40.0	0.005416	-0.003985	0.01007	-1903.503717	False
248.0	44.0	0.005345	-0.00422	0.0105	-1900.404889	False
248.0	48.0	0.005884	-0.004553	0.01181	-1898.22593	False
248.0	52.0	0.006232	-0.004746	0.01169	-1895.863008	False
248.0	56.0	0.006033	-0.004821	0.01144	-1893.361882	False
248.0	60.0	0.006077	-0.004963	0.01139	-1891.071961	False
252.0	0.0	0.003925	4.103e-09	0.0144	-1905.629826	False
252.0	4.0	0.006809	-0.0005547	0.0142	-1906.016794	False
252.0	8.0	0.006782	-0.001434	0.01364	-1906.719732	False
252.0	12.0	0.004181	-0.0006473	0.009175	-1907.764998	False
252.0	16.0	0.00492	-0.001789	0.01042	-1908.987109	False
252.0	20.0	0.005556	-0.001862	0.009425	-1910.471436	False
252.0	24.0	0.004569	-0.001893	0.009302	-1911.725336	False
252.0	28.0	0.005352	-0.002779	0.009689	-1911.576546	False
252.0	32.0	0.006656	-0.004386	0.01138	-1909.431665	False
252.0	36.0	0.005651	-0.003869	0.009947	-1906.956785	False
252.0	40.0	0.005398	-0.003857	0.009802	-1904.552467	False
252.0	44.0	0.005294	-0.004075	0.01004	-1901.482644	False
252.0	48.0	0.005602	-0.004263	0.01138	-1899.165837	False
252.0	52.0	0.006101	-0.004689	0.01165	-1896.922381	False
252.0	56.0	0.005778	-0.003468	0.01132	-1894.007991	False
252.0	60.0	0.006181	-0.004988	0.01143	-1892.1444	False
256.0	0.0	0.003878	-2.401e-09	0.01429	-1906.006159	False
256.0	4.0	0.006544	-0.0005107	0.01409	-1906.338964	False
256.0	8.0	0.006556	-0.00142	0.01347	-1907.056566	False
256.0	12.0	0.00676	-0.002234	0.01255	-1907.832382	False
256.0	16.0	0.00469	-0.001686	0.01023	-1909.084049	False
256.0	20.0	0.00522	-0.001736	0.009322	-1910.542552	False
256.0	24.0	0.00439	-0.001746	0.009129	-1911.921846	False
256.0	28.0	0.005013	-0.00255	0.009386	-1912.11274	False
256.0	32.0	0.00676	-0.004462	0.01127	-1910.234146	False
256.0	36.0	0.005698	-0.003918	0.009938	-1907.671885	False
256.0	40.0	0.005407	-0.003785	0.009623	-1905.536772	False
256.0	44.0	0.005265	-0.003936	0.009709	-1902.594607	False
256.0	48.0	0.005388	-0.004039	0.01088	-1900.078948	False
256.0	52.0	0.005942	-0.004567	0.01155	-1897.955466	False
256.0	56.0	0.006041	-0.004561	0.01132	-1895.506898	False
256.0	60.0	0.006173	-0.004863	0.01129	-1893.209956	False
260.0	0.0	0.003835	4.152e-09	0.01421	-1906.437937	False
260.0	4.0	0.006302	-0.000464	0.01403	-1906.65938	False
260.0	8.0	0.006325	-0.001396	0.01329	-1907.38659	False
260.0	12.0	0.006437	-0.002058	0.01225	-1908.230989	False
260.0	16.0	0.004405	-0.001525	0.009938	-1909.194962	False
260.0	20.0	0.004909	-0.001667	0.009293	-1910.60994	False
260.0	24.0	0.004208	-0.001611	0.008984	-1912.079404	False
260.0	28.0	0.004668	-0.002306	0.009101	-1912.56927	False
260.0	32.0	0.006832	-0.004422	0.01093	-1910.998778	False
260.0	36.0	0.005738	-0.003974	0.009995	-1908.312836	False
260.0	40.0	0.005523	-0.003808	0.009564	-1906.414757	False
260.0	44.0	0.005256	-0.003819	0.00943	-1903.673294	False
260.0	48.0	0.00521	-0.003873	0.01037	-1900.97759	False
260.0	52.0	0.005721	-0.004343	0.01129	-1898.943974	False
260.0	56.0	0.005966	-0.004527	0.0113	-1896.571463	False
260.0	60.0	0.005662	-0.003504	0.01113	-1893.900863	False
264.0	0.0	0.004829	1.645e-08	0.02063	-1907.286652	False
264.0	4.0	0.006168	-0.0004189	0.01406	-1907.01053	False
264.0	8.0	0.006096	-0.001369	0.01311	-1907.728658	False
264.0	12.0	0.006087	-0.001882	0.01196	-1908.625254	False
264.0	16.0	0.004127	-0.001338	0.009617	-1909.304547	False
264.0	20.0	0.004673	-0.001666	0.009365	-1910.671848	False
264.0	24.0	0.004035	-0.001493	0.008866	-1912.20045	False
264.0	28.0	0.004366	-0.002074	0.008865	-1912.947882	False
264.0	32.0	0.005137	-0.002932	0.009555	-1911.559125	False
264.0	36.0	0.005688	-0.00396	0.0102	-1908.946058	False
264.0	40.0	0.005783	-0.003938	0.009614	-1907.183978	False
264.0	44.0	0.005302	-0.00376	0.009237	-1904.687182	False
264.0	48.0	0.005068	-0.003751	0.009916	-1901.879536	False
264.0	52.0	0.005514	-0.0041	0.01089	-1899.898599	False
264.0	56.0	0.005848	-0.004466	0.01123	-1897.613235	False
264.0	60.0	0.005693	-0.003501	0.01096	-1894.86881	False
268.0	0.0	0.004748	-2.119e-08	0.02046	-1908.869888	False
268.0	4.0	0.006665	-0.0005123	0.01428	-1907.411602	False
268.0	8.0	0.005881	-0.001344	0.01295	-1908.070397	False
268.0	12.0	0.005723	-0.001717	0.01167	-1909.020063	False
268.0	16.0	0.006598	-0.003273	0.01322	-1909.530971	False
268.0	20.0	0.004483	-0.001692	0.00947	-1910.738433	False
268.0	24.0	0.003887	-0.001401	0.008781	-1912.275325	False
268.0	28.0	0.004118	-0.001862	0.00868	-1913.2577	False
268.0	32.0	0.004996	-0.002755	0.009271	-1912.313551	False
268.0	36.0	0.005703	-0.003933	0.0106	-1909.658121	False
268.0	40.0	0.006104	-0.004113	0.009689	-1907.854826	False
268.0	44.0	0.005404	-0.003777	0.009153	-1905.61559	False
268.0	48.0	0.005027	-0.003636	0.009393	-1902.819064	False
268.0	52.0	0.005357	-0.003882	0.01041	-1900.819614	False
268.0	56.0	0.005681	-0.004333	0.01104	-1898.632378	False
268.0	60.0	0.005707	-0.004402	0.011	-1896.234462	False
272.0	0.0	0.00466	-2.814e-09	0.02021	-1910.446111	False
272.0	4.0	0.004771	-0.002535	0.01996	-1909.095894	False
272.0	8.0	0.005701	-0.001325	0.01282	-1908.4133	False
272.0	12.0	0.005404	-0.001577	0.01144	-1909.399497	False
272.0	16.0	0.006807	-0.003402	0.01323	-1909.986229	False
272.0	20.0	0.004337	-0.001712	0.009562	-1910.799457	False
272.0	24.0	0.003737	-0.001322	0.008705	-1912.318294	False
272.0	28.0	0.003947	-0.001689	0.008549	-1913.502516	False
272.0	32.0	0.004868	-0.002584	0.009015	-1912.963102	False
272.0	36.0	0.005834	-0.004006	0.01058	-1910.478025	False
272.0	40.0	0.006379	-0.004266	0.009709	-1908.449435	False
272.0	44.0	0.005583	-0.003877	0.009177	-1906.442824	False
272.0	48.0	0.005112	-0.003561	0.00895	-1903.779302	False
272.0	52.0	0.005711	-0.004415	0.02445	-1901.196225	False
272.0	56.0	0.006364	-0.004814	0.02506	-1902.88127	False
272.0	60.0	0.008483	-0.003192	0.02605	-1904.829416	False
276.0	0.0	0.004572	-1.854e-08	0.01992	-1912.007649	False
276.0	4.0	0.004691	-0.002507	0.01976	-1910.691641	False
276.0	8.0	0.005555	-0.001327	0.01275	-1908.756974	False
276.0	12.0	0.003967	-0.001042	0.01018	-1909.574793	False
276.0	16.0	0.00691	-0.003469	0.01313	-1910.435767	False
276.0	20.0	0.004198	-0.001698	0.009585	-1910.86239	False
276.0	24.0	0.003608	-0.00126	0.008651	-1912.320621	False
276.0	28.0	0.003851	-0.00156	0.008463	-1913.685348	False
276.0	32.0	0.004724	-0.002415	0.008785	-1913.511407	False
276.0	36.0	0.005966	-0.004042	0.01032	-1911.302138	False
276.0	40.0	0.006483	-0.004325	0.009611	-1908.990954	False
276.0	44.0	0.005809	-0.004031	0.009267	-1907.172993	False
276.0	48.0	0.005186	-0.003526	0.008665	-1904.706059	False
276.0	52.0	0.005556	-0.004369	0.02416	-1902.181587	False
276.0	56.0	0.006017	-0.004755	0.02443	-1903.663173	False
276.0	60.0	0.007221	-0.004363	0.02469	-1905.563592	False
280.0	0.0	0.004483	-7.33e-10	0.0196	-1913.54395	False
280.0	4.0	0.004599	-0.002458	0.01947	-1912.26912	False
280.0	8.0	0.005482	-0.001637	0.02021	-1910.330708	False
280.0	12.0	0.004853	-0.001363	0.01104	-1910.137784	False
280.0	16.0	0.006955	-0.003501	0.013	-1910.862724	False
280.0	20.0	0.004685	-0.002215	0.01082	-1911.247773	False
280.0	24.0	0.003503	-0.001212	0.008627	-1912.286699	False
280.0	28.0	0.003814	-0.00147	0.008403	-1913.809292	False
280.0	32.0	0.004596	-0.002259	0.008586	-1913.961463	False
280.0	36.0	0.006092	-0.004023	0.00998	-1912.084001	False
280.0	40.0	0.006368	-0.004276	0.009426	-1909.502107	False
280.0	44.0	0.006037	-0.004174	0.009334	-1907.812233	False
280.0	48.0	0.005248	-0.003547	0.00852	-1905.559464	False
280.0	52.0	0.005445	-0.004398	0.02405	-1903.20581	False
280.0	56.0	0.005736	-0.004644	0.02379	-1904.481769	False
280.0	60.0	0.006655	-0.004645	0.02426	-1906.274717	False
284.0	0.0	0.004388	2.243e-08	0.01923	-1915.078332	False
284.0	4.0	0.004507	-0.002399	0.01915	-1913.838036	False
284.0	8.0	0.005414	-0.0016	0.02003	-1911.961703	False
284.0	12.0	0.004634	-0.001286	0.01088	-1910.501102	False
284.0	16.0	0.006886	-0.003456	0.01276	-1911.2864	False
284.0	20.0	0.004687	-0.00215	0.0107	-1911.694899	False
284.0	24.0	0.004626	-0.002148	0.009586	-1912.624945	False
284.0	28.0	0.003803	-0.001412	0.008352	-1913.895969	False
284.0	32.0	0.004501	-0.002113	0.008412	-1914.330792	False
284.0	36.0	0.005623	-0.003296	0.009343	-1912.64667	False
284.0	40.0	0.005993	-0.004109	0.009263	-1910.010642	False
284.0	44.0	0.006225	-0.004271	0.009329	-1908.390225	False
284.0	48.0	0.005317	-0.003633	0.008504	-1906.322847	False
284.0	52.0	0.005362	-0.004445	0.02395	-1904.257113	False
284.0	56.0	0.005513	-0.004507	0.0232	-1905.336677	False
284.0	60.0	0.006225	-0.004748	0.02382	-1906.983453	False
288.0	0.0	0.004292	1.116e-08	0.01884	-1916.604791	False
288.0	4.0	0.004405	-0.002316	0.01876	-1915.399786	False
288.0	8.0	0.005354	-0.001594	0.01986	-1913.572532	False
288.0	12.0	0.004455	-0.001225	0.01074	-1910.857472	False
288.0	16.0	0.006747	-0.003363	0.01248	-1911.700366	False
288.0	20.0	0.004721	-0.002114	0.01059	-1912.159028	False
288.0	24.0	0.004724	-0.002378	0.0102	-1912.855312	False
288.0	28.0	0.003813	-0.001378	0.008308	-1913.944778	False
288.0	32.0	0.004487	-0.001972	0.008271	-1914.623316	False
288.0	36.0	0.005781	-0.003249	0.009172	-1913.380471	False
288.0	40.0	0.005386	-0.003865	0.009941	-1910.60967	False
288.0	44.0	0.006316	-0.004284	0.009211	-1908.917099	False
288.0	48.0	0.005398	-0.003759	0.008563	-1906.995119	False
288.0	52.0	0.005274	-0.004471	0.02371	-1905.339408	False
288.0	56.0	0.005321	-0.004392	0.02269	-1906.249778	False
288.0	60.0	0.005854	-0.004712	0.02319	-1907.715556	False
292.0	0.0	0.004212	-5.472e-09	0.01849	-1918.093649	False
292.0	4.0	0.004318	-0.002252	0.01842	-1916.928349	False
292.0	8.0	0.005292	-0.001589	0.01965	-1915.156935	False
292.0	12.0	0.004299	-0.001172	0.01061	-1911.212848	False
292.0	16.0	0.006564	-0.003239	0.01217	-1912.094447	False
292.0	20.0	0.004788	-0.002122	0.01053	-1912.618312	False
292.0	24.0	0.00479	-0.002545	0.01054	-1913.151335	False
292.0	28.0	0.004706	-0.002388	0.008946	-1914.221353	False
292.0	32.0	0.004506	-0.001801	0.008146	-1914.879553	False
292.0	36.0	0.00588	-0.003151	0.009003	-1914.021664	False
292.0	40.0	0.005568	-0.003978	0.009946	-1911.467435	False
292.0	44.0	0.006289	-0.004224	0.008998	-1909.424487	False
292.0	48.0	0.005487	-0.003882	0.008615	-1907.59994	False
292.0	52.0	0.005169	-0.004436	0.02325	-1906.427197	False
292.0	56.0	0.005193	-0.004353	0.02242	-1907.18096	False
292.0	60.0	0.00556	-0.004633	0.02258	-1908.467202	False
296.0	0.0	0.004123	6.074e-08	0.01809	-1919.569803	False
296.0	4.0	0.004228	-0.00218	0.01804	-1918.439184	False
296.0	8.0	0.005237	-0.001591	0.01945	-1916.714792	False
296.0	12.0	0.004319	-0.002209	0.01487	-1913.733004	False
296.0	16.0	0.006347	-0.003094	0.01187	-1912.476129	False
296.0	20.0	0.004886	-0.002174	0.01051	-1913.070261	False
296.0	24.0	0.004852	-0.002648	0.01066	-1913.505952	False
296.0	28.0	0.004819	-0.00256	0.009356	-1914.510016	False
296.0	32.0	0.004543	-0.001608	0.008051	-1915.128249	False
296.0	36.0	0.005854	-0.002967	0.008815	-1914.58862	False
296.0	40.0	0.005778	-0.00402	0.009808	-1912.318998	False
296.0	44.0	0.006131	-0.00411	0.008735	-1909.911863	False
296.0	48.0	0.005553	-0.003941	0.008572	-1908.162103	False
296.0	52.0	0.00504	-0.004325	0.02253	-1907.524947	False
296.0	56.0	0.005107	-0.004371	0.0223	-1908.141455	False
296.0	60.0	0.005327	-0.004524	0.02201	-1909.250806	False
300.0	0.0	0.004041	6.949e-09	0.01771	-1921.024516	False
300.0	4.0	0.004143	-0.00211	0.01767	-1919.929791	False
300.0	8.0	0.005183	-0.001607	0.01924	-1918.247894	False
300.0	12.0	0.004233	-0.002214	0.01481	-1915.356435	False
300.0	16.0	0.006109	-0.002936	0.01156	-1912.847319	False
300.0	20.0	0.005003	-0.002259	0.01052	-1913.504226	False
300.0	24.0	0.0049	-0.002688	0.01063	-1913.904046	False
300.0	28.0	0.004842	-0.002663	0.009612	-1914.807716	False
300.0	32.0	0.004596	-0.001456	0.008013	-1915.379179	False
300.0	36.0	0.005787	-0.002729	0.008634	-1915.088716	False
300.0	40.0	0.006198	-0.003758	0.009927	-1912.796752	False
300.0	44.0	0.005872	-0.003996	0.008514	-1910.378688	False
300.0	48.0	0.00561	-0.003941	0.008444	-1908.690957	False
300.0	52.0	0.004904	-0.004158	0.02166	-1908.622117	False
300.0	56.0	0.005033	-0.004404	0.02217	-1909.130964	False
300.0	60.0	0.005145	-0.004421	0.02153	-1910.069054	False
304.0	0.0	0.003962	7.061e-08	0.01733	-1922.456783	False
304.0	4.0	0.004056	-0.002036	0.01727	-1921.400626	False
304.0	8.0	0.005121	-0.001606	0.01898	-1919.758717	False
304.0	12.0	0.004164	-0.002223	0.01475	-1916.95955	False
304.0	16.0	0.005848	-0.002768	0.01127	-1913.206947	False
304.0	20.0	0.00513	-0.002365	0.01057	-1913.920404	False
304.0	24.0	0.004928	-0.0027	0.01054	-1914.328399	False
304.0	28.0	0.004828	-0.00274	0.009795	-1915.107385	False
304.0	32.0	0.00463	-0.001373	0.008002	-1915.633687	False
304.0	36.0	0.005655	-0.002437	0.008441	-1915.559358	False
304.0	40.0	0.00636	-0.003712	0.009841	-1913.655532	False
304.0	44.0	0.005455	-0.003886	0.00845	-1910.842729	False
304.0	48.0	0.004468	-0.002971	0.01836	-1909.468275	False
304.0	52.0	0.004761	-0.003948	0.02071	-1909.723995	False
304.0	56.0	0.004953	-0.004418	0.02194	-1910.143784	False
304.0	60.0	0.005001	-0.004347	0.02116	-1910.928691	False
308.0	0.0	0.003892	1.478e-08	0.01698	-1923.834611	False
308.0	4.0	0.00398	-0.001972	0.01692	-1922.81543	False
308.0	8.0	0.005039	-0.001567	0.01863	-1921.215939	False
308.0	12.0	0.004093	-0.002216	0.01465	-1918.517286	False
308.0	16.0	0.00522	-0.00238	0.01473	-1915.150278	False
308.0	20.0	0.005251	-0.002478	0.01062	-1914.296923	False
308.0	24.0	0.004923	-0.002691	0.01043	-1914.730657	False
308.0	28.0	0.004786	-0.002773	0.009895	-1915.38249	False
308.0	32.0	0.005291	-0.002659	0.00891	-1916.059728	False
308.0	36.0	0.00558	-0.00219	0.008282	-1915.978591	False
308.0	40.0	0.006315	-0.003531	0.009676	-1914.414237	False
308.0	44.0	0.004872	-0.003687	0.009573	-1911.674167	False
308.0	48.0	0.004256	-0.002684	0.01737	-1910.54583	False
308.0	52.0	0.004634	-0.003733	0.01978	-1910.776643	False
308.0	56.0	0.004862	-0.004385	0.02153	-1911.13267	False
308.0	60.0	0.004891	-0.004321	0.02091	-1911.789362	False
312.0	0.0	0.003818	6.465e-08	0.01661	-1925.222725	False
312.0	4.0	0.003903	-0.001906	0.01655	-1924.237365	False
312.0	8.0	0.004972	-0.001549	0.01832	-1922.667141	False
312.0	12.0	0.004045	-0.002229	0.01459	-1920.063593	False
312.0	16.0	0.004757	-0.001798	0.01339	-1916.758432	False
312.0	20.0	0.005331	-0.00257	0.01065	-1914.67572	False
312.0	24.0	0.00486	-0.00264	0.01029	-1915.151735	False
312.0	28.0	0.004726	-0.002754	0.009895	-1915.696538	False
312.0	32.0	0.00529	-0.002806	0.009149	-1916.372356	False
312.0	36.0	0.005543	-0.002012	0.008155	-1916.397238	False
312.0	40.0	0.006098	-0.003242	0.009445	-1915.124768	False
312.0	44.0	0.005029	-0.003678	0.009426	-1912.59165	False
312.0	48.0	0.003996	-0.002348	0.01631	-1911.640485	False
312.0	52.0	0.004495	-0.00351	0.01885	-1911.86054	False
312.0	56.0	0.004752	-0.004293	0.02093	-1912.156578	False
312.0	60.0	0.004814	-0.00433	0.02076	-1912.696556	False
316.0	0.0	0.003742	-9.983e-09	0.01622	-1926.595216	False
316.0	4.0	0.003825	-0.001839	0.01616	-1925.641947	False
316.0	8.0	0.004903	-0.001525	0.01801	-1924.095099	False
316.0	12.0	0.004006	-0.00225	0.01454	-1921.584874	False
316.0	16.0	0.004573	-0.001728	0.01294	-1918.345808	False
316.0	20.0	0.005379	-0.002642	0.01067	-1915.035435	False
316.0	24.0	0.004745	-0.002542	0.01013	-1915.558962	False
316.0	28.0	0.004667	-0.002692	0.009803	-1916.030261	False
316.0	32.0	0.005293	-0.002935	0.009359	-1916.675749	False
316.0	36.0	0.006154	-0.003013	0.008879	-1916.917876	False
316.0	40.0	0.005807	-0.002894	0.009176	-1915.773383	False
316.0	44.0	0.005113	-0.003622	0.00923	-1913.484176	False
316.0	48.0	0.003719	-0.001976	0.0152	-1912.721454	False
316.0	52.0	0.004357	-0.003288	0.01799	-1912.935077	False
316.0	56.0	0.004632	-0.004156	0.02021	-1913.181381	False
316.0	60.0	0.004752	-0.00435	0.02062	-1913.625266	False
320.0	0.0	0.003669	-2e-09	0.01584	-1927.943765	False
320.0	4.0	0.003753	-0.001778	0.0158	-1927.019509	False
320.0	8.0	0.004835	-0.001493	0.01769	-1925.492965	False
320.0	12.0	0.003973	-0.002269	0.01448	-1923.078097	False
320.0	16.0	0.004469	-0.001761	0.01271	-1919.904863	False
320.0	20.0	0.008999	-0.009182	0.02833	-1916.443842	False
320.0	24.0	0.004586	-0.002411	0.009939	-1915.954214	False
320.0	28.0	0.004653	-0.002663	0.009723	-1916.378421	False
320.0	32.0	0.005261	-0.003047	0.009488	-1916.977112	False
320.0	36.0	0.006157	-0.003062	0.008978	-1917.298984	False
320.0	40.0	0.00548	-0.002528	0.008881	-1916.367601	False
320.0	44.0	0.005128	-0.003539	0.009024	-1914.340589	False
320.0	48.0	0.003471	-0.001594	0.01409	-1913.791755	False
320.0	52.0	0.004198	-0.003052	0.01714	-1913.99772	False
320.0	56.0	0.0045	-0.003972	0.01938	-1914.209996	False
320.0	60.0	0.004686	-0.004358	0.0204	-1914.567454	False
324.0	0.0	0.003605	-8.155e-09	0.01549	-1929.262328	False
324.0	4.0	0.003689	-0.001725	0.01547	-1928.368356	False
324.0	8.0	0.004755	-0.001456	0.01732	-1926.85865	False
324.0	12.0	0.003943	-0.002282	0.01442	-1924.529085	False
324.0	16.0	0.004385	-0.001787	0.01253	-1921.416431	False
324.0	20.0	0.009181	-0.00957	0.02883	-1917.990234	False
324.0	24.0	0.004423	-0.002262	0.009757	-1916.308803	False
324.0	28.0	0.004695	-0.002704	0.009718	-1916.713813	False
324.0	32.0	0.005178	-0.003105	0.009481	-1917.274909	False
324.0	36.0	0.006167	-0.003144	0.009079	-1917.637858	False
324.0	40.0	0.005922	-0.003225	0.008677	-1917.083161	False
324.0	44.0	0.004036	-0.002599	0.008742	-1914.951507	False
324.0	48.0	0.003305	-0.001313	0.01321	-1914.839893	False
324.0	52.0	0.004017	-0.002786	0.01625	-1915.044121	False
324.0	56.0	0.004375	-0.003756	0.01852	-1915.226309	False
324.0	60.0	0.004599	-0.004312	0.02001	-1915.525117	False
328.0	0.0	0.003539	-5.517e-09	0.01513	-1930.567606	False
328.0	4.0	0.00362	-0.001667	0.01511	-1929.705061	False
328.0	8.0	0.004672	-0.001405	0.01693	-1928.211538	False
328.0	12.0	0.003916	-0.002301	0.01436	-1925.971964	False
328.0	16.0	0.004317	-0.001825	0.01239	-1922.92326	False
328.0	20.0	0.00926	-0.009764	0.02898	-1919.538531	False
328.0	24.0	0.004287	-0.00215	0.009611	-1916.67322	False
328.0	28.0	0.004777	-0.002814	0.009802	-1917.060892	False
328.0	32.0	0.005062	-0.003079	0.009339	-1917.586739	False
328.0	36.0	0.006171	-0.003268	0.00918	-1917.967459	False
328.0	40.0	0.005984	-0.003233	0.008711	-1917.592757	False
328.0	44.0	0.005101	-0.003403	0.008725	-1915.899541	False
328.0	48.0	0.003349	-0.00154	0.01352	-1915.856226	False
328.0	52.0	0.003803	-0.002496	0.01534	-1916.080869	False
328.0	56.0	0.004244	-0.003541	0.01768	-1916.243551	False
328.0	60.0	0.004499	-0.004228	0.01949	-1916.489996	False
332.0	0.0	0.003478	-1.265e-08	0.0148	-1931.853572	False
332.0	4.0	0.003557	-0.001613	0.01478	-1931.019379	False
332.0	8.0	0.004594	-0.001353	0.01656	-1929.542491	False
332.0	12.0	0.003895	-0.002323	0.0143	-1927.391775	False
332.0	16.0	0.004257	-0.001859	0.01226	-1924.406791	False
332.0	20.0	0.009318	-0.00991	0.02904	-1921.06368	False
332.0	24.0	0.005783	-0.004601	0.01885	-1917.92366	False
332.0	28.0	0.004862	-0.002954	0.009933	-1917.402	False
332.0	32.0	0.004906	-0.00296	0.009087	-1917.913228	False
332.0	36.0	0.006183	-0.003414	0.009279	-1918.279184	False
332.0	40.0	0.006081	-0.003301	0.008787	-1918.05783	False
332.0	44.0	0.004135	-0.003118	0.01714	-1916.605533	False
332.0	48.0	0.003487	-0.001967	0.01422	-1916.858215	False
332.0	52.0	0.003564	-0.002156	0.01434	-1917.112106	False
332.0	56.0	0.004107	-0.003323	0.01686	-1917.257913	False
332.0	60.0	0.004389	-0.004102	0.01886	-1917.457779	False
336.0	0.0	0.003416	6.698e-08	0.01446	-1933.120464	False
336.0	4.0	0.003499	-0.001566	0.01447	-1932.310883	False
336.0	8.0	0.004514	-0.001299	0.01619	-1930.847846	False
336.0	12.0	0.003868	-0.002336	0.01421	-1928.788079	False
336.0	16.0	0.004196	-0.001892	0.01214	-1925.868212	False
336.0	20.0	0.009284	-0.00991	0.02881	-1922.57108	False
336.0	24.0	0.005959	-0.004866	0.01935	-1919.448814	False
336.0	28.0	0.004921	-0.003087	0.01007	-1917.734684	False
336.0	32.0	0.004736	-0.002793	0.008793	-1918.241996	False
336.0	36.0	0.00614	-0.003535	0.009314	-1918.587201	False
336.0	40.0	0.00619	-0.003407	0.008894	-1918.482239	False
336.0	44.0	0.004158	-0.003191	0.01712	-1917.665501	False
336.0	48.0	0.003609	-0.002325	0.01475	-1917.860382	False
336.0	52.0	0.00334	-0.001799	0.0133	-1918.129083	False
336.0	56.0	0.003961	-0.003096	0.01606	-1918.261839	False
336.0	60.0	0.004264	-0.003936	0.01812	-1918.432359	False
340.0	0.0	0.003355	3.816e-09	0.01412	-1934.375457	False
340.0	4.0	0.003435	-0.001514	0.01414	-1933.593787	False
340.0	8.0	0.004435	-0.001248	0.01581	-1932.138367	False
340.0	12.0	0.003854	-0.002368	0.01417	-1930.161038	False
340.0	16.0	0.004148	-0.001931	0.01206	-1927.302317	False
340.0	20.0	0.009216	-0.009837	0.02845	-1924.054312	False
340.0	24.0	0.006172	-0.005187	0.01996	-1920.94849	False
340.0	28.0	0.004956	-0.003203	0.01022	-1918.055571	False
340.0	32.0	0.004592	-0.00264	0.008543	-1918.562959	False
340.0	36.0	0.006008	-0.003567	0.009226	-1918.899569	False
340.0	40.0	0.006268	-0.003526	0.009005	-1918.877808	False
340.0	44.0	0.004165	-0.003235	0.01705	-1918.722513	False
340.0	48.0	0.003708	-0.002594	0.01512	-1918.862591	False
340.0	52.0	0.003162	-0.001485	0.01235	-1919.140124	False
340.0	56.0	0.003798	-0.002856	0.01527	-1919.258024	False
340.0	60.0	0.004147	-0.003757	0.01738	-1919.397135	False
344.0	0.0	0.003297	-7.882e-10	0.0138	-1935.606957	False
344.0	4.0	0.003376	-0.001465	0.01382	-1934.849512	False
344.0	8.0	0.00436	-0.001198	0.01546	-1933.396792	False
344.0	12.0	0.003836	-0.002386	0.01409	-1931.505259	False
344.0	16.0	0.004105	-0.001972	0.01199	-1928.707817	False
344.0	20.0	0.009066	-0.009619	0.02783	-1925.512153	False
344.0	24.0	0.006404	-0.005545	0.02064	-1922.421969	False
344.0	28.0	0.004304	-0.00338	0.01462	-1919.594579	False
344.0	32.0	0.004471	-0.002524	0.008359	-1918.864762	False
344.0	36.0	0.005829	-0.003506	0.009034	-1919.206976	False
344.0	40.0	0.006356	-0.003679	0.009143	-1919.244222	False
344.0	44.0	0.004161	-0.003258	0.01695	-1919.76939	False
344.0	48.0	0.003786	-0.002791	0.01537	-1919.856671	False
344.0	52.0	0.003019	-0.001202	0.01152	-1920.11732	False
344.0	56.0	0.003615	-0.002594	0.01444	-1920.239488	False
344.0	60.0	0.004026	-0.003567	0.01664	-1920.356098	False
348.0	0.0	0.003242	1.54e-09	0.01349	-1936.81404	False
348.0	4.0	0.003321	-0.001423	0.01353	-1936.080952	False
348.0	8.0	0.004288	-0.001172	0.01515	-1934.633357	False
348.0	12.0	0.003814	-0.002392	0.014	-1932.822677	False
348.0	16.0	0.004059	-0.002008	0.01192	-1930.087951	False
348.0	20.0	0.00889	-0.009348	0.02712	-1926.944608	False
348.0	24.0	0.006654	-0.005946	0.02138	-1923.872437	False
348.0	28.0	0.004355	-0.003379	0.01464	-1921.049576	False
348.0	32.0	0.004368	-0.002449	0.008253	-1919.160848	False
348.0	36.0	0.00558	-0.003344	0.008725	-1919.533053	False
348.0	40.0	0.006416	-0.003831	0.009262	-1919.605031	False
348.0	44.0	0.004141	-0.003262	0.01678	-1920.812066	False
348.0	48.0	0.003844	-0.002931	0.01553	-1920.848743	False
348.0	52.0	0.003211	-0.001776	0.01262	-1921.069886	False
348.0	56.0	0.00341	-0.002281	0.01352	-1921.214726	False
348.0	60.0	0.003896	-0.003358	0.01589	-1921.310526	False
352.0	0.0	0.003192	4.293e-09	0.01321	-1938.004912	False
352.0	4.0	0.003269	-0.00138	0.01325	-1937.2963	False
352.0	8.0	0.00425	-0.001299	0.01512	-1935.856311	False
352.0	12.0	0.003789	-0.002393	0.01389	-1934.122734	False
352.0	16.0	0.004006	-0.002038	0.01183	-1931.451382	False
352.0	20.0	0.008637	-0.008965	0.02617	-1928.364077	False
352.0	24.0	0.006891	-0.006368	0.0221	-1925.311802	False
352.0	28.0	0.004411	-0.003384	0.01469	-1922.494899	False
352.0	32.0	0.003748	-0.003245	0.01342	-1920.014584	False
352.0	36.0	0.005316	-0.003133	0.008371	-1919.863475	False
352.0	40.0	0.006454	-0.003958	0.009317	-1919.969509	False
352.0	44.0	0.00411	-0.003251	0.01659	-1921.856318	False
352.0	48.0	0.003881	-0.003032	0.01561	-1921.845276	False
352.0	52.0	0.003329	-0.002117	0.01316	-1922.020792	False
352.0	56.0	0.003205	-0.001948	0.01254	-1922.194154	False
352.0	60.0	0.003755	-0.00314	0.01514	-1922.266805	False
356.0	0.0	0.00314	-3.987e-09	0.01291	-1939.179679	False
356.0	4.0	0.003216	-0.001337	0.01296	-1938.493151	False
356.0	8.0	0.004265	-0.001621	0.01545	-1937.055651	False
356.0	12.0	0.003764	-0.002389	0.01378	-1935.395173	False
356.0	16.0	0.00396	-0.002073	0.01177	-1932.787131	False
356.0	20.0	0.008316	-0.008446	0.02501	-1929.756973	False
356.0	24.0	0.007138	-0.00678	0.02284	-1926.723619	False
356.0	28.0	0.004475	-0.003395	0.01477	-1923.911693	False
356.0	32.0	0.003756	-0.003226	0.01326	-1921.421209	False
356.0	36.0	0.005063	-0.002919	0.008019	-1920.185894	False
356.0	40.0	0.006426	-0.004009	0.00925	-1920.339258	False
356.0	44.0	0.00408	-0.003238	0.01641	-1922.888716	False
356.0	48.0	0.0039	-0.003095	0.01562	-1922.835624	False
356.0	52.0	0.003431	-0.002389	0.01357	-1922.962785	False
356.0	56.0	0.003031	-0.001633	0.01161	-1923.156904	False
356.0	60.0	0.003602	-0.002902	0.01438	-1923.209401	False
360.0	0.0	0.003088	-1.744e-09	0.01262	-1940.329847	False
360.0	4.0	0.003167	-0.0013	0.01269	-1939.662261	False
360.0	8.0	0.004254	-0.001901	0.0156	-1938.235331	False
360.0	12.0	0.003741	-0.002392	0.01366	-1936.646631	False
360.0	16.0	0.003912	-0.002109	0.0117	-1934.097718	False
360.0	20.0	0.007921	-0.007816	0.02363	-1931.12691	False
360.0	24.0	0.007388	-0.007202	0.02359	-1928.107612	False
360.0	28.0	0.004544	-0.00343	0.01488	-1925.309837	False
360.0	32.0	0.003759	-0.003203	0.01312	-1922.809791	False
360.0	36.0	0.004844	-0.002728	0.007711	-1920.471669	False
360.0	40.0	0.006338	-0.003972	0.009082	-1920.683611	False
360.0	44.0	0.004048	-0.00321	0.01621	-1923.89205	False
360.0	48.0	0.003919	-0.00314	0.01562	-1923.789324	False
360.0	52.0	0.003521	-0.002597	0.01387	-1923.871549	False
360.0	56.0	0.002878	-0.001313	0.01069	-1924.077149	False
360.0	60.0	0.003413	-0.002619	0.01353	-1924.126832	False
364.0	0.0	0.003038	1.748e-09	0.01234	-1941.466989	False
364.0	4.0	0.003115	-0.00126	0.01241	-1940.820944	False
364.0	8.0	0.00423	-0.002112	0.01561	-1939.403562	False
364.0	12.0	0.003715	-0.002383	0.01353	-1937.878894	False
364.0	16.0	0.003863	-0.002142	0.01164	-1935.390743	False
364.0	20.0	0.007453	-0.007046	0.02203	-1932.47897	False
364.0	24.0	0.007597	-0.007563	0.0242	-1929.479135	False
364.0	28.0	0.004619	-0.003473	0.01502	-1926.697135	False
364.0	32.0	0.003763	-0.003182	0.01299	-1924.190984	False
364.0	36.0	0.003521	-0.003245	0.01297	-1922.038772	False
364.0	40.0	0.004107	-0.002662	0.01644	-1925.247805	False
364.0	44.0	0.004007	-0.003164	0.016	-1924.914616	False
364.0	48.0	0.003912	-0.003171	0.01555	-1924.77137	False
364.0	52.0	0.003584	-0.002757	0.01409	-1924.808798	False
364.0	56.0	0.002809	-0.001211	0.01039	-1924.975429	False
364.0	60.0	0.00323	-0.002328	0.01265	-1925.061455	False
368.0	0.0	0.002994	-4.201e-08	0.01209	-1942.581264	False
368.0	4.0	0.003071	-0.001226	0.01217	-1941.955858	False
368.0	8.0	0.004181	-0.002251	0.01548	-1940.552281	False
368.0	12.0	0.003687	-0.002365	0.01339	-1939.0888	False
368.0	16.0	0.003816	-0.002173	0.01158	-1936.662325	False
368.0	20.0	0.006905	-0.00614	0.02019	-1933.815709	False
368.0	24.0	0.007794	-0.007911	0.02477	-1930.831263	False
368.0	28.0	0.004707	-0.003537	0.01521	-1928.061817	False
368.0	32.0	0.003771	-0.003154	0.01288	-1925.551033	False
368.0	36.0	0.00352	-0.003181	0.01273	-1923.376977	False
368.0	40.0	0.004068	-0.002563	0.01626	-1926.30049	False
368.0	44.0	0.003972	-0.003106	0.01582	-1925.92735	False
368.0	48.0	0.0039	-0.003189	0.01546	-1925.746231	False
368.0	52.0	0.003636	-0.002876	0.01426	-1925.739364	False
368.0	56.0	0.003094	-0.001959	0.01183	-1925.883465	False
368.0	60.0	0.00306	-0.002027	0.01178	-1925.982174	False
372.0	0.0	0.002947	1.677e-08	0.01183	-1943.682712	False
372.0	4.0	0.003024	-0.001191	0.01192	-1943.075191	False
372.0	8.0	0.004121	-0.002344	0.01527	-1941.683761	False
372.0	12.0	0.003656	-0.002343	0.01324	-1940.274501	False
372.0	16.0	0.003763	-0.002198	0.0115	-1937.907657	False
372.0	20.0	0.006266	-0.005087	0.01809	-1935.123191	False
372.0	24.0	0.007951	-0.008199	0.0252	-1932.163192	False
372.0	28.0	0.004803	-0.003631	0.01543	-1929.407829	False
372.0	32.0	0.003779	-0.003124	0.01278	-1926.894956	False
372.0	36.0	0.003504	-0.003129	0.01249	-1924.705747	False
372.0	40.0	0.004031	-0.002474	0.01609	-1927.338316	False
372.0	44.0	0.003932	-0.003032	0.01563	-1926.931545	False
372.0	48.0	0.003879	-0.003196	0.01534	-1926.710907	False
372.0	52.0	0.003668	-0.002956	0.01435	-1926.663101	False
372.0	56.0	0.003201	-0.002232	0.01228	-1926.763847	False
372.0	60.0	0.002907	-0.001735	0.01092	-1926.891136	False
376.0	0.0	0.002903	2.741e-09	0.01158	-1944.75935	False
376.0	4.0	0.002979	-0.001157	0.01167	-1944.170631	False
376.0	8.0	0.004036	-0.002383	0.01494	-1942.796576	False
376.0	12.0	0.003618	-0.002293	0.01306	-1941.429129	False
376.0	16.0	0.003704	-0.002204	0.01139	-1939.129003	False
376.0	20.0	0.005529	-0.003874	0.01572	-1936.409519	False
376.0	24.0	0.008097	-0.008461	0.02558	-1933.471069	False
376.0	28.0	0.004925	-0.003754	0.01574	-1930.725946	False
376.0	32.0	0.003795	-0.003088	0.01271	-1928.21426	False
376.0	36.0	0.003496	-0.003091	0.01231	-1926.011279	False
376.0	40.0	0.003984	-0.002387	0.01589	-1928.368186	False
376.0	44.0	0.003891	-0.002943	0.01544	-1927.924749	False
376.0	48.0	0.003842	-0.00318	0.01517	-1927.663363	False
376.0	52.0	0.003685	-0.003016	0.01439	-1927.580545	False
376.0	56.0	0.003286	-0.002443	0.01261	-1927.640929	False
376.0	60.0	0.002748	-0.0014	0.009934	-1927.785329	False
380.0	0.0	0.00286	1.602e-08	0.01134	-1945.82673	False
380.0	4.0	0.002935	-0.001124	0.01144	-1945.255435	False
380.0	8.0	0.003963	-0.002417	0.01463	-1943.896573	False
380.0	12.0	0.003581	-0.002256	0.01288	-1942.576468	False
380.0	16.0	0.00365	-0.002226	0.01131	-1940.331091	False
380.0	20.0	0.005482229628469615	-0.004133476582331971	0.016059394871289046	-1937.6546864418492	True
380.0	24.0	0.008187	-0.008645	0.02578	-1934.762293	False
380.0	28.0	0.005057	-0.003917	0.0161	-1932.034913	False
380.0	32.0	0.003807	-0.003055	0.01265	-1929.526319	False
380.0	36.0	0.003472	-0.00305	0.0121	-1927.313733	False
380.0	40.0	0.003943	-0.002313	0.01571	-1929.389981	False
380.0	44.0	0.003859	-0.002853	0.01529	-1928.911725	False
380.0	48.0	0.003804	-0.003158	0.01499	-1928.620892	False
380.0	52.0	0.003697	-0.003063	0.01441	-1928.492165	False
380.0	56.0	0.003352	-0.002602	0.01285	-1928.524883	False
380.0	60.0	0.002798	-0.001583	0.01029	-1928.658614	False
384.0	0.0	0.002813	-1.064e-08	0.01109	-1946.883702	False
384.0	4.0	0.002886	-0.001089	0.01118	-1946.330873	False
384.0	8.0	0.003887	-0.002425	0.01431	-1944.980881	False
384.0	12.0	0.003542	-0.002213	0.01269	-1943.70327	False
384.0	16.0	0.00359	-0.002243	0.01121	-1941.521181	False
384.0	20.0	0.003933	-0.001319	0.01072	-1938.940669	False
384.0	24.0	0.008241	-0.008764	0.02586	-1936.037233	False
384.0	28.0	0.005198	-0.004118	0.0165	-1933.326586	False
384.0	32.0	0.003819	-0.00302	0.01259	-1930.822539	False
384.0	36.0	0.003452	-0.003014	0.01191	-1928.597977	False
384.0	40.0	0.003899	-0.002244	0.01551	-1930.40353	False
384.0	44.0	0.003825	-0.002758	0.01513	-1929.893911	False
384.0	48.0	0.003767	-0.003124	0.01481	-1929.569533	False
384.0	52.0	0.003692	-0.00309	0.01437	-1929.407776	False
384.0	56.0	0.003409	-0.002728	0.01305	-1929.398241	False
384.0	60.0	0.002898	-0.001854	0.01076	-1929.505532	False
388.0	0.0	0.002771	2.506e-08	0.01086	-1947.928605	False
388.0	4.0	0.002844	-0.00106	0.01096	-1947.389566	False
388.0	8.0	0.003812	-0.002428	0.01397	-1946.057401	False
388.0	12.0	0.003504	-0.002171	0.01249	-1944.814928	False
388.0	16.0	0.003536	-0.002262	0.01112	-1942.688309	False
388.0	20.0	0.003817	-0.001389	0.01048	-1940.175568	False
388.0	24.0	0.008274	-0.008845	0.02585	-1937.294968	False
388.0	28.0	0.005356	-0.004353	0.01696	-1934.600554	False
388.0	32.0	0.003848	-0.002993	0.01258	-1932.098943	False
388.0	36.0	0.003436	-0.002981	0.01175	-1929.871676	False
388.0	40.0	0.003844	-0.002176	0.01527	-1931.419568	False
388.0	44.0	0.003795	-0.002667	0.015	-1930.870268	False
388.0	48.0	0.003727	-0.003075	0.01463	-1930.516079	False
388.0	52.0	0.003677	-0.003102	0.01429	-1930.320396	False
388.0	56.0	0.003451	-0.002823	0.0132	-1930.274904	False
388.0	60.0	0.002994	-0.002101	0.01117	-1930.355384	False
392.0	0.0	0.002728	-6.609e-09	0.01063	-1948.959186	False
392.0	4.0	0.0028	-0.001028	0.01073	-1948.435761	False
392.0	8.0	0.003726	-0.002401	0.0136	-1947.119783	False
392.0	12.0	0.003462	-0.002122	0.01229	-1945.909164	False
392.0	16.0	0.003477	-0.002273	0.01101	-1943.841468	False
392.0	20.0	0.003719	-0.00146	0.01028	-1941.386599	False
392.0	24.0	0.008277	-0.008873	0.02575	-1938.534331	False
392.0	28.0	0.005532	-0.004624	0.01749	-1935.853443	False
392.0	32.0	0.003871	-0.002966	0.01256	-1933.362398	False
392.0	36.0	0.003421	-0.002948	0.01159	-1931.12713	False
392.0	40.0	0.003792	-0.002123	0.01504	-1932.421805	False
392.0	44.0	0.003757	-0.002572	0.01484	-1931.84233	False
392.0	48.0	0.003692	-0.003017	0.01446	-1931.454627	False
392.0	52.0	0.003653	-0.003107	0.01418	-1931.228983	False
392.0	56.0	0.003475	-0.00289	0.01328	-1931.150938	False
392.0	60.0	0.003079	-0.002307	0.01151	-1931.197083	False
396.0	0.0	0.002701	-9.118e-09	0.01046	-1949.951368	False
396.0	4.0	0.00277	-0.0009996	0.01056	-1949.443435	False
396.0	8.0	0.003646	-0.00236	0.01326	-1948.146242	False
396.0	12.0	0.003415	-0.002057	0.01206	-1946.968208	False
396.0	16.0	0.003417	-0.002275	0.01091	-1944.952561	False
396.0	20.0	0.003633	-0.001515	0.0101	-1942.556549	False
396.0	24.0	0.00822	-0.008811	0.02546	-1939.729963	False
396.0	28.0	0.005687	-0.004894	0.01796	-1937.066329	False
396.0	32.0	0.003894	-0.002947	0.01256	-1934.579918	False
396.0	36.0	0.003404	-0.002914	0.01145	-1932.338802	False
396.0	40.0	0.003743	-0.002074	0.01482	-1933.397283	False
396.0	44.0	0.003717	-0.00248	0.01467	-1932.7927	False
396.0	48.0	0.003655	-0.002947	0.0143	-1932.373877	False
396.0	52.0	0.003619	-0.003091	0.01404	-1932.118056	False
396.0	56.0	0.003484	-0.002926	0.01331	-1932.005225	False
396.0	60.0	0.003141	-0.002455	0.01176	-1932.021831	False
400.0	0.0	0.002667	-6.742e-09	0.01027	-1950.939325	False
400.0	4.0	0.002735	-0.0009764	0.01037	-1950.447396	False
400.0	8.0	0.003566	-0.00232	0.01291	-1949.173589	False
400.0	12.0	0.003368	-0.001998	0.01184	-1948.027628	False
400.0	16.0	0.003362	-0.002282	0.0108	-1946.066598	False
400.0	20.0	0.003565	-0.001563	0.009948	-1943.724669	False
400.0	24.0	0.008149	-0.008714	0.02511	-1940.932483	False
400.0	28.0	0.005866	-0.005188	0.0185	-1938.282331	False
400.0	32.0	0.003933	-0.002938	0.0126	-1935.804906	False
400.0	36.0	0.003395	-0.002881	0.01133	-1933.558814	False
400.0	40.0	0.003696	-0.002038	0.0146	-1934.380274	False
400.0	44.0	0.003679	-0.002395	0.01451	-1933.74916	False
400.0	48.0	0.00362	-0.002869	0.01415	-1933.301264	False
400.0	52.0	0.003592	-0.003079	0.01392	-1933.010075	False
400.0	56.0	0.003488	-0.002962	0.01332	-1932.872213	False
400.0	60.0	0.003198	-0.002581	0.01198	-1932.854082	False
