Q20	Q30	EHFB	M22	M23	M33
32.0	0.0	0.0001	0.2141	-0.0	0.1386
32.185656980772684	0.0012475784374270146	0.021561623343614143	0.21461648120488502	2.1431904219418923e-05	0.13835576871131525
32.37131396154537	0.002495156874854029	0.038288466738292136	0.21513055746147453	4.336430590797866e-05	0.13811173327947754
32.55697094231805	0.0037427353122810435	0.05030913482287646	0.2156422282827937	6.579721648851496e-05	0.1378678941914618
32.74262792309074	0.004990313749708058	0.05775214115923407	0.21615149317896568	8.873063214490101e-05	0.13762425193714478
32.92828490386343	0.006237892187135073	0.060746404023415135	0.2166583516572327	0.00011216453381764148	0.13738080700928434
33.11394188463611	0.007485470624562087	0.05942121087670931	0.2171628032219772	0.00013609888719946374	0.137137559903498
33.29858522338553	0.025051475278451894	0.062213782640841556	0.21782577737203243	0.00046055156729518453	0.13704981928489535
33.4829694096802	0.04678952500779784	0.06228266075752066	0.21848880144244903	0.0008692622863665752	0.13700831877936245
33.66735359597489	0.06852757473714377	0.057547803368298636	0.21910621998060711	0.0012857114659825415	0.13697419605056074
33.85173778226956	0.09026562446648971	0.048148818724505334	0.21967790852016272	0.0017092336237181534	0.13694757556483436
34.036121968564245	0.11200367419583565	0.03423152055016234	0.22020375461594344	0.002139157489965523	0.13692856976735565
34.220506154858924	0.13374172392518158	0.015947683592156325	0.22068365806208823	0.0025748061473537484	0.13691727886398572
34.37945026817878	0.21592863331679546	0.01777156538519251	0.22124790372747824	0.004165036243087177	0.1376338081149942
34.523890982345584	0.33257746979864955	0.024178648249245382	0.2216372572880716	0.006391078791418232	0.1388715754748286
34.66833169651239	0.44922630628050386	0.020869193915910918	0.2217343849527094	0.008574605599952278	0.14024087290721415
34.81277241067919	0.565875142762358	0.008628901089893452	0.22154313442313314	0.010695674474408333	0.14173785271040937
34.95721312484599	0.6825239792442122	0.011779136957143268	0.22106903410768336	0.012734513146659373	0.1433569864760737
35.1016538390128	0.7991728157260662	0.03961160932989009	0.2203193145820317	0.014671621405752473	0.14509104362853556
35.266694110038344	0.8537634838399945	0.08117468661267851	0.21970438076104756	0.015537702472763565	0.1458413868056745
35.45221869592563	0.846643161309437	0.13320541999301624	0.21943311373274094	0.015428313327261104	0.14553307779554467
35.63774328181292	0.8395228387788793	0.18762645094632086	0.21917477223137505	0.015321361253406642	0.14522444224722666
35.823267867700196	0.8324025162483217	0.24426643087274494	0.2189293758100177	0.015216791373813657	0.1449154606076527
36.008792453587475	0.8252821937177641	0.3029546618899949	0.21860698391862257	0.015086406455959663	0.1446095917080239
36.194317039474754	0.8181618711872066	0.36355199790574944	0.21647454032932303	0.014399079928512413	0.144380988412939
36.379380660337304	0.8058185216185816	0.42610954929512096	0.2143783244917318	0.013654115215103364	0.14408600665606947
36.56328453032357	0.7803344566825862	0.49079695717505023	0.21237668076744187	0.012750376470653028	0.14362048875929623
36.74718840030983	0.7548503917465907	0.557406451333601	0.21033030342784048	0.011874676063044697	0.14319654101057327
36.93109227029609	0.7293663268105954	0.6259029609496533	0.20824017560045113	0.011027651778804026	0.1428131802823772
37.11499614028236	0.7038822618745999	0.6962521809975832	0.20610727090898148	0.010209886920642544	0.14246943295100006
37.29890001026862	0.6783981969386046	0.7684204781331976	0.2039325520929464	0.009421911198442118	0.14216433627692732
37.48259820786301	0.6516571460847511	0.8423745747068748	0.20172416555385322	0.008649588798123805	0.1418834272108632
37.665033786287324	0.6171994809494722	0.918074630092834	0.19951193801163505	0.007822149194959977	0.14156380237161703
37.84746936471163	0.5827418158141933	0.995468780374597	0.19724685464767533	0.007033028893942507	0.14129279009886517
38.02990494313593	0.5482841506789143	1.0745024885893066	0.19493030041260925	0.006283099104673373	0.14106900544197223
38.21234052156024	0.5138264855436354	1.155121788142427	0.1925636439044462	0.005573141215048292	0.140891079802929
38.39477609998455	0.4793688204083567	1.2372731012977773	0.19014823442029458	0.00490384835339156	0.1407576638846271
38.57721167840886	0.4449111552730778	1.3209030525535097	0.1876853991328295	0.004275826964791795	0.14066743051439118
38.75951536829522	0.40976289953482464	1.405935084709489	0.18517702917474685	0.00368368233715794	0.14061496806271603
38.94180952388098	0.37456472059238666	1.4923271094192592	0.18262289712373925	0.0031340717360550476	0.14060368508071583
39.12410367946673	0.3393665416499488	1.580024469028718	0.1800242144077334	0.0026278418821383226	0.14063262167865576
39.306397835052486	0.3041683627075109	1.6689705405453799	0.17738223671165582	0.0021653033511913416	0.14070052217160917
39.48869199063823	0.2689701837650732	1.7591078882380675	0.17469818471033244	0.0017466844940360426	0.14080616588475023
39.67098614622399	0.23377200482263524	1.850378037755034	0.17197324182896642	0.001372133098471701	0.1409483693928756
39.85439340000053	0.20515031824899266	1.9432392792246538	0.16922943593756723	0.00107644611829001	0.14114278294093816
40.03811713237786	0.17839847489323254	2.0374429518033885	0.1676261595971266	0.0006358924384807384	0.14101518530572
40.22184086475519	0.15164663153747243	2.1327813249056855	0.17039861434638684	-0.0007751203625491545	0.13961882738806858
40.40556459713251	0.12489478818171232	2.2290845388473777	0.17301791876933179	-0.0026143832030693977	0.13839116332139323
40.58928832950984	0.09814294482595239	2.3261722052074036	0.17541399871976063	-0.004876261817892905	0.13740226725189458
40.773012061887165	0.07139110147019227	2.423865286430302	0.17751257645008364	-0.007546949006694292	0.13672641692716234
40.9577152751578	0.05456323831604353	2.5231688965639534	0.17934140820888708	-0.010515222560163672	0.1364080986477947
41.14312387974261	0.044882313386053016	2.623938800094354	0.18082928736800377	-0.013747203197835926	0.1364905017158898
41.328532484327425	0.035201388456062514	2.725258849736522	0.181841375392339	-0.01725803959727217	0.1370543723747156
41.51394108891223	0.025520463526072002	2.826971469055647	0.18230955394958992	-0.02099626695878497	0.1381678289565748
41.69934969349704	0.0158395385960815	2.928919624942377	0.18216418491590422	-0.024898602635665523	0.13990050958531985
41.884758298081856	0.00615861366609106	3.030946851784165	0.18133409640905848	-0.028887638130978888	0.14232358614317425
42.070268560990904	0.0010222776341509406	3.1335664683117317	0.1798699527876812	-0.03281104792816831	0.14540843570086753
42.25592460062958	0.0024028236382915872	3.237079929449878	0.1778251972441949	-0.036546991983909434	0.14910660465743836
42.44158064026825	0.003783369642432234	3.3404397533615033	0.17499543579979476	-0.04006753660215325	0.15358896894497281
42.62723667990692	0.005163915646572881	3.4434880215544954	0.17132642452362584	-0.04323420733740846	0.15890977249432559
42.812892719545594	0.006544461650713527	3.5460667613757977	0.16676411925393864	-0.045874946236287184	0.16512305946724634
42.99854875918427	0.007925007654854165	3.6480179464895133	0.16125467531937956	-0.047769095113989336	0.17228267453508855
43.18420582501624	0.008866204853419291	3.7491021003125553	0.15471543670208146	-0.04861366439375071	0.18047001310122332
43.369866288037095	0.00835294812244303	3.8489538351031314	0.1470046878982531	-0.047931883710696704	0.18982456299366057
43.55552675105794	0.007839691391466772	3.947673450543071	0.1381483796555782	-0.04500959038798409	0.2003249736842572
43.74118721407878	0.00732643466049051	4.045104092629278	0.12808840348516662	-0.03843278165044536	0.21202935366190326
43.92684767709963	0.0068131779295142495	4.141088930150052	0.11676657486123378	-0.023795377152275598	0.22499588745238353
44.11250814012047	0.006299921198537989	4.235476508605338	0.11148978178130217	-0.008977355217361104	0.22858325157829518
44.298168641466575	0.00581688076392175	4.328200714972013	0.11074132931963476	-0.008460253098302043	0.22547428296812216
44.4838298091175	0.005859166496606689	4.419367904021054	0.11005116761890527	-0.008320926040230974	0.22230788300531404
44.669490976768415	0.005901452229291629	4.5088456681895765	0.10936074409446943	-0.008179703130653412	0.21914175173567865
44.855152144419336	0.005943737961976567	4.596621134736274	0.10867005700015837	-0.00803658760583034	0.21597589090538458
45.040813312070256	0.005986023694661507	4.682681435949558	0.10797910459003746	-0.007891582643567463	0.21281030226036657
45.22647447972118	0.006028309427346446	4.767013709146822	0.10728788511840684	-0.007744691364788711	0.20964498754632427
45.4121356473721	0.0060705951600313855	4.849605096673655	0.10659639683980324	-0.007595916835061658	0.20647994850872148
45.597796531111655	0.006382314106692207	4.930517916190043	0.10593001142766642	-0.007606339393902229	0.20329043880827097
45.78345737557792	0.00673130359230195	5.009678095094499	0.10526557835583364	-0.007623769415755434	0.20009911693673735
45.96911822004418	0.007080293077911692	5.087062638306162	0.10459949119099249	-0.007625812648411309	0.19690950585268438
46.15477906451045	0.007429282563521435	5.162658760725297	0.10393173605381986	-0.00761316881957885	0.19372161943543503
46.340439908976705	0.0077782720491311776	5.23645371880266	0.10326229907776031	-0.007586462418007801	0.19053547155154513
46.526100753442975	0.00812726153474092	5.3084348104879435	0.10259116640909408	-0.007546253948588038	0.187351076054734
46.71176178785535	0.008126564140586955	5.378478636572887	0.10189015451063749	-0.00733836445392178	0.18419563817071255
46.897422901896036	0.00797927272177712	5.4466311889208505	0.1011775601470471	-0.007065843732817848	0.1810513606082096
47.083084015936706	0.007831981302967283	5.512925060320283	0.10046553463243663	-0.00679584133853884	0.17790649026872418
47.268745129977376	0.007684689884157449	5.577347366763495	0.09975408417549399	-0.006528413881521029	0.17476102094356816
47.454406244018045	0.007537398465347613	5.639885206784759	0.09904321498687758	-0.006263619534409619	0.17161494642208314
47.64006735805872	0.007390107046537778	5.700525661451154	0.09833293327922926	-0.006001518119605588	0.16846826049162705
47.825727622261496	0.0069038830148072895	5.759133001489499	0.09760068578567427	-0.005607271760472643	0.16534242448914527
48.01138714043402	0.006120126973788813	5.8157009431360684	0.09726377277484302	-0.007090220985532257	0.16186168759422165
48.197046658606546	0.005336370932770337	5.870335581324843	0.10279967720228345	-0.018999038736579887	0.15314258232015696
48.38270617677908	0.00455261489175186	5.923085794998613	0.10753688044671525	-0.02335094647629412	0.14522114509554135
48.5683656949516	0.003768858850733383	5.9740109233264915	0.11151333995583652	-0.025189422491464622	0.13805941847267703
48.75402521312412	0.002985102809714906	6.023170827723208	0.11476710431510513	-0.02558778854093327	0.13161935386610585
48.93968525447973	0.002584389292564143	6.070785219494879	0.11735010633700654	-0.02504923303777249	0.1258515704722069
49.12534622092952	0.002860972944830276	6.11704914751341	0.11930557337978379	-0.023867302576879194	0.12071575271771544
49.3110071873793	0.0031375565970964085	6.161746238473482	0.12064607746284464	-0.0222372163517848	0.11619526251353668
49.49666815382909	0.003414140249362537	6.2049358277633075	0.12141153654265674	-0.02030889434246989	0.11225018190320266
49.68232912027888	0.00369072390162867	6.246677066468566	0.12164183584168232	-0.01819720830945134	0.10884062566425122
49.86799008672867	0.003967307553894803	6.287028921450048	0.12137682785960593	-0.015993283563237096	0.10592674129699797
50.05365095526791	0.004091837431641455	6.325981670399945	0.12065333184055715	-0.013771439107960972	0.10347009331276268
50.239311411559584	0.003576152298182079	6.363372305077185	0.11950271213813024	-0.011593719117440709	0.10143350608503211
50.42497186785124	0.003060467164722702	6.399549385279846	0.11797760607146064	-0.009509408946499584	0.09977072545095053
50.61063232414291	0.0025447820312633255	6.434575456114419	0.11611702779641012	-0.007560826150792436	0.09844273725465558
50.796292780434584	0.0020290968978039486	6.468513408441496	0.11396005201113099	-0.005783499051958438	0.09741046679799532
50.98195323672625	0.0015134117643445717	6.501426479145996	0.11154581399498881	-0.004207096801511715	0.0966347788016042
51.167613708690176	0.001011514734560491	6.533384237629471	0.10891373547702082	-0.0028561067134175856	0.09607645250548949
51.35327485755154	0.0011051366658065833	6.56469659925178	0.10611275728285578	-0.0017502455238212213	0.09569543680380017
51.538936006412904	0.0011987585970526754	6.595159742853645	0.10317278070690263	-0.0009053735872402195	0.0954535428957817
51.72459715527426	0.0012923805282987677	6.624833145105745	0.10013340887587936	-0.0003327959658529858	0.0953111676547162
51.910258304135624	0.0013860024595448584	6.653776220235885	0.09703423386129834	-3.993691169343086e-05	0.09522871900909102
52.09591945299699	0.0014796243907909505	6.682047482648474	0.09571487945569823	3.070007770830524e-07	0.0948267428214011
52.281580601858344	0.0015732463220370428	6.709687575957397	0.09607955568057135	7.227284690186938e-07	0.09410694796210574
52.46724149862771	0.0018807551377673212	6.736784148843104	0.0964485975440068	1.3368045293641738e-06	0.09338682621877148
52.652902352356236	0.0022247818530750562	6.763293075193051	0.09681872950626388	2.1377042072267706e-06	0.09266654693117934
52.838563206084764	0.002568808568382792	6.789224014138987	0.09718924427450873	3.106842276012618e-06	0.0919461546980403
53.02422405981329	0.0029128352836905276	6.814599015325459	0.09756014181201958	4.242676899621411e-06	0.09122564955607596
53.20988491354182	0.003256861998998263	6.839440567693	0.09793142208306024	5.543664729208817e-06	0.0905050315410226
53.39554576727035	0.0036008887143059985	6.863771599234135	0.09830308505287258	7.008260903464193e-06	0.08978430068763829
53.58120673623596	0.0038712320711336698	6.887608717379539	0.0986734168267547	8.47197047151774e-06	0.08906363140234698
53.76686775781478	0.004107934197274586	6.910986304946978	0.09904324811351213	9.977795514340643e-06	0.08834295859567984
53.9525287793936	0.004344636323415503	6.933933024567652	0.09941334268326822	1.1590818559136562e-05	0.08762220817937896
54.13818980097241	0.004581338449556421	6.956473487569159	0.09978370052258292	1.330995098522984e-05	0.0869013801668843
54.32385082255123	0.0048180405756973336	6.97863260661563	0.10015432161845834	1.5134103457322412e-05	0.08618047457119378
54.50951184413005	0.005054742701838251	7.000435595592306	0.10052520595833478	1.706218592556938e-05	0.08545949140486714
54.6951726237956	0.005417043839463624	7.02189121313919	0.10089969376692398	1.9550857553243264e-05	0.08473801027334714
54.880833179669665	0.00589553534746449	7.043013889621643	0.10127773891397826	2.2651183787732233e-05	0.08401600267424453
55.066493735543716	0.006374026855465356	7.0638423032249085	0.10165631587938904	2.5965095216219135e-05	0.08329383859310764
55.25215429141777	0.006852518363466221	7.084404400734616	0.1020354246081289	2.9490476315394384e-05	0.08257151808496413
55.43781484729182	0.007331009871467087	7.1047287354214905	0.10241506504692702	3.32252086374278e-05	0.0818490412030845
55.62347540316588	0.007809501379467952	7.124844466570265	0.10279523714425638	3.716717081058888e-05	0.08112640799899588
55.80913616631091	0.008081374716445077	7.1448448409313885	0.10316975737388602	4.027175143740647e-05	0.08040451283953036
55.994797308519786	0.007975378095822385	7.164828090628484	0.10353306114599646	4.149526106625736e-05	0.07968422621071991
56.18045845072865	0.00786938147519969	7.184723916112786	0.10282998044191402	4.0304292203930064e-05	0.07924984686903364
56.36611959293754	0.007763384854576996	7.204624036392517	0.10209608348795911	3.906783680937187e-05	0.07882369912428386
56.55178073514641	0.0076573882339543015	7.224635059194306	0.10136211179753452	3.7854771505286476e-05	0.07839754051038035
56.73744187735529	0.007551391613331607	7.2448636772035515	0.10062806537381051	3.6664912862681056e-05	0.07797137102415291
56.92310239288991	0.007254942155568096	7.265487656903192	0.09988780377520491	3.4579274444798514e-05	0.07754600085873732
57.10876021237393	0.0061391348139562705	7.286849135075803	0.09912062595620617	2.8678303053733386e-05	0.07712404507343339
57.29441803185796	0.005023327472344446	7.308744837078543	0.09835265953979526	2.2991783684020283e-05	0.07670197674668425
57.48007585134198	0.0039075201307326194	7.331275026964485	0.09758390471979003	1.751796498540502e-05	0.07627979568467215
57.665733670826	0.0027917127891207943	7.354540851865323	0.09681436168557274	1.225508682598848e-05	0.07585750169801475
57.85139149031002	0.0016759054475089998	7.378644343743113	0.0960440306221179	7.201380296932078e-06	0.07543509460173756
58.03704932920024	0.0006081585626928894	7.403671822312392	0.09527456395302861	2.5573820192644957e-06	0.07501238435865791
58.22270798924053	0.001574033105568504	7.429064970132466	0.094574972230507	6.500763763027449e-06	0.07458163718719542
58.40836664928081	0.002539907648444119	7.455658660787877	0.09387605893675173	1.0300656281566151e-05	0.07415099164190102
58.5940253093211	0.0035057821913197333	7.483564999302872	0.09317782417655349	1.3958904605162081e-05	0.07372044761798376
58.779683969361386	0.004471656734195349	7.5128953113138355	0.09248026805167457	1.7477347316502173e-05	0.0732900050136815
58.96534262940166	0.005437531277070962	7.543760144386521	0.09178339066088913	2.085781654827297e-05	0.0728596637302201
59.15100128944195	0.006403405819946578	7.576269269332633	0.09108719210002371	2.4102137980820496e-05	0.07242942367177285
59.336661730873324	0.0068865979982850704	7.610651544920856	0.09037388626132098	2.5402771757414064e-05	0.07200100715806916
59.522322462654515	0.0072911175344705925	7.646898599675433	0.08965799377626357	2.6346190221226986e-05	0.07157291751391814
59.70798319443573	0.007695637070656115	7.685097406830013	0.08894238601325792	2.7233371960444357e-05	0.07114486984747523
59.893643926216924	0.008100156606841637	7.72535537667119	0.08822706298559956	2.8065045046486747e-05	0.07071686414544519
60.07930465799812	0.008504676143027159	7.767777930858258	0.08727810218541994	-0.0003084325609083227	0.07025106813244512
60.26496538977933	0.008909195679212683	7.812414753993168	0.08596603458191494	-0.001047596484278523	0.06978360142642705
60.45062591336259	0.008665801606138623	7.859352154508582	0.08456860517362104	-0.0017130694129779825	0.06937956968395098
60.63628634682904	0.008141963232883995	7.908490303827434	0.08311001811262962	-0.002298843441909599	0.06902801512628495
60.82194678029548	0.007618124859629369	7.959761118751751	0.08161041294787577	-0.0028019859853898443	0.0687182384853459
61.007607213761915	0.007094286486374741	8.01314516488423	0.08007948734591307	-0.0032205971665089164	0.06844054209458005
61.19326764722835	0.006570448113120113	8.068623064566985	0.0785269230969779	-0.0035535449359041828	0.06818524416375113
61.37892808069479	0.006046609739865484	8.1261754968932	0.0769623860837069	-0.0038004612667304075	0.06794267881022241
61.564588440341424	0.0061096439351261194	8.185725221367319	0.07541223413682341	-0.003967317955764664	0.0677032666199256
61.750248736150795	0.00668018890705659	8.247273149639348	0.07388095304759011	-0.004056277103765572	0.06745903357753405
61.93590903196016	0.007250733878987059	8.31085139583527	0.07236257490027355	-0.004064660916160477	0.06720107003425503
62.12156932776953	0.007821278850917528	8.376437713595967	0.07086641735630424	-0.003994836702849672	0.06692005832865795
62.3072296235789	0.008391823822848001	8.444009796879186	0.06940181548422669	-0.003850043306569209	0.06660666339219826
62.49288991938826	0.008962368794778469	8.513545279972833	0.06797812172267742	-0.0036344665448386423	0.06625153278623959
62.678550107043314	0.009070309066945389	8.58505376620988	0.06659685984543061	-0.003347175244438331	0.06584193167186071
62.86421011577617	0.008412951551797877	8.658531481933972	0.0652659559459309	-0.0029905087621602423	0.06536382430803105
63.04987012450903	0.007755594036650365	8.733905050644715	0.06400960326100599	-0.002583081399263696	0.06481211920620465
63.23553013324188	0.007098236521502854	8.811155980939734	0.06283737652484758	-0.0021352182783734306	0.06417724163219
63.42119014197475	0.0064408790063553425	8.890265853038047	0.061758830232005714	-0.0016593206693839165	0.06344963709143682
63.6068501507076	0.00578352149120783	8.971216318798405	0.060783498587961504	-0.0011701147399839078	0.06261977137846421
63.79251013252761	0.0051187554076721885	9.053989669452019	0.059920871956328725	-0.000683191736850283	0.06167800706609265
63.97817001714906	0.004427232497672277	9.138569414732304	0.059180481593634815	-0.00017866093359040683	0.06061445897623567
64.16382990177051	0.003735709587672366	9.22492078433353	0.05842283528648274	-9.801619799253838e-05	0.060102114310348086
64.34948978639196	0.003044186677672455	9.312926138810521	0.05765285683438976	-0.00010657616825268242	0.05967392216001874
64.53514967101341	0.0023526637676725437	9.40243720912595	0.05688242400428679	-0.00010970454625524048	0.05924697878884336
64.72080955563487	0.0016611408576726323	9.493304955388014	0.05611153072782308	-0.00010572460011001983	0.058821290265172736
64.90646949754701	0.0010272282787576323	9.585372393839291	0.05534029155791487	-9.38858017030098e-05	0.05839767902591934
65.09213039032876	0.0013494906959210492	9.678366674747892	0.054570956664872446	-0.00012051272145166841	0.057987894001798636
65.27779128311053	0.0016717531130844663	9.772247968723224	0.05380185707310583	-0.00014851906787648273	0.05757750346882207
65.46345217589229	0.0019940155302478834	9.866866061835271	0.05303299448865633	-0.0001779430610872666	0.05716650572094846
65.64911306867405	0.0023162779474113	9.9620710836728	0.05226437061176604	-0.0002087768051034542	0.05675489905793555
65.83477396145582	0.0026385403645747176	10.057713507215892	0.05149598713687142	-0.0002409948462001095	0.05634268178534697
66.02043485423758	0.002960802781738134	10.153644148708535	0.050727845752596375	-0.0002745652736621114	0.055929852214558914
66.20609586180305	0.002780498080361448	10.249801850182264	0.04995759805330259	-0.0002845258078636037	0.05551260162591165
66.39175688242123	0.0025430436564659216	10.34596194636911	0.04918693708288143	-0.00028979529180257735	0.05509530410334913
66.57741790303942	0.0023055892325703946	10.441962860304137	0.04841610740633721	-0.0002928481493270572	0.054678448069224554
66.76307892365759	0.002068134808674867	10.537652540083704	0.04764510728905551	-0.00029344417470177417	0.054262035258152465
66.94873994427577	0.0018306803847793402	10.632878680294565	0.04687393499320049	-0.00029128181146638617	0.05384606740796849
67.13440096489396	0.0015932259608838133	10.727488721944594	0.04610258877770834	-0.0002859709435664811	0.053430546259736554
67.32006177186027	0.0018296681616195155	10.821260962644388	0.045334333498114096	-0.00032187722617985407	0.053016380297692726
67.50572250289643	0.0022345295034233758	10.914104188231983	0.044567489727742736	-0.0003728185177572665	0.05260191764169561
67.6913832339326	0.0026393908452272364	11.005898838854243	0.04380096275839513	-0.00042380200197521283	0.05218667308977375
67.87704396496875	0.0030442521870310962	11.096499261110521	0.043034754543456316	-0.000475160251263246	0.05177064468854216
68.0627046960049	0.003449113528834957	11.185759418018652	0.04326708284954638	-0.0016476852962437666	0.051691476116687875
68.24836542704107	0.003853974870638817	11.273486273422934	0.045438025906854376	-0.002998860529412411	0.05229280114223308
68.43402627416656	0.0038509100640648887	11.359410339058044	0.04757668447606792	-0.003723327827947918	0.05292373087948777
68.61968720556432	0.0035517209944449526	11.443216445878686	0.049683248404694874	-0.004179500499604902	0.053585129072628364
68.8053481369621	0.003252531924825017	11.52461713588546	0.05175949288899113	-0.00446718676509953	0.05427706126317351
68.99100906835986	0.0029533428552050807	11.603333687403756	0.05380470245498025	-0.004631553648937511	0.055000242925099224
69.17666999975762	0.002654153785585145	11.679088103120517	0.0558181569749072	-0.004698764918555225	0.0557553941861607
69.36233093115538	0.0023549647159652087	11.751603110373646	0.05779913166405118	-0.004685964971609284	0.0565432398310788
69.5479918330554	0.002324003602893751	11.820673521147246	0.05974878308234424	-0.004605720911659884	0.0573636181037311
69.73365269415716	0.0026640279358844917	11.88609118589736	0.061666752125985075	-0.004466833149751327	0.05821694384488478
69.9193135552589	0.003004052268875232	11.947496991157516	0.06354949412893784	-0.004275982785178263	0.05910525279015093
70.10497441636063	0.0033440766018659725	12.004612998468332	0.0653962057017667	-0.004039304458913215	0.060029348328965615
70.29063527746237	0.003684100934856713	12.057160446577612	0.06720608884565137	-0.0037620189801596503	0.06099002846014909
70.47629613856411	0.004024125267847453	12.104859751814132	0.06897835094824394	-0.0034486933212426176	0.061988085796049246
70.66195696748879	0.004165471163050177	12.147330630651169	0.07071135491069983	-0.0031037146760122566	0.06302484719685986
70.84761770871333	0.003765309265190155	12.184092909716252	0.0724033583176182	-0.0027316018920172883	0.06410185638291264
71.03327844993785	0.003365147367330132	12.215129475806002	0.07405621303682998	-0.0023351069447522955	0.06521830121861633
71.21893919116238	0.0029649854694701098	12.240169579371392	0.07566916516903024	-0.001917427504013336	0.066374935603276
71.40459993238692	0.0025648235716100873	12.258943443206707	0.0772414545714844	-0.0014816379717069934	0.0675725196796265
71.59026067361144	0.002164661673750065	12.27118226296783	0.07877231485232448	-0.0010307363718007785	0.06881181983953544
71.77590923375719	0.0022760392613626348	12.276919390005038	0.08026135981619474	-0.0005664571674927842	0.07009273757094503
71.961340493443	0.011512861925044589	12.280863425507613	0.08170872468001471	-7.10534045657978e-05	0.07140334106491379
72.1467717531288	0.02074968458872629	12.27718473909887	0.08212977391552372	5.1396702853621e-05	0.0714719786240698
72.3322030128146	0.029986507252408246	12.265874846108709	0.0822884517927064	7.47635414010408e-05	0.07120665449583356
72.51763427250042	0.0392233299160902	12.247148429543355	0.08244642063566422	9.81713131575446e-05	0.07094212504160524
72.70306553218623	0.04846015257977216	12.221249101793516	0.08260369171287392	0.00012143838272729312	0.07067837899290814
72.88847377512461	0.058022521651379055	12.188587960359099	0.0827602769722834	0.0001452036518182877	0.07041508999830486
73.07336002897941	0.07496784835606969	12.152126214121692	0.08291582289105111	0.00018699062432968563	0.07014583273646682
73.2582462828342	0.09191317506076033	12.108620459844603	0.08307004472130332	0.0002278726683746822	0.06987805621104302
73.44313253668898	0.10885850176545099	12.058362047022152	0.08322298704422179	0.0002675107625895015	0.06961171584085173
73.62801879054376	0.12580382847014163	12.001690632869222	0.08337469588611908	0.00030556993891336183	0.06934676559958033
73.81290504439855	0.14274915517483225	11.938992956134104	0.08352521783147812	0.00034171922293982945	0.06908315890274594
73.99779129825335	0.15969448187952293	11.87070161900868	0.08367459915001348	0.0003756315673805421	0.06882084948063397
74.18249156733805	0.17850923642474678	11.79744587787873	0.08382227240339335	0.00041133397713256025	0.06855868742899852
74.36709242044736	0.19832327167516461	11.719432642992684	0.08396839103392537	0.00044622405695823614	0.06829734032970226
74.55169327355665	0.21813730692558242	11.637105427441378	0.08411330006086236	0.0004775560396071716	0.06803738571839152
74.73629412666595	0.23795134217600022	11.551088775086665	0.08425705148262352	0.000504962253366972	0.0677787715966472
74.92089497977526	0.2577653774264181	11.46205301435724	0.08439969182265096	0.0005280799567664607	0.0675214514410271
75.10549583288456	0.2775794126768359	11.37071267272232	0.08454126103745029	0.0005465512402036291	0.06726538529502567
75.29035919846923	0.2947252191482234	11.278322183169028	0.08468319151889027	0.0005549416201560717	0.06701152034818257
75.47528202983949	0.31126660360031816	11.185492658192523	0.08482458186187884	0.0005573824229953637	0.06675889028461464
75.66020486120976	0.32780798805241285	11.092927542533536	0.08496513432817848	0.000554791113457807	0.066507251041718
75.84512769258002	0.34434937250450764	11.001453390667761	0.08510484319243973	0.0005468850386436034	0.06625660834484212
76.03005052395028	0.36089075695660233	10.911928128370244	0.08517527368290748	0.0005442361136909187	0.06598488379960303
76.21497335532055	0.3774321414086971	10.825016310045434	0.08489325485603766	0.0005966602323546646	0.06560014779834301
76.40002398518465	0.3921452252920994	10.741437414634337	0.08461281894122634	0.0006487948703022711	0.06521651791857837
76.58544977214429	0.40149126680651476	10.662419080309453	0.0843350267716114	0.0006941874244153021	0.06483450886843706
76.77087555910391	0.41083730832093013	10.58612706567958	0.08405767806709762	0.0007412875328218159	0.06445298783913736
76.95630134606353	0.4201833498353452	10.512433191454141	0.08378075164901935	0.0007901179501345236	0.06407197600934494
77.14172713302317	0.42952939134976054	10.441197024941843	0.08350422545703835	0.0008407014681101967	0.06369149543939788
77.32715291998281	0.43887543286417585	10.372266085876957	0.08322807653130637	0.000893060903219944	0.06331156908914459
77.51269979114336	0.44464925600356575	10.306664407963712	0.0829532811706819	0.0009396664525369266	0.06293264837448018
77.69833284053018	0.4478806546076806	10.243760348122331	0.08267930398941054	0.000981939223545489	0.06255437465970178
77.883965889917	0.4511120532117956	10.182454175167061	0.08240536452771993	0.001025059690480509	0.0621763856470701
78.0695989393038	0.45434345181591046	10.122511196050395	0.08213145473802434	0.0010690352544686628	0.06179868938417081
78.25523198869061	0.45757485042002544	10.063693044493085	0.08185756639601664	0.001113873291825487	0.06142129409531115
78.44086503807742	0.4608062490241403	10.00575770494859	0.08158369109861499	0.001159581152230429	0.061044208183572896
78.62649808746424	0.4640376476282553	9.948459536533077	0.08130982026190166	0.0012061661568571276	0.06066744023287372
78.81212543970855	0.4613866763742982	9.892950009006759	0.08103696764521964	0.001237745012194815	0.06029099196042512
78.99775188155559	0.45779570870552033	9.837565550895611	0.08076399423644376	0.001266584242522622	0.059914515360658525
79.18337832340262	0.45420474103674247	9.781800266947643	0.08049071952368356	0.0012951346594915886	0.05953798177890502
79.36900476524963	0.4506137733679646	9.72539265185569	0.08021714700737079	0.001323387891702356	0.05916138771473298
79.55463120709666	0.4470228056991868	9.668085143614002	0.07994328017890577	0.0013513356068704282	0.058784729676741844
79.74022689970359	0.44232879933612035	9.60980498293699	0.07966922635153317	0.0013755031860169405	0.05840791970498664
79.92576511231688	0.4355728669911639	9.550394551232944	0.07939497668800674	0.0013924888407489634	0.05803077075849988
80.11130332493019	0.4288169346462075	9.489255697509074	0.07939692899270184	0.0014130875766707894	0.057679758916068566
80.29684153754349	0.4220610023012511	9.426322996646332	0.07958280335431168	0.0014358214509628704	0.057345559389189775
80.48237975015678	0.41530506995629474	9.361651359862076	0.07976805743673787	0.0014576657935938947	0.05701044462407013
80.66791796277008	0.4085491376113384	9.2952970531351	0.07995269266901324	0.0014785939732694085	0.056674413191676834
80.85345617538337	0.4017932052663819	9.227314560250672	0.08013671033237874	0.001498579338383681	0.05633746381076896
81.03893285475378	0.39364766543628954	9.157876961313418	0.08031973350964626	0.0015122087570542736	0.055998930407029295
81.22434202955702	0.3839776674857422	9.08701065472992	0.08050152871490603	0.0015184504264930253	0.055658457302169353
81.40975120436028	0.3743076695351948	9.014623426324562	0.0806824387426945	0.0015230062085072812	0.05531667306451369
81.59516037916353	0.36463767158464744	8.940766222140187	0.08086246076743048	0.0015258375789999428	0.05497358051964365
81.7805695539668	0.3549676736341001	8.865487348552076	0.08104159154962944	0.0015269059792587594	0.05462918290704366
81.965974877594	0.3452263316791446	8.78883647371366	0.08121978983297225	0.0015258552416476322	0.05428342810109458
82.15134761830772	0.33488138306342613	8.71088246119195	0.08139673291913971	0.0015201889633652695	0.05393585762694151
82.33672035902147	0.32453643444770763	8.631627987789798	0.08157270253503138	0.001512481829970891	0.05358691147550438
82.52209309973522	0.3141914858319891	8.551110530184117	0.08174769227672989	0.0015026924085097897	0.053236596050700545
82.70746584044895	0.30384653721627053	8.469364496497588	0.08192169520353167	0.0014907792385215923	0.05288491829323359
82.89283858116269	0.2935015886005521	8.386421171442025	0.0820947038272148	0.0014767008344486183	0.052531885691325345
83.07821132187644	0.28315663998483354	8.302308661232313	0.08226671010129923	0.0014604156881923376	0.05217750629145603
83.26358439476505	0.27281766068037133	8.217051718888536	0.08243771081645893	0.001441913968651989	0.05182179583739769
83.44896040778984	0.26253151676658903	8.130671369266322	0.08260774292069688	0.0014214112819921979	0.05146482312300283
83.63433642081465	0.25224537285280674	8.043187260247347	0.0827767519069319	0.0013985924479383966	0.05110653769128447
83.81971243383944	0.2419592289390245	7.95461430674897	0.08294472755469995	0.0013734161356509192	0.05074694976270658
84.00508844686424	0.23167308502524275	7.864963986554098	0.08313069191373318	0.0013459996319788703	0.05038880260705219
84.19046445988904	0.22138694111146048	7.7742480363365765	0.08399236498628412	0.001321156476155308	0.05012586666419467
84.37590170908972	0.21228449711045552	7.682519252705165	0.0848588432435944	0.001299959356960332	0.04986294700244692
84.56134955375207	0.20338686418497387	7.589806748516575	0.08572871088767527	0.0012768348022341872	0.049598694082507847
84.74679739841442	0.1944892312594922	7.496141020804519	0.08660171337365007	0.00125060407423584	0.0493328119884243
84.93224524307676	0.1855915983340105	7.401557982100619	0.08747783439686847	0.0012213134670531103	0.0490653170248465
85.11769308773911	0.17669396540852886	7.306095790221059	0.08835705834955565	0.0011890099473242694	0.04879622479954924
85.30314093240145	0.1677963324830472	7.209794871127978	0.08923937031617599	0.0011537411494596905	0.04852555022806824
85.48858877706381	0.15889869955756553	7.112697941861318	0.09012475606860457	0.0011155553709974965	0.0482533075385284
85.67408219103271	0.1510318323249636	7.014954538133058	0.0910130196123006	0.0010818366280751371	0.04798174065210471
85.85959173154538	0.14352974325834644	6.916572170130866	0.091903875823084	0.0010482282024391093	0.047709606583776855
86.04510127205805	0.13602765419172932	6.817567652179369	0.0927973208309709	0.0010122297040691325	0.04743615365289523
86.23061081257075	0.1285255651251122	6.717992643676133	0.09369334559397287	0.0009738865031873244	0.047161390901448476
86.41612035308341	0.12102347605849509	6.6179008256232175	0.094591941564187	0.0009332444273992153	0.04688532687733916
86.60165755596265	0.11426894373608938	6.517469698804116	0.0954923375147691	0.0008961686724236445	0.046609883794387116
86.78721421533295	0.10804020992260994	6.416743270248229	0.09639442582307624	0.000861239913376211	0.04633465700693306
86.97277087470326	0.10181147610913051	6.315700283309163	0.09729865265246387	0.0008244748484534	0.046058346350421144
87.15832753407358	0.09558274229565109	6.214400878447621	0.09820501290031959	0.0007859147381284206	0.04578095692746387
87.34388419344387	0.08935400848217165	6.112906930592964	0.0991135018011861	0.0007456011508743934	0.04550249350351838
87.52944085281418	0.08312527466869221	6.011282060688762	0.10002411492225229	0.0007035759618580903	0.045222960511395904
87.71499751218448	0.07689654085521277	5.909591647262709	0.10093684815877692	0.0006598813516850718	0.044942362055837654
87.90058576081131	0.07194558729431909	5.808207230606611	0.10184886387801996	0.0006256004288383927	0.04466469276067207
88.08622352821874	0.06899766029903999	5.707405024563361	0.10294700504773112	0.0006068410548264452	0.04448200516653904
88.27186129562618	0.06604973330376089	5.606785237276188	0.10426497121157469	0.0005863862029888839	0.044402328228488754
88.45749906303362	0.06310180630848179	5.50640714663446	0.10558484265888261	0.0005650853882449678	0.04432272977584797
88.64313683044105	0.0601538793132027	5.406329800053208	0.10690661831393747	0.0005429879918972815	0.04424321088433395
88.8287814537321	0.057912054094259195	5.306808743943846	0.10822762521679381	0.000526524669093896	0.044165976969567255
89.01444146308393	0.05725487142082992	5.208159990822782	0.1095435754067111	0.0005238614894620106	0.04409372595820746
89.20010147243575	0.05659768874740065	5.110003053280816	0.11085995612852036	0.000520791594288971	0.044021486710417924
89.38576148178757	0.05594050607397137	5.01239078478979	0.11217676706290942	0.0005173263526452328	0.04394925954551083
89.5714214911394	0.05528332340054211	4.915375996963	0.11349400790672609	0.0005134771407978672	0.04387704476663832
89.75708150049122	0.05462614072711283	4.8190114594898255	0.11481167837266755	0.000509255342196755	0.04380484266110312
89.94274150984305	0.053968958053683555	4.7233499000702555	0.11612977818896995	0.000504672347461304	0.04373265350066921
90.1284004314106	0.05350098678310133	4.628501150270272	0.11744714113798017	0.000501501663360199	0.04366105292429686
90.31404061239917	0.05629278980514676	4.535444183104377	0.11874365343793583	0.0005283962401387126	0.043599346497725226
90.49968079338777	0.05908459282719218	4.443241164166496	0.1200383353774843	0.0005550086354647318	0.04353759169984464
90.68532097437634	0.06187639584923761	4.351937567224843	0.12133118846246647	0.0005812893607417518	0.043475787024813896
90.87096115536492	0.06466819887128304	4.2615790574816	0.12262221421715017	0.0006071890544932859	0.04341393094836536
91.05660090904867	0.06748257854346976	4.172218334190099	0.12391123558761157	0.0006328683396581549	0.04335209009124639
91.24221377775672	0.0717174258315099	4.084321064230731	0.12518671045652047	0.0006712380447352758	0.043294475889872834
91.42782664646477	0.07595227311955005	3.9974971270009028	0.12645940721146326	0.0007089953051170301	0.043236790399658276
91.61343951517281	0.08018712040759018	3.9117904057359656	0.12772932914096366	0.0007460656532353038	0.043179030332079045
91.79905238388088	0.08442196769563032	3.8272450695401967	0.12899647955016874	0.0007823749144606273	0.043121192381988235
91.98466525258894	0.08865681498367048	3.7439055706671858	0.13026086174705134	0.0008178492067527136	0.04306327324141272
92.17027812129697	0.09289166227171061	3.661806522104091	0.13042923975274112	0.0008488050842553565	0.04313621569810954
92.35589099000505	0.09712650955975076	3.580931003532712	0.13049890212095075	0.0008786691096632095	0.043219964431922976
92.54146041730596	0.10288984475200548	3.5016608562281264	0.130553820391925	0.0009212737766771233	0.04330671821777004
92.72701419006043	0.10920398587835584	3.42367545658236	0.1306032463820731	0.0009676399662193137	0.04339347807341948
92.9125679628149	0.11551812700470618	3.3467880718730427	0.1306524290884745	0.0010128536983835305	0.043478723793754
93.09812173556939	0.12183226813105652	3.2709656571262076	0.1307013720342208	0.0010569183839557246	0.043562451855682194
93.2836755083239	0.1281464092574069	3.1961760904836107	0.1307500786474514	0.0010998373351667012	0.043644658831064484
93.46919698936635	0.13532574637289277	3.1225978386408104	0.13079018256836897	0.0011488315136015323	0.04372712492833506
93.65470519577715	0.1428607524003656	3.0500621394589387	0.130826566589445	0.0011994503608622666	0.04380855617237645
93.84021340218794	0.15039575842783845	2.9784503065920966	0.13086266747981942	0.0012486967569808713	0.04388817383893932
94.02572160859874	0.1579307644553113	2.907733404305343	0.13089848981081326	0.0012965753382948124	0.04396597335670252
94.21122981500955	0.16546577048278413	2.837883563732953	0.1309340380188935	0.0013430906003080007	0.044041950289199244
94.39673802142036	0.17300077651025697	2.7688739755647718	0.1309693164067648	0.0013882468971690776	0.04411610033372465
94.58224622783116	0.18053578253772984	2.700678882749134	0.13100432914442847	0.0014320484411667071	0.0441884193202775
94.767730738023	0.18860941033129291	2.6333782235594057	0.13103377925616044	0.0014786261746029693	0.04425957704002785
94.95318394606727	0.19739454480261018	2.5669691791730194	0.13105592909856933	0.0015291365336760501	0.04432957756664017
95.13863715411154	0.20617967927392744	2.501286040022949	0.131077770375378	0.0015780649106090798	0.044397442811796486
95.3240903621558	0.2149648137452447	2.436307619828293	0.13109930834743805	0.0016254168447923179	0.04446316751464523
95.50954357020005	0.22374994821656197	2.372013906530024	0.13112054809686252	0.00167119768174452	0.04452674659307323
95.6950021360966	0.2324200275169252	2.308367394554431	0.13114263989163139	0.0017145864249071513	0.04458809829948799
95.88046919211305	0.24090778895172618	2.245342039700923	0.13116626660458744	0.0017551439839456208	0.04464722167379339
96.06593624812953	0.24939555038652722	2.1829520960418303	0.13096746775023155	0.001798239236173898	0.04469128395834813
96.25140330414598	0.2578833118213282	2.1211962111346905	0.130366554957063	0.0018476724940667015	0.04471000495514939
96.43687036016243	0.2663710732561292	2.0600941527736865	0.12976667351318086	0.0018963716813651594	0.04472702556761092
96.62233741617891	0.2748588346909302	1.9996675302384175	0.12916782475266164	0.001944340842475603	0.04474234446165615
96.80780447219534	0.28334659612573115	1.9399381479546063	0.1285700100022194	0.0019915840431678745	0.044755960310571094
96.99327759237873	0.2916936241648204	1.8809107858857215	0.12797457339444251	0.002037153588013465	0.044767875689388587
97.17878731698366	0.2991911596660129	1.8225262319063618	0.12738821462474215	0.0020763129404051794	0.044778217664237514
97.36429704158857	0.3066886951672054	1.7649142309660715	0.1268027810484127	0.002114850188359617	0.04478704332777344
97.54980676619351	0.31418623066839796	1.708096554694183	0.12621827367486693	0.0021527684086998507	0.0447943516705835
97.73531649079843	0.32168376616959043	1.6520951523285068	0.12563469350879905	0.002190070694770391	0.044800141687973784
97.92082884121638	0.3291095123414247	1.596925082226125	0.12505270715093605	0.002226290884847954	0.044804449143720435
98.106390596839	0.3351845277185213	1.5424884735943105	0.12448408582092953	0.002253136505435116	0.04480807442061828
98.29195235246164	0.341259543095618	1.4889451461167205	0.12391622769386354	0.002279497621306546	0.044810457396105056
98.47751410808428	0.34733455847271466	1.4363165149292783	0.12334913342518852	0.002305376095823975	0.04481159741473038
98.66307586370691	0.3534095738498113	1.3846241466312688	0.12278280366843405	0.0023307738030882478	0.04481149382296465
98.84863761932954	0.35948458922690796	1.3338897588934107	0.12221723907516614	0.002355692627938791	0.0448101459692419
99.03419937495218	0.3655596046040046	1.2841352200654261	0.12165244029494457	0.0023801344659530287	0.044807553204002315
99.21976113057482	0.3716346199811012	1.2353825487830725	0.12108840797527992	0.0024041012234456965	0.04480371487973526
99.40538228536538	0.37538108641635776	1.187490954641655	0.12054568917648419	0.002413141591093625	0.044801669801839576
99.59101243755657	0.37877483936340295	1.1406325430132667	0.12000654314820115	0.0024197146864614167	0.04479934294297834
99.77664258974775	0.3821685923104481	1.0948527693083243	0.11946783626989795	0.002426023800671521	0.04479630919141501
99.96227274193892	0.38556234525749317	1.0501715751234513	0.11892956877015197	0.0024320692718108245	0.04479256831857214
100.14790289413011	0.38895609820453836	1.0066079072123144	0.11859141250950808	0.0024483994455637773	0.04466219573284006
100.33355301920174	0.39064746101115255	0.9640793808336107	0.11831894543314973	0.002457007853805256	0.04450240149616071
100.5192116977861	0.39160976444075135	0.9226533973078082	0.11805278015916365	0.0024611676266681156	0.044343792055422986
100.70487037637048	0.39257206787035015	0.8823759652197767	0.11778657923022927	0.002465311938328244	0.0441851870041365
100.89052905495487	0.39353437129994895	0.8432516534633784	0.11752034265139746	0.0024694407409089417	0.04402658633725035
101.07618773353923	0.39449667472954775	0.8052849987756867	0.1172540704277503	0.002473553986509001	0.04386799004968253
101.2618464121236	0.3954589781591465	0.7684805057906539	0.11698776256440109	0.0024776516272027277	0.04370939813631974
101.44750509070798	0.39642128158874534	0.7328426470928046	0.11672141906649441	0.0024817336150399437	0.04355081059201732
101.63315060769513	0.39497656309588525	0.6982756525284297	0.1164763870172555	0.002471281793197549	0.0433961062131212
101.81878766114582	0.391984014395382	0.664825244236594	0.11624515558803168	0.0024515041826040198	0.04324389473604966
102.00442471459652	0.38899146569487886	0.6325587275138983	0.11601402411189429	0.002431742894163454	0.04309168052327822
102.19006176804726	0.3859989169943757	0.6014772670277609	0.11578299258004687	0.0024119979301780612	0.042939463583603225
102.37569882149796	0.3830063682938726	0.5715821171996295	0.11555206098373615	0.0023922692927139328	0.04278724392577821
102.5613099624037	0.3789583756130772	0.5428405992847674	0.11533069584987798	0.0023661982784841332	0.042636746891634325
102.74687021227057	0.3728375398090836	0.5152250021893261	0.11512807930793506	0.0023276548446684486	0.0424896466974806
102.9324304621374	0.36671670400509027	0.48880355532689324	0.11492564764038919	0.00228912675229187	0.04234256039109854
103.11799071200423	0.36059586820109657	0.4635754739020058	0.11472340079893201	0.002250613781355181	0.04219548802079651
103.3035509618711	0.35447503239710293	0.4395401497558924	0.11452133873486356	0.002212115710934594	0.04204842963527443
103.48911121173794	0.3483541965931092	0.41669715351265596	0.11431946139908791	0.0021736323191823576	0.04190138528362822
103.67467146160479	0.3422333607891156	0.39504623673092887	0.11411776874210887	0.0021351633833273857	0.04175435501535412
103.8601645763521	0.33459761281361283	0.37455023002135585	0.11393001491230471	0.0020875577675636228	0.041609887505342516
104.0455388432249	0.3242800480348821	0.35518311393545887	0.11386728850787899	0.0020239503128488367	0.04144769924881841
104.23091311009767	0.3139624832561513	0.33700433417878334	0.11411410865445047	0.0019608745682412726	0.0412167199131305
104.41628737697046	0.3036449184774205	0.3199956884671265	0.114362587135261	0.0018976337782498343	0.04098511027161966
104.60166164384324	0.29332735369868973	0.304137879327196	0.11461272525040282	0.0018342348374387491	0.040752869024193714
104.78703591071604	0.283009788919959	0.28941171507238933	0.11486452433272942	0.0017706847932188342	0.04051999483799908
104.9722173435489	0.2696843383354258	0.2757423333476463	0.11514614336022413	0.0016886699508933437	0.04029131991320215
105.15739155378267	0.2562462273861789	0.26316565778043377	0.11543093132551113	0.0016057729208218993	0.0400620436591062
105.34256576401646	0.24280811643693195	0.25166256283371496	0.11571784432607363	0.0015226870839733944	0.039831979880210096
105.52773997425021	0.229370005487685	0.24121192382428522	0.11600688488040053	0.0014394209685105158	0.03960112605802498
105.71291418448399	0.21593189453843803	0.23179276403418636	0.11629805555562893	0.0013559833581542604	0.039369479625413775
105.89808839471776	0.20249378358919112	0.22338426131472106	0.11659135896808806	0.0012723832922185245	0.03913703796604713
106.0832302903111	0.18865820369090094	0.21595911797912423	0.11689068400540208	0.0011861807112220687	0.03890439307912084
106.26814334056198	0.17200783407015616	0.20945518103955627	0.11721992429311585	0.0010824401789939137	0.0386750814571655
106.45305639081285	0.1553574644494114	0.20389626994355328	0.117551761574298	0.0009784799247709536	0.03844482773470773
106.63796944106372	0.1387070948286666	0.1992596549570508	0.11788620000933417	0.0008743107784248706	0.03821362775136198
106.82288249131457	0.12205672520792185	0.19552282609467422	0.11822324383141819	0.0007699439570559628	0.03798147727393432
107.00779554156543	0.10540635558717706	0.1926635037370126	0.11856289734769722	0.0006653910651057886	0.037748371995277634
107.19280406831223	0.08988231023487143	0.1906819717264521	0.11889368569490681	0.0005677088998483687	0.03751275395149792
107.37788134176333	0.07516926114602968	0.18955571064647286	0.11921860943598282	0.00047498000800795515	0.03727512005402095
107.56295861521446	0.06045621205718791	0.18924988565339634	0.11954588022378412	0.00038215525976783524	0.03703660274973628
107.74803588866556	0.04574316296834614	0.18974473435471936	0.11987550177330424	0.0002892470327467016	0.036797198323650415
107.93311316211665	0.031030113879504377	0.19102074898157956	0.1202074778613462	0.00019626801004274085	0.03655690299896036
108.11819043556775	0.016317064790662614	0.1930568087070352	0.12072766038985465	0.00010302738410440414	0.036354004837332525
108.30326770901888	0.0016040157018208502	0.19580776208623465	0.12135607940391434	1.0097249277636576e-05	0.03617215613988562
108.4888676690112	6.38892049271315e-05	0.19974859872388176	0.12184591793286029	4.002783221700087e-07	0.035974395954507056
108.67452884145976	6.645968606948976e-05	0.20450148685691835	0.12231931821460214	4.142457823653066e-07	0.035774809071114334
108.86019001390835	6.903016721184804e-05	0.20995695825382568	0.12279271789600275	4.279606871212152e-07	0.03557522232275529
109.04585118635691	7.160064835420631e-05	0.2160599162621011	0.12326611697706241	4.414132908414047e-07	0.03537563570942962
109.2315123588055	7.417112949656457e-05	0.22275526428336703	0.12373951545778154	4.54593847950841e-07	0.03517604923113696
109.41717347800672	0.0001383006829187562	0.22999290324459312	0.12421220796636324	8.424905361815173e-07	0.03497640233259319
109.60283437708249	0.0004569163784352109	0.23773654664599544	0.124681939713048	2.7657283852865017e-06	0.034776515199578625
109.78849527615826	0.0007755320739516655	0.24591266231659936	0.12515159696861347	4.663324748406084e-06	0.03457664488206876
109.97415617523404	0.0010941477694681203	0.2544662993211918	0.1256211797381463	6.5340722151469335e-06	0.03437679137497702
110.15981707430981	0.001412763464984575	0.26334251362856836	0.12609068802673518	8.376763702669198e-06	0.03417695467321456
110.34547797338558	0.0017313791605010295	0.27248636810972965	0.12656012183946394	1.019019245567098e-05	0.033977134771697656
110.53113887246136	0.002049994856017484	0.2818429325360715	0.12702948118140422	1.197315204637245e-05	0.03377733166535472
110.7167998033076	0.0019609927112940106	0.2912989623847886	0.12750376970354932	1.1363142751180932e-05	0.033577871124973166
110.9024607497946	0.0016713185149944457	0.3008195538115801	0.12798056568901517	9.60586177342969e-06	0.03337856109289049
111.08812169628159	0.001381644318694881	0.3103763099589448	0.12845742925369058	7.874127589442237e-06	0.03317923591825402
111.2737826427686	0.0010919701223953164	0.3199139751511614	0.1289343604017792	6.169038953891962e-06	0.032979895596860216
111.45944358925559	0.0008022959260957516	0.3293772874157032	0.12941135913747928	4.4916948916502154e-06	0.032780540124510656
111.64510453574258	0.0005126217297961868	0.3387109784816678	0.12988842546497834	2.8431946977978672e-06	0.03258116949701804
111.83076515614552	0.0008448305985737194	0.34798558763768644	0.1303574898893666	4.640242623278829e-06	0.032381384236950125
112.01642569675947	0.0013292070236597085	0.35706570980293345	0.13079164995617865	7.226832789389923e-06	0.032191376201484455
112.20208623737342	0.0018135834487456974	0.365874191487124	0.1308874788830794	9.752150324674967e-06	0.0321029047915269
112.38774677798739	0.0022979598738316867	0.37438403040410784	0.13098333485347302	1.2219067692023866e-05	0.03201444230991194
112.57340731860134	0.0027823362989176483	0.3825722382253539	0.13107921787681828	1.4627207578045018e-05	0.03192598874718096
112.75906785921529	0.0032667127240036376	0.39041582808997327	0.13117512796236916	1.6976192594643977e-05	0.03183754409407996
112.94472865748462	0.0035993791899672375	0.3978508511402003	0.13127302838725446	1.848680902806066e-05	0.031749194854488356
113.13038977234487	0.003745633885735668	0.40483906743920817	0.1313733545585326	1.901042115939721e-05	0.03166095629540577
113.31605088720512	0.003891888581504099	0.4114054054040558	0.13147368893210715	1.9515225243817022e-05	0.03157272039555074
113.50171200206536	0.00403814327727253	0.4175266596447066	0.13157403150857944	2.0001104384203325e-05	0.03148448715432195
113.68737311692561	0.004184397973040961	0.42317962522522834	0.1316743822885294	2.046794167657002e-05	0.031396256571139404
113.87303423178587	0.004330652668809391	0.4283410976638731	0.13177474127251546	2.0915620210061008e-05	0.0313080286454447
114.05869536446824	0.0044466387410298765	0.4329774206744107	0.1318754950577708	2.119979300540026e-05	0.031219818998724922
114.24435652282622	0.0045190179828231815	0.437059396735757	0.13197681108272452	2.1263280194568254e-05	0.03113163356762007
114.43001768118421	0.0045913972246164865	0.4405782592520043	0.13207813116990938	2.1316517686989458e-05	0.031043449449489665
114.61567883954223	0.0046637764664097916	0.4435107550132269	0.1321794553193579	2.1359447307863208e-05	0.03095526664430101
114.80133999790021	0.0047361557082030966	0.4458336310354864	0.13228078353109665	2.1392010880704318e-05	0.0308670851520278
114.9870011562582	0.004808534949996402	0.44752363456085986	0.13238211580514547	2.141415022734275e-05	0.030778904972650033
115.17266202199635	0.005017996692384803	0.4486162785995404	0.1324817242564755	2.2027200271191094e-05	0.03069066292199503
115.35832179738838	0.0057382487009375975	0.4492600805074436	0.13257492034248813	2.4820165462585425e-05	0.030602193962251396
115.54398157278047	0.006458500709490391	0.44922067255385656	0.1326681567115212	2.7518926923252424e-05	0.030513738208217758
115.72964134817252	0.007178752718043184	0.44847524871940125	0.13276143337932564	3.0122931727456246e-05	0.030425295644143254
115.91530112356457	0.007899004726595977	0.44700100515940006	0.1328547503611297	3.2631626783805196e-05	0.03033686625479951
116.10096089895664	0.00861925673514877	0.44477666418136214	0.13239105667555623	3.5172672713387316e-05	0.030276266683156076
116.28662048801702	0.009203035672097688	0.44173867178640974	0.13146192179030877	3.7206342678509344e-05	0.030239082011046685
116.47227760444768	0.007975811066633429	0.43701506573395155	0.1305547469763576	3.194987931278515e-05	0.030202589646909056
116.65793472087839	0.006748586461169169	0.4315527746287063	0.12964710582218034	2.678434462225626e-05	0.030166048128251726
116.84359183730905	0.0055213618557049095	0.42538470156642305	0.1287389983420371	2.1709658637559204e-05	0.03012945744081502
117.02924895373974	0.004294137250240649	0.41854384289997826	0.12783042455014207	1.672574125280433e-05	0.03009281757038441
117.21490607017043	0.003066912644776389	0.4110632882857686	0.12692138446066473	1.1832512225585572e-05	0.03005612850279054
117.4005631866011	0.0018396880393121288	0.40297622073009454	0.12601187808772937	7.029891176989676e-06	0.03001939022390921
117.58622339937702	0.002196616982434053	0.3953232826831913	0.12508469287422097	8.311375311879523e-06	0.02998220631787651
117.77188389464348	0.0026980738560157536	0.3872786557055469	0.12415610011651526	1.0107458319288598e-05	0.029945003712985713
117.95754438990996	0.0031995307295974535	0.3787866498744525	0.12322769762546727	1.18660385887009e-05	0.02990782148184217
118.14320488517643	0.003700987603179154	0.3698809989553997	0.12229948540341891	1.3587185344440984e-05	0.029870659622103994
118.32886538044289	0.0042024444767608535	0.3605953985342303	0.1213714634527017	1.5270967788383074e-05	0.029833518131439796
118.51452587570935	0.004703901350342554	0.35096350602490184	0.12044363177563651	1.6917455099950273e-05	0.029796397007528584
118.70018557469918	0.005432649093725272	0.3411867917783019	0.11951378548627985	1.9335212974256913e-05	0.02975926747940206
118.88584502616229	0.006232051373137974	0.33119208926890226	0.11858354366561427	2.194742992523278e-05	0.029722160092137958
119.07150447762538	0.007031453652550677	0.3209619082904632	0.11765360511706166	2.450024537844643e-05	0.029685085225293013
119.25716392908849	0.00783085593196338	0.31052967100603934	0.1167239698464725	2.699377933723894e-05	0.02964804287301639
119.4428233805516	0.008630258211376082	0.29992873883316706	0.11579463785967005	2.942815174803208e-05	0.029611033029484965
119.62848283201473	0.009429660490788784	0.2891924124635866	0.11486560916244985	3.180348250032495e-05	0.02957405568890319
119.81414311259657	0.009517784884846286	0.27775727064476824	0.1139429828142958	3.174965663077628e-05	0.02953711400958679
119.99980392319677	0.009151221295294778	0.26584109472659817	0.11302420240488306	3.0191089285472403e-05	0.029500168784375964
120.18546473379695	0.00878465770574327	0.25384831018386167	0.11190953386932152	2.9019962639262012e-05	0.02949116372832191
120.37112554439715	0.008418094116191766	0.24179649477695123	0.11079460363785477	2.7835147000133386e-05	0.029482162117505446
120.55678635499734	0.008051530526640257	0.22970001960513625	0.10967961870214846	2.663765888394431e-05	0.029473134393842942
120.74244716559753	0.00768496693708875	0.21757329958579683	0.10856457905982177	2.5428918031444508e-05	0.02946408055971524
120.9281080764945	0.007380796093369527	0.2054890510093415	0.10744898389619	2.4416588235528166e-05	0.0294550126641002
121.1137691060771	0.007150457394498691	0.19347541443296837	0.1063327562172689	2.3639504951329968e-05	0.029445939983017092
121.29943013565969	0.006920118695627855	0.18147897949671207	0.10521649416824053	2.285445042725868e-05	0.029436850888698907
121.4850911652423	0.00668977999675702	0.1695141794400144	0.10410019774806761	2.2062317537075345e-05	0.02942774538218263
121.67075219482489	0.006459441297886183	0.15759547507721852	0.10298386695572344	2.1263999183507556e-05	0.029418623464495267
121.85641322440748	0.006229102599015347	0.14573735480962305	0.10186750179019333	2.0460388298250992e-05	0.029409485136651363
122.04207416796068	0.005947853593339111	0.13390255202239412	0.10075148811795062	1.9485702929850368e-05	0.029400309700512113
122.22773491569703	0.005550724428970703	0.1220368416368519	0.09963630210883043	1.813025131701578e-05	0.029391063002146854
122.41339566343333	0.0051535952646022945	0.1102714348333566	0.09852105680907718	1.6775930040273054e-05	0.029381788038498974
122.59905641116967	0.004756466100233885	0.0986212123426625	0.09740575221651172	1.5424277730147555e-05	0.02937248481174727
122.784717158906	0.004359336935865477	0.08710110272446839	0.09629038832905937	1.407683310335331e-05	0.029363153323966534
122.97037790664234	0.003962207771497069	0.07572608247521531	0.09517496514475642	1.2735134962794286e-05	0.02935379357712049
123.15603857639687	0.00353572358030706	0.06447939574187235	0.0940596921646141	1.1306887825796562e-05	0.029344387383798725
123.34169881366407	0.0029464363169225557	0.05322970684551166	0.09294550522803058	9.370899743222388e-06	0.02933484419831071
123.52735905093125	0.002357149053538051	0.042167264984187644	0.09183123025833642	7.452471220685024e-06	0.0293252591248678
123.71301928819842	0.0017678617901535465	0.03130767321155014	0.09071686725284828	5.553884479239618e-06	0.029315632166153387
123.89867952546561	0.0011785745267690417	0.020666622204939367	0.08960241620922393	3.6774219298142595e-06	0.029305963324509483
124.0843397627328	0.0005892872633845372	0.010259736349230483	0.08854692773979937	1.83114317906159e-06	0.029306790989415635
124.27	0.0	0.00013786416017756993	0.08756225000000001	-0.0	0.029320250000000003
