Q20	Q30	EHFB	M22	M23	M33
144.0	0.0	0.0001	0.0345	-0.0	0.0323
144.15266565123576	0.00023580612857903584	0.0001452371754583266	0.03443427697581257	-8.500210270373947e-05	0.03221124112311197
144.30533130247153	0.0004716122571580717	0.00015915194613385096	0.034361921958717706	-0.00017187090278901837	0.032129141688747226
144.45799695370732	0.0007074183857371074	0.00011424131057260831	0.03428267878737227	-0.0002602103084810391	0.03205395785824885
144.61066260494306	0.0009432245143161434	0.00014188554634695188	0.03419629087013122	-0.0003495988035255816	0.03198594622326201
144.76332825617882	0.0011790306428951791	0.0003583954524391892	0.03410250118535498	-0.00043958590455004764	0.03192536380542611
144.9159939074146	0.0014148367714742149	0.0006829809964037917	0.03400105228171739	-0.0005296880887441164	0.031872468056067464
145.06865969510542	0.0013808464214368622	0.0010325241024876923	0.03388903071275279	-0.0006185937833822288	0.03182778932430138
145.22132550676383	0.0012994679471495945	0.0014691729282390546	0.03376847045701893	-0.0007061451689785299	0.03179122398771721
145.3739913184222	0.001218089472862327	0.002005372356855796	0.033639618972823866	-0.0007918556409927031	0.0317629404065148
145.5266571300806	0.0011367109985750594	0.002641210776690233	0.03350225073609165	-0.0008750643508840438	0.031743164104769996
145.67932294173897	0.0010553325242877918	0.0033768627517120715	0.03335614037679124	-0.0009550448087723916	0.03173212045251388
145.83198875339735	0.0009739540500005244	0.00421254235000797	0.03320106267897337	-0.001030992143528194	0.03173003466569574
145.98465456771905	0.000897813006777878	0.005149314238797931	0.03303683580073282	-0.0011020340725408193	0.03173713667174837
146.13732038318716	0.0008239263657088047	0.006186751849679313	0.032863205219733085	-0.0011671430480895016	0.03175365434632841
146.28998619865524	0.0007500397246397313	0.00732469706978296	0.03267992593004304	-0.0012251462373694024	0.03177981212862599
146.4426520141233	0.0006761530835706581	0.008563377289505066	0.032486772470393326	-0.0012746966577874834	0.031815835479910494
146.59531782959138	0.0006022664425015846	0.009903010623715037	0.032283519519433035	-0.0013142056590578636	0.03186194972153276
146.74798364505946	0.0005283798014325114	0.01134380467862315	0.03206994189576035	-0.0013417599285180772	0.03191838003489461
146.90064946532837	0.0004660512386919889	0.012886892212473527	0.03184587605273418	-0.0013550706189109933	0.031985400120289324
147.0533152894979	0.00041311347401795174	0.014531918031499304	0.03161106519997642	-0.0013511036249222903	0.03206324800497483
147.20598111366743	0.0003601757093439147	0.01627822371362578	0.031365226560371856	-0.0013257615396328548	0.032152117514144166
147.35864693783697	0.0003072379446698775	0.018126014014277995	0.031108132924858298	-0.0012733318474271787	0.03225223585685956
147.5113127620065	0.00025430017999584034	0.02007548494362458	0.030839557184437972	-0.001185017995029823	0.032363830142118785
147.66397858617606	0.00020136241532180333	0.022126823673897858	0.0305592723301931	-0.0010453682683691711	0.032487127378839575
147.81664428942238	0.00029253463819467674	0.024283742388030747	0.030267188164128895	-0.0008207866306657105	0.03262364170941518
147.96930980976921	0.0006016769950128594	0.02654491291604957	0.029962705590721023	-0.00036014099707917455	0.03277473150036298
148.12197533011607	0.0009108193518310423	0.028904262379599456	0.02977800899259639	-7.040385102776478e-05	0.03280909291138396
148.2746408504629	0.0012199617086492238	0.03136080515097522	0.02962547751363733	-8.568970831675358e-05	0.032812064230386746
148.42730637080976	0.0015291040654674065	0.03391266651450063	0.02947301668862841	-0.00010064616565563511	0.03281497728422627
148.57997189115662	0.0018382464222855893	0.03655791821319193	0.02932062653218872	-0.00011551756988852877	0.03281783205828348
148.73263739926605	0.001985272320605549	0.039294763706622104	0.02916823330106791	-0.0001253482227245519	0.03281907366037947
148.8853028712018	0.001653082005289284	0.042122856942573755	0.02901560298670401	-0.00011903690306812902	0.03281573438956657
149.03796834313755	0.0013208916899730195	0.04503938036574304	0.02886290005189287	-0.00011057018023552726	0.03281245442677816
149.19063381507328	0.0009887013746567549	0.04804096363573896	0.028710124448557296	-9.926562912316408e-05	0.03280923382009153
149.34329928700902	0.0006565110593404902	0.05112428899543707	0.028557276128600033	-8.38270692544392e-05	0.03280607261760388
149.49596475894478	0.00032432074402422804	0.0542860912996031	0.028404355043903828	-6.098474744809372e-05	0.032802970867432425
149.64863026576123	2.547027746734975e-05	0.05752307783852554	0.028251397648727004	-1.767123890274482e-05	0.03280023102610056
149.8012960985768	3.821783097087064e-05	0.06083211131731756	0.028098750077695123	-2.2375395777967306e-05	0.03280034312661014
149.95396193139237	5.096538447439153e-05	0.06421173191964147	0.02794610537072579	-2.668109959183396e-05	0.03280045287391263
150.10662776420793	6.371293797791243e-05	0.06765931179148119	0.02779346352900576	-3.07735457285781e-05	0.03280056026682123
150.25929359702351	7.646049148143332e-05	0.07117222105373515	0.027640824553721806	-3.474362329161528e-05	0.03280066530414914
150.41195942983904	8.920804498495412e-05	0.07474782780139365	0.02748818844606076	-3.8642947448493663e-05	0.03280076798470963
150.56462526265463	0.00010195559848847503	0.07838349810287135	0.02733555520720924	-4.250361713258321e-05	0.03280086830731593
150.7172910943416	0.00012437347144090733	0.08207678018065451	0.0271829430531211	-4.8261959027293666e-05	0.03280104772568724
150.8699569259738	0.0001472606008001234	0.08582494476784876	0.027030336885821803	-5.394900305680848e-05	0.03280122690157737
151.02262275760597	0.00017014773015933948	0.08962535007861398	0.026877735876377994	-5.953153475357246e-05	0.032801401836808804
151.1752885892382	0.0001930348595185556	0.09347535773194673	0.026725140026884312	-6.505131523503278e-05	0.032801572529286706
151.32795442087036	0.0002159219888777715	0.0973723257031546	0.026572549339435564	-7.053677662850673e-05	0.03280173897691644
151.48062025250258	0.0002388091182369876	0.10131360832375753	0.02641996381612622	-7.600806854260911e-05	0.03280190117760343
151.63328608377782	0.0002639387818858119	0.10529666008155675	0.026267389201128415	-8.182858040357819e-05	0.03280207677014333
151.785951914961	0.00028964708575934497	0.10931877470520435	0.026114821807915443	-8.773432116664673e-05	0.03280225219305636
151.9386177461442	0.00031535538963287796	0.11337727099797078	0.025962260222530023	-9.364601398092085e-05	0.03280242283839647
152.09128357732737	0.00034106369350641105	0.11746958003984383	0.025823393660168628	-9.930834736590185e-05	0.03279802201116605
152.24394940851056	0.0003667719973799441	0.12159452226005744	0.025693737334237587	-0.00010478928560651277	0.03279054510187355
152.39661523969372	0.0003924803012534769	0.12575199568580123	0.025564085970919043	-0.00011026791092315791	0.03278306278843087
152.54928107227684	0.00039953154161107094	0.12994056609172883	0.025434380248098586	-0.00011313605405733223	0.03277543953540049
152.70194690559896	0.00039673329946614673	0.13416061115498976	0.025304643619215392	-0.00011461305374049775	0.03276774428223615
152.8546127389211	0.0003939350573212226	0.1384127442268197	0.02517490645122366	-0.00011607541700009976	0.032760049616239885
153.00727857224322	0.0003911368151762984	0.14269690116225459	0.025045168744123096	-0.00011752305814130795	0.03275235553741201
153.15994440556534	0.0003883385730313742	0.14701301773286912	0.024915430497913338	-0.00011895589018824009	0.03274466204575286
153.3126102388875	0.00038554033088645005	0.15136102962671327	0.024785691712594028	-0.0001203738248529725	0.03273696914126282
153.4652760670855	0.00041191629536442673	0.15574368045282277	0.024656062010985493	-0.00012633704237895304	0.032729470400957715
153.61794189000557	0.00046834237720104087	0.16016131495840263	0.024526553231626017	-0.00013675776027701384	0.03272216233029042
153.77060771292565	0.0005247684590376551	0.1646110804597958	0.02439705536526212	-0.00014692658779239245	0.032714842377514895
153.92327353584574	0.0005811945408742692	0.1690929063245203	0.02426756841101368	-0.00015690207533959843	0.03270751054351133
154.07593935876582	0.0006376206227108834	0.17360672361413465	0.02413809236800059	-0.00016672792909347284	0.03270016682915982
154.2286051816859	0.0006940467045474976	0.17815246508404753	0.02400862723534276	-0.00017643765057563573	0.03269281123534044
154.3812710083068	0.0007307750749140681	0.1827277433215247	0.02387908752506164	-0.00018359587310349057	0.032685325551612604
154.5339368416517	0.0007317144271788089	0.18733033205987434	0.023749396132842333	-0.0001862587098369748	0.03267762112415021
154.68660267499658	0.0007326537794435496	0.19196426096358687	0.02361970492140692	-0.00018892472925386255	0.032669916499770614
154.83926850834143	0.0007335931317082904	0.19662946773633538	0.02349001389075461	-0.00019159392834526217	0.032662211678474676
154.99193434168635	0.0007345324839730309	0.20132589011010749	0.023360323040884517	-0.0001942663041102063	0.03265450666026316
155.1446001750312	0.0007354718362377716	0.2060534658451832	0.02323063237179592	-0.0001969418535554399	0.03264680144513693
155.29726600824006	0.0007390454145697696	0.21081249945908587	0.023100954837576515	-0.00019997774342846603	0.03263911018407557
155.44993184086786	0.0007538720563344972	0.21560418906381185	0.022971334414911344	-0.000204559212234006	0.03263147744269205
155.60259767349567	0.0007686986980992249	0.22042694848411803	0.02284171685037316	-0.00020917168112319628	0.03262384158853538
155.75526350612347	0.0007835253398639525	0.22528071791618862	0.02271210214389446	-0.00021381498209014138	0.03261620262167302
155.90792933875127	0.0007983519816286802	0.23016543800106654	0.022582490295407796	-0.00021848894812230712	0.032608560542172454
156.0605951713791	0.000813178623393408	0.23508104256674398	0.022464990767594686	-0.00022281140874178185	0.03259637073680178
156.2132610039388	0.0008258387305222078	0.24002682740671621	0.022365881234329296	-0.0002262741416107643	0.03257726230480678
156.36592683533343	0.0008014181247342775	0.24499623888591762	0.022266568622677757	-0.00022460586702800992	0.03255797930061781
156.518592666728	0.0007769975189463475	0.24999437508964412	0.022167252740190907	-0.0002228330546129945	0.03253870143136024
156.67125849812263	0.0007525769131584173	0.25502047313426013	0.022067933589147413	-0.00022095202567743984	0.03251942869475532
156.8239243295172	0.0007281563073704874	0.26007377044244584	0.021968611171826337	-0.00021895881972882526	0.032500161088524035
156.97659016091183	0.0007037357015825573	0.26515350474321286	0.021869285490506995	-0.00021684916209733647	0.03248089861038704
157.12925599230638	0.000679315095794627	0.2702589140719076	0.02176995654746908	-0.00021461842654690725	0.03246164125806472
157.28192174027757	0.0008283162866342109	0.275422452900386	0.021671650932763808	-0.00023874368323082817	0.032443084501295155
157.43458747752285	0.000999614638698852	0.2806160591856049	0.021573498835106304	-0.0002641998836657771	0.03242458341119938
157.5872532147681	0.001170912990763493	0.28583482578234864	0.021475369734996645	-0.00028802842697985806	0.03240604624786119
157.73991895201343	0.0013422113428281342	0.2910780157676788	0.021377263605094503	-0.0003106095474149221	0.03238747303862083
157.8925846892587	0.0015135096948927752	0.2963448900664313	0.021279180418076082	-0.0003322027551448117	0.03236886381080216
158.04525042650397	0.0016848080469574163	0.3016347074518139	0.021181120146633883	-0.00035299411371999634	0.03235021859171269
158.19791607384116	0.0015332946042915943	0.3068760290154824	0.021081040505314542	-0.0003390666150620379	0.03233044829393837
158.3505816919831	0.00127695672690121	0.31211235713516616	0.020980271328936918	-0.00031152694947001147	0.03231036626845099
158.50324731012506	0.0010206188495108254	0.31736538110600354	0.020879468910994924	-0.0002803857535676081	0.032290337051518216
158.65591292826696	0.0007642809721204444	0.322634321456544	0.02077863325549208	-0.00024425802841912704	0.03227036063913659
158.8085785464089	0.0005079430947300599	0.3279184019278686	0.020677764366463323	-0.00020045173389450992	0.032250437027271095
158.96124416455086	0.00025160521733967546	0.33321684947489866	0.020576862247975225	-0.00014201168933077548	0.032230566211855174
159.11390978947668	0.00028954830784110204	0.33860159298496456	0.020477900752576352	-0.00015336622573740592	0.03221156162390701
159.26657541927472	0.0005388475962108572	0.3440552040398601	0.020380376447212294	-0.000210634202058762	0.032193110744132836
159.41924104907275	0.0007881468845806123	0.3495257266503379	0.02028288559326694	-0.0002564504920424455	0.03217460738322352
159.5719066788708	0.0010374461729503674	0.355012406787019	0.02018542814450432	-0.00029618594000897373	0.032156051587415024
159.72457230866885	0.0012867454613201225	0.36051448729420765	0.020088004054724013	-0.0003320378914157306	0.03213744340290778
159.8772379384669	0.0015360447496898775	0.36603120789113663	0.01999061327776114	-0.0003651583336619712	0.03211878287586667
160.02990366058302	0.0016720455453362543	0.371530541648746	0.01989842113729108	-0.0003831996826597164	0.03209834112105769
160.18256949392998	0.001671537031683568	0.37700381743258043	0.019829782098018243	-0.000384341226537955	0.03207148594896348
160.3352353272769	0.001671028518030881	0.3824880638782991	0.019761142971869733	-0.00038548160382901925	0.03204463090838374
160.48790116062384	0.0016705200043781944	0.3879833682514755	0.019692503758889035	-0.00038662081444068797	0.03201777599927498
160.64056699397074	0.0016700114907255079	0.39348981781850256	0.01962386445911963	-0.00038775885828065513	0.03199092122159373
160.79323282731767	0.0016695029770728213	0.39900749984659467	0.019555225072604945	-0.0003888957352561769	0.031964066575296504
160.94589864889312	0.001700723875039014	0.4045461623011839	0.019486818525293638	-0.0003937258218882563	0.0319372640101728
161.09856443983733	0.0018145093738535726	0.41012206031519444	0.01941902363740654	-0.0004079444725622899	0.03191058470970453
161.25123023078157	0.0019282948726681314	0.4157105299443917	0.019351237479140013	-0.0004218391150233719	0.0318838866912026
161.4038960217258	0.00204208037148269	0.42131165462406484	0.01928346003669687	-0.00043544116926700596	0.0318571699684642
161.55656181267005	0.0021558658702972486	0.42692551760969527	0.019215691296289826	-0.0004487776275271303	0.031830434555276635
161.7092276036143	0.0022696513691118072	0.43255220197700917	0.019147931244141558	-0.0004618718706665564	0.031803680465417226
161.8618933452613	0.0023155146051696634	0.4381691918641709	0.01907966541654585	-0.00046792136853063845	0.031776830270908815
162.0145588101979	0.001980123101252981	0.4436699184634536	0.019008501421940317	-0.00043395945559213036	0.031749568601471385
162.16722427513452	0.0016447315973362993	0.4491795541826836	0.01893731278172882	-0.00039664515084947657	0.031722361019192374
162.31988974007112	0.0013093400934196173	0.45469819729868616	0.01886609948986981	-0.0003549196708839207	0.03169520753011328
162.47255520500772	0.000973948589502935	0.46022594663381894	0.018794861540399024	-0.000306986092788651	0.031668108140198416
162.62522066994435	0.0006385570855862575	0.4657629015564553	0.018723598927429384	-0.00024928436894297134	0.031641062855334814
162.77788613488096	0.00030316558166957534	0.4713091619814604	0.018652311645151114	-0.0001722571618024561	0.03161407168133228
162.93055153039833	0.0006505394722577701	0.47711396878602647	0.018586342309268644	-0.00025309653151015486	0.031587532373010055
163.08321692397766	0.0010169750565539272	0.4829415580230442	0.01852055009895239	-0.0003174033487985207	0.03156094487085683
163.23588231755696	0.0013834106408500842	0.48878513029494475	0.01845478650925933	-0.0003713058834748748	0.031534296581411624
163.3885477111363	0.0017498462251462415	0.49464475393665747	0.01838905146718175	-0.00041884094129884065	0.0315075875776821
163.54121310471564	0.0021162818094423988	0.500520496716811	0.01832334489982119	-0.00046197862946240455	0.031480817932566775
163.69387849829496	0.0024827173937385554	0.506412425838315	0.01825766673438824	-0.0005018545063610588	0.031453987718855034
163.84654412920912	0.002351558753586499	0.5121255376707059	0.0181880028959376	-0.000489803522035778	0.031427058396603424
163.9992098028807	0.0021307552796005938	0.5178149933530805	0.01811760297644663	-0.0004675517663013781	0.03140015049858625
164.15187547655228	0.001909951805614689	0.523515520463164	0.018069928207520652	-0.0004429554502597123	0.03136953214511852
164.30454115022383	0.0016891483316287842	0.5292266474595542	0.018022364678691886	-0.0004168349367167845	0.03133891824388844
164.4572068238954	0.0014683448576428798	0.5349477876126034	0.01797479408966348	-0.0003888892251003124	0.03130832825741353
164.609872497567	0.001247541383656975	0.5406783552057459	0.01792721643847835	-0.0003586916790105617	0.031277762187650895
164.76253825965662	0.0012353989271769695	0.5465050997458899	0.01788133817159344	-0.0003571859550607359	0.031247163920151404
164.91520406563075	0.0013268212191694137	0.552385710942011	0.017836308249291166	-0.00037042500329881783	0.031216533391725195
165.0678698716049	0.0014182435111618577	0.5582766891095744	0.017791281383764276	-0.00038324073142050014	0.031185892827994634
165.22053567757905	0.001509665803154302	0.5641774288434547	0.017746257568617745	-0.0003956741521900765	0.031155242235354784
165.37320148355317	0.0016010880951467462	0.5700873243232604	0.017701236797463955	-0.00040776011945300273	0.031124581620193256
165.52586728952735	0.0016925103871391878	0.5760057693133838	0.017656219063922705	-0.00041952854648365007	0.03109391098889021
165.67853299238055	0.0015947564315597544	0.5818481332765582	0.017609637914241465	-0.00040750212560950995	0.03106334390384259
165.83119860795927	0.0013368965077322616	0.587624471951603	0.017561725431245914	-0.00037334423732886973	0.031032892095731096
165.98386422353803	0.0010790365839047685	0.5934046484645545	0.01751380478120741	-0.0003356270389090857	0.031002468137834527
166.13652983911675	0.0008211766600772757	0.5991880884255638	0.017465875959762126	-0.00029297859334173637	0.03097207203451676
166.28919545469546	0.0005633167362497826	0.6049742186322222	0.01741793896260182	-0.00024281364313045973	0.03094170379008603
166.44186107027417	0.0003054568124222896	0.6107624670699464	0.0173699937854739	-0.00017891685779041313	0.030911363408794905
166.59452636897095	0.00035094948105396785	0.6166944619185165	0.01732458011908765	-0.00019190743156020855	0.03088077175030272
166.74719111265614	0.0009277573393423456	0.6228809971823568	0.017283626104191003	-0.0003122486941683918	0.030849655992250258
166.8998558563413	0.0015045651976307234	0.6290744708025588	0.017242692596240408	-0.0003979234369065359	0.03081847569813985
167.05252060002647	0.0020813730559191015	0.6352742130625019	0.017201779485659513	-0.00046835613329239124	0.030787230977547812
167.20518534371166	0.002658180914207479	0.641479551685827	0.017160886663192838	-0.0005296602918677041	0.030755921939729626
167.35785008739683	0.003234988772495857	0.647689811838371	0.01712001401990549	-0.000584712144323421	0.030724548693620197
167.51051492706077	0.00356989610716986	0.6537853906923746	0.017077108737748117	-0.0006146440357386078	0.0306934169137965
167.66318008039843	0.003114233780366318	0.659491145979958	0.017027493984497315	-0.0005744310973693647	0.03066328926913695
167.8158452337361	0.0026585714535627765	0.6651922391569267	0.016977865359389374	-0.0005310730257820783	0.030633210278214022
167.96851038707376	0.0022029091267592345	0.6708881298162268	0.01692822283324949	-0.0004837237175032717	0.03060317997020254
168.12117554041146	0.0017472467999556929	0.6765782155793783	0.016893694466529018	-0.00043073353741826786	0.030579281297312518
168.2738406937491	0.0012915844731521508	0.6822614118306675	0.016863094557817537	-0.00037020198107968983	0.030556997886586047
168.42650585781362	0.0008852231717703847	0.6879617338974341	0.01683291374004903	-0.00030637367843980046	0.030534671991285754
168.57917119498126	0.0012744522273574852	0.6940642676577139	0.016809522405996404	-0.0003674927014370293	0.030511129488094545
168.73183653214892	0.0016636812829445857	0.7001617436955953	0.01678613370911414	-0.0004197418555341019	0.03048755760792971
168.88450186931655	0.002052910338531686	0.7062527425054739	0.016762747614431944	-0.0004661126402905197	0.03046395638576155
169.03716720648418	0.0024421393941187865	0.7123358464781908	0.016739364087119027	-0.0005082158367440017	0.03044032585642088
169.18983254365185	0.002831368449705887	0.7184096398995465	0.016715983092483955	-0.0005470369319124766	0.030416666054599088
169.3424978808195	0.003220597505292988	0.7244727089488143	0.016692604595974624	-0.0005832309583483164	0.030392977014848305
169.4951631922206	0.002879600457832095	0.7301318782050124	0.016662977819194586	-0.0005512970753285217	0.030370570575246444
169.6478285015396	0.0024795975909153406	0.7357410371094958	0.0166328446274255	-0.0005113965404895484	0.030348296913363517
169.80049381085865	0.0020795947239985865	0.7413303269654337	0.016602709940959026	-0.0004681715629290346	0.030326052226130627
169.95315912017767	0.001679591857081832	0.746898419596858	0.016572573735739303	-0.0004205977390725257	0.03030383653760362
170.1058244294967	0.0012795889901650774	0.7524439849366104	0.01654243598784184	-0.00036698689642896066	0.030281649871706978
170.25848973881574	0.000879586123248323	0.7579656910247801	0.016512296673473585	-0.00030416247322623914	0.03025949225223376
170.41115454307842	0.0012359517309261194	0.7638822897847949	0.016488636032044694	-0.0003604271586541309	0.030235843482852406
170.56381918206395	0.001839835157095125	0.7699150461662264	0.016467099547280404	-0.00043959633181278336	0.030211660722113978
170.71648382104945	0.002443718583264131	0.7759258070246704	0.01644556723470678	-0.0005064490517739517	0.030187432302944534
170.86914846003498	0.0030476020094331374	0.781913152488678	0.016424039017315824	-0.0005653697548625363	0.03016315830235204
171.0218130990205	0.003651485435602143	0.7878756656259531	0.016402514818443435	-0.0006186275115019335	0.03013883879700063
171.174477738006	0.004255368861771149	0.7938119324397935	0.016380994561769068	-0.0006675776173884513	0.030114473863210846
171.32714310921804	0.004476168615616403	0.7995013919086511	0.016356186032335615	-0.0006844274203307416	0.030090922362287234
171.4798089412196	0.004455894185261191	0.8050210940469227	0.0163293064089241	-0.0006826291572982918	0.03006790376029881
171.63247477322113	0.004435619754905979	0.8105069151327481	0.016302426669209627	-0.0006808280965104138	0.03004488666745909
171.78514060522264	0.004415345324550766	0.8159574917323839	0.016275546813396137	-0.0006790242193177935	0.030021871083564158
171.9378064372242	0.004395070894195554	0.821371460315164	0.01624866684168793	-0.0006772175068460267	0.02999885700840967
172.0904722692257	0.004374796463840342	0.8267474831819912	0.016230802920830005	-0.0006750657449879187	0.02997814225637592
172.2431376201989	0.004107004056850934	0.831938845336024	0.016217011829728928	-0.0006532884034738916	0.02995961187585536
172.39580237782076	0.003533896707717416	0.8369086621470524	0.0162006075791171	-0.0006052727776010477	0.02994184487590362
172.5484671354426	0.002960789358583897	0.8418353246639539	0.016184215071182017	-0.0005533634487921027	0.029924103317925325
172.70113189306443	0.0023876820094503783	0.8467182729105304	0.01616783424264382	-0.0004963386806157707	0.02990638726520033
172.85379665068626	0.0018145746603168602	0.851556958631124	0.016151465030415584	-0.00043217648478960905	0.029888696780815557
173.0064614083081	0.0012414673111833417	0.8563508453033699	0.016135107371603567	-0.0003570473882333787	0.029871031927664743
173.15912610059536	0.0010318706830981536	0.861319483450359	0.016121859392010947	-0.00032512202313790577	0.029852458821603933
173.31179064234232	0.0016598555287495906	0.8667532161242999	0.016115746964312727	-0.000411833082184044	0.029831723317620126
173.46445518408922	0.002287840374401045	0.8721463491275048	0.0161096235831003	-0.0004828913233546235	0.0298109580219676
173.6171197258362	0.0029158252200525	0.8774981560495687	0.016103489216752497	-0.0005444598545073482	0.0297901629662675
173.76978426758313	0.003543810065703954	0.8828078978064331	0.01609734383392397	-0.000599469416471637	0.02976933818186518
173.92244880933006	0.004171794911355408	0.888074822655675	0.016091187403544982	-0.0006495881529401424	0.029748483699830394
174.07511348377645	0.004670272194496453	0.8932181121920596	0.016083922414553423	-0.0006864279046082682	0.02972795116552638
174.22777899188196	0.004355142610415746	0.8978120000797121	0.016069761448276185	-0.0006620617108478071	0.02970962289979899
174.38044449998745	0.0040400130263350395	0.90235719743091	0.016055606659474055	-0.00063688680070605	0.029691308903099192
174.533110008093	0.003724883442254333	0.9068531749164422	0.016041458024433658	-0.0006108026741537221	0.02967300919914033
174.6857755161985	0.0034097538581736265	0.9112994096615487	0.016027315519502504	-0.0005836869155266197	0.029654723811574902
174.83844102430402	0.00309462427409292	0.9156953852497833	0.016013179121089016	-0.0005553878840554556	0.029636452763994493
174.9911065324095	0.002779494690012214	0.9200405917268667	0.01599904880566259	-0.000525713940410592	0.02961819607992971
175.1437721594301	0.002528548213063881	0.9243750196285504	0.015985463981786695	-0.000500810997985984	0.02959976938460963
175.29643778714478	0.002277976361699878	0.9286580899199238	0.01597188709225996	-0.00047477134623135443	0.029581353097190274
175.44910341485948	0.002027404510335875	0.932889052075945	0.01595831496835763	-0.0004473544425914748	0.029562948301972827
175.60176904257418	0.0017768326589718722	0.9370673965129036	0.015944747593616124	-0.0004182890276853548	0.02954455501542087
175.75443467028887	0.0015262608076078692	0.9411926187902901	0.015931184951610878	-0.00038720347291134385	0.029526173253958968
175.9071002980035	0.0012756889562438663	0.9452642196132309	0.015917627025956366	-0.0003535647226559764	0.02950780303397266
176.0597660047558	0.001080788268612204	0.9493171895503604	0.015907523490933644	-0.0003249608206775618	0.029489285347575483
176.21243172852616	0.0008978745547198189	0.9533241188798793	0.015902165374156847	-0.0002956435833126571	0.029470748461194993
176.36509745229657	0.0007149608408274341	0.957278800289439	0.01589681351872249	-0.0002633302912429915	0.029452212643693885
176.51776317606698	0.0005320471269350493	0.961182730482629	0.015891467909376285	-0.0002267425047523047	0.029433677910326424
176.67042889983742	0.00034913341304266437	0.965037406350346	0.01588612853087415	-0.0001833373382110472	0.0294151442763367
176.82309462360777	0.0001662196991502795	0.9688443249707994	0.01588079536798216	-0.0001262678873048476	0.029396611756958662
176.97576032596933	0.00025104879825236457	0.9727757388136675	0.01587767508195961	-0.0001548863497305864	0.029377271828761875
177.1284260185358	0.00045837697271881677	0.9767402180084435	0.015875559551793355	-0.0002088914558202549	0.029357560973889387
177.28109171110225	0.0006657051471852632	0.9806609212800328	0.015873437121406906	-0.0002512605025939255	0.02933784871061353
177.43375740366872	0.0008730333216517154	0.9845391687442908	0.015871307802843886	-0.0002871914035243951	0.029318135026890648
177.5864230962352	0.0010803614961181675	0.9883762803603529	0.015869171608161963	-0.0003188688561389345	0.029298419910663086
177.73908878880167	0.0012876896705846198	0.9921735759306501	0.01586702854943285	-0.00034745891252038947	0.02927870334985915
177.89175394220103	0.001697050374194871	0.9960601155033803	0.015866523789907896	-0.00039811063850106265	0.029258370973036105
178.04441856679333	0.002304561577321773	1.0000338690704669	0.015867615937453575	-0.00046301741694757236	0.029237432299103496
178.19708319138562	0.002912072780448675	1.0039704223916197	0.01586868824869464	-0.0005194567740039556	0.02921648911578968
178.34974781597796	0.0035195839835755775	1.0078709110341855	0.01586974074365087	-0.0005699509397850656	0.02919554140307488
178.50241244057025	0.004127095186702479	1.0117364702738214	0.015870773442470093	-0.000615964843645411	0.029174589140811287
178.65507706516254	0.004734606389829381	1.0155682350945323	0.015871786365428117	-0.0006584394767136291	0.029153632308723074
178.80774140500324	0.004819684756278351	1.0190430062212574	0.015868575825525533	-0.0006630564092758566	0.029134272145936106
178.9604052766419	0.004045754490174242	1.0219572558495142	0.015858465381793932	-0.0006063934082928459	0.02911754662240875
179.11306914828057	0.0032718242240701314	1.024847843333086	0.015848381230192412	-0.0005443307138022382	0.029100825821438893
179.26573301991925	0.002497893957966022	1.0277165406378754	0.01583832327820094	-0.0004747528798842366	0.02908410983554658
179.41839689155796	0.0017239636918619126	1.030565120837772	0.01582829143346575	-0.00039369239065845476	0.02906739875708556
179.5710607631966	0.0009500334257578027	1.0333953581149165	0.01581828560379977	-0.0002917254812476189	0.029050692678242927
179.72372468278286	0.0004538627603759935	1.0363774291650953	0.015810512031365232	-0.0002012624850528717	0.029033135611615163
179.87638881251863	0.0011750865723790679	1.0400771221208254	0.015812405393418733	-0.0003231916099578631	0.029011825141982573
180.0290529422544	0.0018963103843821422	1.0437537167541533	0.015815728367178768	-0.0004097465978936915	0.02899124442575916
180.1817170719902	0.002617534196385216	1.0474070533098534	0.01582520974199127	-0.00048050227768709874	0.028973808917006405
180.334381201726	0.0033387580083882908	1.0510341476054506	0.015834668619181893	-0.000541664139089585	0.02895640416375095
180.48704533146176	0.004059981820391365	1.0546316329865963	0.015844105045469143	-0.0005961941648964097	0.028939030119274293
180.63970952977752	0.0047026420378017825	1.0581503208956449	0.015852902295630862	-0.0006404553224691844	0.028921922549652975
180.79237468600002	0.004247947269310611	1.060997670350651	0.01585308200481384	-0.000607659679500061	0.02890811246303122
180.9450398422225	0.0037932525008194393	1.0638154118622234	0.01585327633245817	-0.0005732290978930884	0.028894282551744536
181.097704998445	0.0033385577323282677	1.0666006797982934	0.015853485269194733	-0.0005368485541744387	0.028880432825162016
181.25037015466748	0.0028838629638371083	1.069350600609255	0.015853708805629942	-0.0004980903645626073	0.028866563292677266
181.40303531088998	0.0024291681953459363	1.0720622928212904	0.015853946932345764	-0.00045634847595426594	0.028852673963708317
181.55570046711244	0.0019744734268547647	1.0747328670296834	0.0158541996398997	-0.00041071345090965336	0.02883876484769766
181.70836556631144	0.0023281026090746872	1.0778064303899615	0.015860721369977057	-0.000445159769110869	0.028822533454525828
181.8610306568612	0.0028043370087871894	1.080892301120079	0.01586817890641434	-0.00048766826225937667	0.02880597043128142
182.01369574741096	0.0032805714084996915	1.0839188896547036	0.015875621676506847	-0.0005264754715772766	0.02878942762720938
182.16636083796072	0.003756805808212194	1.086883007181459	0.015883049706661916	-0.0005623493965513788	0.028772905015902357
182.31902592851048	0.004233040207924696	1.0897814734052622	0.015890463023258247	-0.000595821242980504	0.028756402570981655
182.47169101906022	0.004709274607637199	1.0926111165409471	0.01589786165264587	-0.0006272767344757071	0.028739920266097244
182.62435660756125	0.004711196117311076	1.0951215696713612	0.015901619017252174	-0.0006262720448483858	0.02872474940314651
182.77702236152524	0.004555509346588052	1.0974808265037432	0.015904173823130432	-0.0006147348313797103	0.028710004235527102
182.92968811548923	0.004399822575865029	1.0997688792813771	0.01590673358689114	-0.000603055985524766	0.02869525232742238
183.08235386945327	0.004244135805142006	1.1019827198531635	0.015909298303533555	-0.0005912268754598444	0.028680493683833064
183.23501962341726	0.0040884490344189825	1.1041193373255616	0.01591186796805395	-0.0005792380517578431	0.028665728309762918
183.38768537738127	0.003932762263695959	1.1061757180618124	0.0159144425754457	-0.0005670791362204666	0.028650956210218542
183.54035070816477	0.003582461344922134	1.1080539233591338	0.0159155525923021	-0.0005402693737508847	0.028636682099433278
183.69301569551078	0.0030742188776224626	1.1097719764018634	0.015915483657070514	-0.0004995943215574624	0.028622799014546948
183.84568068285682	0.002565976410322792	1.1114048469815	0.015915430894606626	-0.00045562264818534127	0.028608893937580687
183.99834567020287	0.0020577339430231214	1.1129495584246363	0.01591539429515682	-0.0004072872530808596	0.02859496687828811
184.15101065754888	0.00154949147572345	1.1144039669523877	0.01590785225192677	-0.0003533760941656333	0.02858482413689226
184.30367564489495	0.001041249008423779	1.11576940018123	0.015900224831024205	-0.0002896425262680286	0.028574680702630167
184.4563405273238	0.0010010920459430942	1.1172599615256824	0.015896109984173304	-0.0002839513648159979	0.028563370592441576
184.60900527149434	0.001577771432038246	1.1189357207138009	0.015896630096085225	-0.0003563908308389684	0.028550601045531036
184.76167001566486	0.002154450818133398	1.1205158271729028	0.01589715441154465	-0.00041636243463908366	0.02853787901775692
184.9143347598354	0.0027311302042285495	1.122002393953768	0.015897682961579365	-0.00046867789178104357	0.02852520447809144
185.06699950400593	0.0033078095903237015	1.1233975383520176	0.01589821577734265	-0.0005156734657557332	0.028512577395381333
185.21966424817649	0.003884488976418853	1.1247033819044274	0.015898752890113204	-0.0005586939947948565	0.02849999773834789
185.37232918099903	0.00425793429297972	1.1258377378164524	0.015897762887448142	-0.0005848127955017006	0.028487903883257087
185.52499473268762	0.003964677758555249	1.126617205503402	0.015891749548652235	-0.000564225833206772	0.028477251295533027
185.67766028437615	0.0036714212241307775	1.1273247310499288	0.015885734346347213	-0.0005428710095019641	0.028466574268842856
185.83032583606473	0.003378164689706307	1.1279625011145933	0.01587971729687714	-0.0005206541888300059	0.028455872786842508
185.98299138775332	0.003084908155281836	1.1285327002332608	0.01587369841662373	-0.0004974602472241587	0.02844514683315025
186.13565693944187	0.0027916516208573647	1.129037510818154	0.015867677722006344	-0.0004731458817789194	0.02843439639134673
186.28832246941184	0.002488569010613001	1.1294754045258626	0.015861581020513715	-0.00044664822429811265	0.028423640166335612
186.44098782579812	0.0021069524221628767	1.1298232455589332	0.01585488916783093	-0.00041090844717111733	0.028413004907420554
186.5936531821844	0.001725335833712752	1.130113347764669	0.01584819508593475	-0.0003717749281434461	0.028402337650184822
186.74631853857068	0.0013437192452626274	1.1303478879526123	0.01584149880077257	-0.00032803618355822155	0.028391638368681006
186.89898389495698	0.000962102656812503	1.1305290401646626	0.015834800338356637	-0.0002775243049349889	0.02838090703689685
187.05164925134324	0.0005804860683623997	1.130658975673458	0.015828099724764136	-0.00021552997552990154	0.0283701436287552
187.2043146077295	0.00019886947991227519	1.1307398629807741	0.015821396986137153	-0.00012612928551668977	0.028359348118113942
187.35698039963341	0.00015634291272894458	1.1308868407746757	0.015817259022380074	-0.00011181109843001932	0.028347974915424918
187.5096462326172	0.00014580076729601068	1.1309952297628985	0.015813363023454895	-0.00010795402465600853	0.028336548026652822
187.662312065601	0.00013525862186307676	1.1310563311327462	0.01580946695823762	-0.00010395710953086687	0.028325120258635383
187.81497789858474	0.00012471647643014284	1.1310723058708512	0.015805570826943324	-9.98035710449222e-05	0.028313691611157536
187.96764373156856	0.00011417433099720894	1.131045314887041	0.015801674629787113	-9.547298812323182e-05	0.028302262084004166
188.12030956455234	0.00010363218556427502	1.1309772412256336	0.015794771234114137	-9.097501992827015e-05	0.028290833174681736
188.27297510283756	0.00036780168915540577	1.1309488120177194	0.01578914734679093	-0.00017143656184777213	0.02827903918106825
188.42564056182619	0.0007058897938229398	1.1308956178002352	0.015784091988438262	-0.0002375676524794485	0.028267183124154875
188.5783060208148	0.0010439778984904738	1.1307941644940032	0.015779044024834904	-0.00028899329794124056	0.028255367415789698
188.73097147980343	0.0013820660031580076	1.1306432218945441	0.01577400347322959	-0.00033260653202875855	0.028243592038723977
188.88363693879205	0.001720154107825542	1.130441561425697	0.015768970350965496	-0.0003711721001900753	0.028231856975614547
189.03630239778064	0.0020582422124930757	1.130187956138532	0.015763944675480215	-0.00040613101098355186	0.0282201622090238
189.18896801981646	0.002299147678900712	1.1298562511508257	0.01575818096618071	-0.00042936626525924695	0.028208602085609137
189.34163375380308	0.002473325997964727	1.1294546803495646	0.015751909910527058	-0.0004454631184466405	0.02819713153779494
189.49429948778973	0.002647504317028742	1.1289995504218455	0.015745642629119722	-0.00046101637964988593	0.028185681812465783
189.64696522177638	0.002821682636092757	1.128489630148248	0.015739379125612758	-0.0004760794183926431	0.02817425290596761
189.79963095576304	0.0029958609551567713	1.1279236891466138	0.015733119403685786	-0.0004906974698896141	0.0281628448146208
189.9522966897497	0.003170039274220786	1.1273004978717593	0.015726863467044022	-0.0005049092709842268	0.028151457534720137
190.10496227169156	0.003096498321107967	1.1265645504814867	0.015718694632472937	-0.0004991603967496098	0.028140243128855318
190.25762767683867	0.002734914247466253	1.1257105849756721	0.015708292791627138	-0.0004692383797577087	0.02812917913976067
190.41029308198574	0.002373330173824539	1.1248022185550415	0.015697883673341767	-0.000437236022214094	0.02811807136682993
190.56295848713285	0.002011746100182824	1.1238381822554895	0.015687467307932513	-0.0004026584645410869	0.02810691977974741
190.71562389227995	0.0016501620265411102	1.1228172053605598	0.01567704372583336	-0.00036477506805589064	0.028095724348079124
190.86828929742705	0.0012885779528993956	1.121738015400199	0.015666612957596728	-0.0003224237404575242	0.02808448504127265
191.02095481798185	0.0010312601222435148	1.1206184062425824	0.01565698761677131	-0.00028851411034955623	0.028073176148716395
191.17362064950146	0.0010548864012264532	1.1194864960679856	0.01564954948060894	-0.0002918804927678978	0.028061783851356357
191.32628648102104	0.0010785126802093916	1.1182879823997152	0.015642111836884062	-0.00029521192586656005	0.028050394397964952
191.47895231254063	0.0011021389591923298	1.1170216242336777	0.015634674685392903	-0.0002985095726924795	0.02803900778874593
191.6316181440602	0.001125765238175268	1.1156861806796268	0.015627238025932157	-0.00030177453386426214	0.028027624023902614
191.7842839755798	0.0011493915171582065	1.114280410961164	0.015619801858299004	-0.0003050078521481635	0.028016243103637817
191.93694977048864	0.0012087831769969993	1.1128083525199803	0.015612647193494871	-0.00031287503276867075	0.02800486910160878
192.0896153304415	0.0014977053999881162	1.11129570561748	0.015605055858832888	-0.00034822491430614566	0.02798682944369985
192.24228089039434	0.0017866276229792331	1.1097074106176525	0.015595890288370379	-0.0003801786052265929	0.027964105965140377
192.39494645034722	0.00207554984597035	1.1080446281732812	0.015586728761805104	-0.00040960192667773834	0.02794142255115663
192.54761201030007	0.002364472068961467	1.1063085486444384	0.015577571287163725	-0.00043700661155132356	0.027918779193721942
192.70027757025292	0.002653394291952584	1.104500363980211	0.015568417872536218	-0.00046275174892803945	0.02789617588474634
192.85294313020577	0.002942316514943701	1.1026212677179603	0.015559268526075842	-0.00048710084710141773	0.02787361261607657
193.00560894136424	0.0029116757563053897	1.1006379041892456	0.015547594958281686	-0.0004843447434876139	0.02785090043954925
193.1582747668792	0.0028627718033408882	1.0985876225602504	0.015535776368804937	-0.0004800467395206109	0.02782817192124554
193.31094059239422	0.0028138678503763868	1.0964736444888694	0.015523957125325182	-0.0004757165874930124	0.02780543659098248
193.4636064179092	0.0027649638974118857	1.0942971165085853	0.01551213723000405	-0.00047135343789343927	0.02778269444659844
193.6162722434242	0.0027160599444473847	1.092059184881373	0.015500316685005091	-0.0004669564025092075	0.027759945485929884
193.76893806893918	0.0026671559914828837	1.0897609955976801	0.015488495492493749	-0.00046252455195798194	0.02773718970681137
193.92160385488387	0.002551404505699851	1.0873985955721943	0.01547614234916636	-0.00045216661341228857	0.027714359413897122
194.07426963130715	0.002419568035114163	1.084977768165411	0.015463659829398433	-0.0004401226155168056	0.027691495466086433
194.2269354077304	0.0022877315645284755	1.0825009542153372	0.015451175689295632	-0.0004277618492503281	0.027668613011693478
194.37960118415364	0.0021558950939427873	1.0799692837710344	0.015438689937126946	-0.0004150561892685424	0.027645712042449252
194.5322669605769	0.0020240586233571	1.0773838861467686	0.015426202581175505	-0.00040197311260464254	0.027622792550070652
194.68493273700017	0.001892222152771412	1.0747458899218576	0.015413713629738517	-0.0003884746753137443	0.02759985452626044
194.83759852247786	0.0019122478961820573	1.0720634842693815	0.015402435291701837	-0.0003903480332462305	0.02757711611981251
194.9902643135366	0.0020258796614968807	1.0693332016477621	0.01539190502763164	-0.00040160386500624664	0.027554521496942243
195.14293010459534	0.0021395114268117042	1.066551414535086	0.015381376233239635	-0.0004125337616826982	0.02753194275207713
195.29559589565412	0.0022531431921265273	1.0637192989509179	0.015370848907529622	-0.0004231630004336487	0.02750937988621336
195.44826168671284	0.002366774957441351	1.0608380315416548	0.015360323049515477	-0.0004335137174821688	0.02748683290033707
195.60092747777156	0.0024804067227561745	1.0579087895804011	0.015349798658221158	-0.0004436054297074145	0.0274643017954243
195.75359310357538	0.0023760706109747717	1.0549286005201515	0.015337526919554537	-0.00043396428587656294	0.02744138259815828
195.9062585468243	0.002030948329542326	1.0519011349855911	0.015323320986159872	-0.00040099282300889413	0.027417985132076217
196.05892399007317	0.0016858260481098794	1.048833102548758	0.015309111937684543	-0.0003651721943134176	0.027395998154783434
196.21158943332205	0.0013407037666774335	1.0457250931470727	0.015294899751885764	-0.0003255588236386284	0.027376294005655756
196.36425487657095	0.0009955814852449876	1.0425770555853555	0.015280683506028663	-0.00028046050213002534	0.02735655505900491
196.51692031981983	0.0006504592038125414	1.039388890704936	0.015266463226341969	-0.0002266272281112794	0.027336781288602195
196.66958581041786	0.0004812976279558243	1.036159481057824	0.01525365562346636	-0.00019489291324157595	0.027317359027815086
196.82225141729538	0.0007442586311206022	1.0328842255133353	0.015244328262699183	-0.00024231867203476377	0.02729888970324758
196.97491702417287	0.00100721963428538	1.0295639676108583	0.015235004910049125	-0.0002818534342125765	0.02728044597757506
197.1275826310504	0.0012701806374501579	1.0261987594626047	0.015225685571278166	-0.0003164687479179979	0.027262027845035505
197.28024823792788	0.0015331416406149357	1.022788655328564	0.015216370252180684	-0.0003476374998992144	0.027243635299834573
197.43291384480543	0.0017961026437797135	1.0193337116154588	0.015207058958583363	-0.00037621750346713493	0.02722526833614556
197.5855794391513	0.0019774853317626527	1.0158362266075187	0.015197090725610641	-0.0003946921989812903	0.027206724440782433
197.73824495803433	0.0016676209232770437	1.0123096630101889	0.015183141916284924	-0.0003623416418010533	0.027186954209378774
197.89091047691733	0.0013577565147914346	1.0087420919236907	0.01516918947649222	-0.00032684874253996455	0.02716715272055421
198.04357599580032	0.0010478921063058254	1.0051334038635678	0.015155233428222344	-0.0002870509980842954	0.02714731995231892
198.19624151468332	0.0007380276978202161	1.001483486749587	0.015141273793515651	-0.00024082447700005593	0.02712745588263256
198.34890703356635	0.00042816328933460707	0.9977922259042916	0.015127310594463062	-0.0001833712044278889	0.027107560489404187
198.50157255244937	0.00011829888084899789	0.9940595040515575	0.015113343853206082	-9.635571457197423e-05	0.02708763375049232
198.65423836486082	0.00015209424982697345	0.9902685535337973	0.015102169718884688	-0.00010923184506002406	0.027068652412948827
198.80690419032146	0.00020116747914068913	0.9864333603386327	0.015091120475206584	-0.00012559702486308495	0.027049718579099092
198.95957001578216	0.00025024070845440483	0.9825546210845776	0.015080071905059715	-0.00014005121588358583	0.027030789596924336
199.1122358412428	0.0002993139377681205	0.9786323335239998	0.015069024007835132	-0.00015313647875229609	0.027011865467033547
199.2649016667035	0.0003483871670818362	0.9746664958135922	0.015057976782925052	-0.0001651784512433596	0.026992946190034475
199.41756749216415	0.00039746039639555183	0.9706571065143473	0.015046930229722885	-0.00017639091795435376	0.026974031766533728
199.57023323329832	0.0005564784838385044	0.9665973533966653	0.015036783723286325	-0.0002086777997371986	0.026955467031896274
199.7228989544181	0.0007415912615391154	0.9624919795599275	0.015026853199375538	-0.00024085805792906125	0.026937000992922483
199.8755646755379	0.0009267040392397266	0.9583426018816955	0.01501692539518455	-0.0002692009145973786	0.026918553076255954
200.0282303966577	0.0011118168169403377	0.9541492742355003	0.015007705349226933	-0.0002947922534584253	0.02690012223777916
200.18089611777754	0.001296929594640949	0.9499123104953507	0.015001594947941009	-0.0003182009365822473	0.02688170381402415
200.33356183889734	0.00148204237234156	0.9456326270040079	0.014995485965045635	-0.00033995188385164233	0.026863301634613403
200.48622762731222	0.0015295718722123355	0.9413209950774715	0.014988247859981468	-0.0003451396026719622	0.026844446555004474
200.6388934564699	0.0014938036806976742	0.9369749418635859	0.0149803253675513	-0.0003408521079382592	0.026825307918988996
200.7915592856276	0.001458035489183013	0.9325895674000193	0.014972402646549691	-0.0003365209050154757	0.026806166098682055
200.9442251147853	0.0014222672976683516	0.9281657875000617	0.014964479697970141	-0.00033214429636600133	0.026787021093090176
201.09689094394298	0.0013864991061536907	0.923704518020962	0.014956556522806539	-0.0003277204752957495	0.026767872901219462
201.24955677310066	0.001350730914639029	0.9192066748639324	0.014948633122053188	-0.0003232475159728639	0.026748721522075625
201.40222255314112	0.0012460499533536863	0.9146783790817304	0.014940142097218343	-0.0003102512960149076	0.026729313391492617
201.55488827817578	0.0010641944711369997	0.9101212360529766	0.014931014935836063	-0.0002865087457254347	0.026709608341885998
201.70755400321042	0.0008823389889203127	0.9055303102957427	0.01492188689292415	-0.00026069071295006145	0.026689886821872115
201.86021972824506	0.0007004835067036258	0.9009064623881692	0.014912757977259957	-0.0002321058855809101	0.026670148822673604
202.0128854532797	0.0005186280244869389	0.8962505531186539	0.01490362819763176	-0.00019956918615879395	0.0266503943355022
202.16555117831433	0.0003367725422702521	0.891563443485925	0.014894497562838737	-0.0001606982174212293	0.026630623351558726
202.31821688280846	0.00027418680453989634	0.8868369957108382	0.014886349311291777	-0.00014489815843310693	0.02661130766044863
202.4708825361492	0.0005086261743547604	0.882058906205153	0.014880650552762437	-0.00019723645253194157	0.026593174224865814
202.6235481894899	0.0007430655441696114	0.8772527032488093	0.014874953651047126	-0.00023825930427321206	0.0265750613017437
202.77621384283066	0.0009775049139844755	0.8724194044277281	0.01486925860837663	-0.0002731143372328704	0.026556968888851482
202.9288794961714	0.0012119442837993395	0.8675600270080117	0.014863565426997872	-0.00030393121736144505	0.026538896983942274
203.08154514951212	0.0014463836536142034	0.8626755879360608	0.01485787410917392	-0.0003318370962088135	0.026520845584752973
203.2342108265175	0.0016465035575925432	0.8577695316603396	0.014851900707953499	-0.0003538406176903781	0.026502670131864265
203.38687665799443	0.0016226030113382045	0.8528559406800111	0.014844074549753684	-0.00035102210326617853	0.02648355876598499
203.53954248947133	0.001598702465083866	0.8479196450209325	0.01483624823867726	-0.000348187804247216	0.026464445272484337
203.69220832094823	0.0015748019188295275	0.8429615654326965	0.014828421775350084	-0.0003453373384545901	0.026445329650736465
203.84487415242512	0.0015509013725751885	0.8379826226944267	0.014820595160398187	-0.0003424703086917528	0.026426211900115334
203.99753998390202	0.00152700082632085	0.8329837376147784	0.014812768394447789	-0.00033958630192277157	0.026407092019994725
204.15020581537894	0.0015031002800665115	0.8279656775605965	0.014816192338248504	-0.00033643365362559535	0.026391705865002436
204.3028716430149	0.0014615447377398156	0.8229296212252403	0.014819654791155207	-0.0003312656782781711	0.026376299924730524
204.45553747043974	0.0014190187095851816	0.8178744514101732	0.014823109796168004	-0.0003259326468307535	0.026360886949259928
204.60820329786455	0.0013764926814305474	0.8128000569486294	0.014826565390898862	-0.00032054045006412265	0.026345471274083113
204.76086912528942	0.0013339666532759136	0.8077063872398491	0.014830021576607531	-0.00031508601410276736	0.026330052897940298
204.9135349527142	0.0012914406251212794	0.8025933923546148	0.014833478354554014	-0.0003095660119281878	0.026314631819571527
205.06620078013907	0.0012489145969666454	0.7974610230352785	0.014836935725998611	-0.0003039768336599073	0.026299208037716477
205.2188665918704	0.0011698629303274455	0.7923109086411826	0.014840093098058612	-0.00029375883993438217	0.026283610123201483
205.37153239947293	0.001081201560613802	0.7871415458723504	0.014843172603201941	-0.0002819828619960958	0.02626796172842915
205.52419820707544	0.0009925401909001588	0.7819524094150979	0.014846253401342453	-0.0002697664095980572	0.02625230764160275
205.67686401467796	0.0009038788211865154	0.7767434413906313	0.014849335495494219	-0.00025704660432786003	0.026236647859708223
205.8295298222805	0.000815217451472872	0.7715145853195955	0.014852418888672525	-0.00024374456760742558	0.026220982379730282
205.982195629883	0.0007265560817592287	0.7662657861222836	0.01485550358389383	-0.0002297591008893866	0.026205311198652482
206.13486145310702	0.0006901993262254471	0.7609954824318462	0.014859017602622485	-0.00022360157595576054	0.026189890015310392
206.28752728643386	0.0006876692653270376	0.755704585074182	0.014862808711874918	-0.00022286026820752183	0.026174632955652703
206.44019311976064	0.000685139204428628	0.7503941375459485	0.014866599850806005	-0.00022211926323391687	0.02615937574078387
206.59285895308744	0.0006826091435302183	0.745064105400467	0.014870391019481425	-0.00022137856116908767	0.02614411837063819
206.74552478641428	0.0006800790826318089	0.7397144542310777	0.01487418221796686	-0.00022063816213614812	0.02612886084515
206.89819061974106	0.0006775490217333993	0.7343451496711383	0.01487797344632799	-0.00021989806624712665	0.02611360316425361
207.0508564190674	0.0007443546030303238	0.7289555141613854	0.014882329190562317	-0.00023014683893671738	0.026098697514671733
207.20352217649045	0.0008966116788794083	0.7235461317403131	0.014887379224697982	-0.00025223133617849325	0.026084232746930985
207.35618793391347	0.0010488687547284925	0.7181180682632075	0.014892427310992265	-0.000272419586632839	0.02606977748147521
207.50885369133653	0.0012011258305775767	0.7126713053136878	0.014897473447696508	-0.00029110660439493873	0.026055331720053067
207.66151944875958	0.001353382906426661	0.7072058220646406	0.014902517633065241	-0.0003085654772919106	0.026040895464410015
207.81418520618263	0.0015056399822757451	0.7017215952788217	0.014907559865356213	-0.0003249944033227162	0.026026468716288303
207.96685093399333	0.0015542371770641097	0.6962173824302037	0.014911759756298075	-0.00032970674507459423	0.026011505973650154
208.1195165795092	0.001314756509645712	0.6906891724672042	0.014919594167135994	-0.0003025755963680425	0.025995014571832856
208.27218222502506	0.0010752758422273143	0.6851389583915871	0.014929090997307923	-0.0002729871729067942	0.02597850821177908
208.42484787054096	0.0008357951748089167	0.6795662557787012	0.014938595288444725	-0.00024010434727957377	0.02596198890668984
208.57751351605683	0.0005963145073905192	0.6739705798054089	0.01494810705188437	-0.00020232627874550158	0.025945456645227145
208.7301791615727	0.00035683383997212146	0.6683514459917155	0.014957626298970992	-0.00015613807956434898	0.02592891141604687
208.88284482617345	0.00014197249298285333	0.6627091983330015	0.014967350192905063	-9.825205420862229e-05	0.02591248696901031
209.03551065949574	0.00014476046756808775	0.657050836504048	0.014978820350003178	-9.898669805241237e-05	0.0258972392973387
209.18817649281806	0.0001475484421533222	0.6513693720162038	0.014990290424535996	-9.970773757028154e-05	0.025881991772076642
209.34084232614038	0.0001503364167385567	0.6456643335390235	0.015001760416419057	-0.00010041549094906572	0.025866744393308612
209.4935081594627	0.0001531243913237911	0.6399352497380222	0.015013230325567891	-0.00010111026218882428	0.025851497161119088
209.64617399278498	0.00015591236590902557	0.6341816492746748	0.015024700151898026	-0.00010179234198830394	0.02583625007559253
209.79883982610733	0.00015870034049426005	0.628403060806414	0.01503616989532501	-0.00010246200856092365	0.02582100313681338
209.95150565369616	0.00019913554887702865	0.6226012692410724	0.015047937208052291	-0.00011451280997628585	0.025805967734632746
210.1041714807859	0.00024284807189349858	0.6167740425836251	0.01505972921798396	-0.0001261685114093198	0.025790952912506993
210.25683730787557	0.00028656059490996845	0.6109207271234923	0.01507151996515792	-0.00013673927689155722	0.025775940354150227
210.40950313496532	0.00033027311792643843	0.6050408530656597	0.015083309448375003	-0.0001464604818787311	0.025760930060761605
210.56216896205504	0.0003739856409429059	0.5991339505516853	0.015095097666436188	-0.00015549180521832624	0.02574592203354016
210.7148347891447	0.00041769816395937574	0.5931995496596917	0.01510688461814266	-0.00016394753938279774	0.025730916273684703
210.8675006028911	0.0004929254524117588	0.5872397951250258	0.015118916789769772	-0.0001776901154756997	0.025716094582886352
211.02016641226095	0.0005784896416260836	0.5812527443211604	0.015131027510462173	-0.0001920523341445628	0.025701336663311966
211.17283222163076	0.0006640538308404084	0.5752371108311661	0.015143135784660026	-0.00020529107195119774	0.025686583149641052
211.32549803100056	0.000749618020054733	0.5691924257765328	0.015155241610268036	-0.00021761183613856216	0.025671834043968913
211.47816384037037	0.0008351822092690579	0.5631182201545465	0.015167344985191606	-0.00022916308343172944	0.025657089348390137
211.63082964974015	0.0009207463984833826	0.5570140248383142	0.015179445907336823	-0.00024005625565238597	0.02564234906499865
211.78349547202788	0.0009455762545112189	0.5508729102114762	0.015191074408854541	-0.00024269540293556072	0.025627253605509655
211.93616130398286	0.0009249545566939464	0.5446953748702277	0.01520235115105326	-0.0002394576919535245	0.025611889141318
212.0888271359379	0.000904332858876674	0.5384856590374404	0.015220286144683869	-0.0002360930542501759	0.025598742140298506
212.24149296789287	0.0008837111610594014	0.5322442559953685	0.015243006764793877	-0.00023263504169879757	0.025587188624112883
212.3941587998479	0.0008630894632421289	0.5259723931096008	0.015265728334271554	-0.00022916269449774603	0.02557563419791246
212.54682463180293	0.0008424677654248565	0.5196713187992238	0.015288450853635687	-0.0002256751908114173	0.025564078861178428
212.69511996602026	0.023638962050315866	0.516460984379962	0.015486753724153247	-0.0012087238766682275	0.025688540379870735
212.8369722140897	0.08007296234642144	0.5178530078656243	0.01596415300795609	-0.002292761775397822	0.0259931988004093
212.9788244621591	0.136506962642527	0.5192476396352326	0.016469796292926674	-0.0030770711256924987	0.026269513153657508
213.12067671022854	0.19294096293863258	0.520625586161629	0.017002927709155406	-0.0037509873769767115	0.026518239309524946
213.26252895829796	0.24937496323473815	0.52196786534708	0.017562787389231883	-0.004362525372534242	0.026740137135422018
213.4043812063674	0.30580896353084375	0.5232558226096582	0.018148611462379078	-0.0049315708638792526	0.026935970502125758
213.541142158559	0.37097538018725923	0.5255716952514513	0.01885364984292659	-0.005550749434832953	0.027131450856787396
213.6601324367356	0.4666214484348685	0.5312826909832162	0.01994009415582989	-0.006404141559626482	0.02736062250050821
213.7791227149122	0.5622675166824778	0.5362965684529619	0.0210948694748388	-0.007194275360273964	0.02752132087622008
213.89811299308877	0.6579135849300869	0.540587621594552	0.02231386327394681	-0.007925940827007092	0.02761765850992951
214.0171032712654	0.7535596531776961	0.5441320574270385	0.023592946326092316	-0.00860060308467007	0.027653764628698098
214.136093549442	0.8492057214253054	0.5469080150253096	0.024927972682961538	-0.009218100254303425	0.027633785180839632
214.25417396893528	0.9458103216031171	0.5489671071236223	0.026328819822311448	-0.009782933578663885	0.02756087424199065
214.35588570686704	1.0596592523783457	0.5512906610383106	0.028040081281508835	-0.0103735959539777	0.027411847697237396
214.45759744479886	1.173508183153574	0.5523904069035027	0.029812127355116146	-0.010877009601890916	0.02720189179091658
214.55930918273066	1.2873571139288027	0.5522658539192755	0.0316377455824297	-0.011290421724984376	0.026938218983731915
214.66102092066242	1.401206044704031	0.550919375888595	0.033509699194677944	-0.011611208965827685	0.026628066044454887
214.76273265859425	1.51505497547926	0.5483562178691712	0.03542072709006716	-0.011836969081409035	0.026278694074879268
214.86444439652604	1.6289039062544883	0.5445845015335284	0.037363543808817894	-0.011965573775922249	0.0258973885347845
214.95262215969092	1.7533592420601145	0.5396439189346306	0.0395146855941399	-0.011994388781393554	0.025451592407058944
215.0388586984448	1.8793358909102473	0.5332936042491961	0.04171216360273028	-0.011901175410567415	0.024979975131479516
215.12509523719876	2.0053125397603804	0.5255500097612414	0.043919889222769994	-0.011683145411684904	0.024497974447073745
215.21133177595271	2.131289188610513	0.5164531939129936	0.046127815457851454	-0.01133933124204322	0.024015637350249218
215.29756831470667	2.257265837460646	0.5060464729563829	0.04832586718076401	-0.01086929421095893	0.02354303896821658
215.38380485346062	2.383242486310779	0.49437641541269095	0.05050394110913565	-0.010273130822092788	0.023090282583347846
215.45985447987348	2.515388534982239	0.4812410975716302	0.05275596950518001	-0.009513702080240683	0.022647064807371484
215.53154212745088	2.6501762861193243	0.4667440067796669	0.05500665197648095	-0.008598582171761864	0.02224087933826212
215.60322977502824	2.784964037256409	0.4510515848194841	0.05719817852240527	-0.007543462885948154	0.021893729011819338
215.6749174226056	2.919751788393494	0.43424429988900554	0.059318034194710496	-0.006351333558243104	0.02161812877628563
215.74660507018297	3.0545395395305786	0.41640584639439526	0.06135367527032577	-0.005025958814212054	0.02142662235473186
215.81829271776033	3.1893272906676633	0.3976231335654701	0.06329252923070584	-0.003571905248710996	0.02133178226570327
215.88220860623554	3.3277288028655496	0.37781686218669447	0.06516931104892916	-0.0019512045718630031	0.02134780261698924
215.93907450209855	3.4694084646362784	0.3570955932420956	0.06695674334080506	-0.0001651759310307461	0.021497433885625878
215.99594039796156	3.6110881264070076	0.33572574847430176	0.06859435289969594	0.0017413747456758624	0.02179678717798633
216.05280629382455	3.752767788177736	0.313826221849944	0.07005970826971114	0.003756879728733173	0.02226003200480357
216.10967218968756	3.8944474499484647	0.29151871763392395	0.07134500014812596	0.0058713864994326065	0.02290143908452704
216.16653808555054	4.0361271117191935	0.26892777177164606	0.0718597765087929	0.00753712523816917	0.023474015583053953
216.22831654955263	4.175539143847576	0.24625026262340516	0.07063480661957357	0.007658701225913176	0.023359373377409832
216.2992510134693	4.310724788428002	0.22362655173706097	0.06944687897838113	0.007766588411010855	0.023248660957673695
216.37018547738597	4.445910433008428	0.20102246559360484	0.06826062286718657	0.007864347282642186	0.023137955139154502
216.44111994130262	4.581096077588853	0.1785566613117639	0.06707619714538397	0.007951984861584221	0.023027097062458205
216.51205440521926	4.7162817221692785	0.15635080624987555	0.06589376134068843	0.008029510035576861	0.022915927199869617
216.58298886913593	4.851467366749704	0.13452956075839517	0.06471347564828009	0.008096933581978617	0.022804285356208678
216.6589638075839	4.983218510603833	0.11332346959832754	0.06356479288929377	0.008153217095941944	0.022695211119402058
216.75882560465183	5.098693521572136	0.09306123237771236	0.0625573236899685	0.008196119042417797	0.022600782858282306
216.8586874017198	5.214168532540436	0.07322493266931253	0.061552318408540314	0.008231806743999289	0.022505908699135043
216.95854919878775	5.329643543508738	0.053905878703248644	0.060549877688581576	0.008260287706287823	0.02241048799838785
217.0584109958557	5.445118554477039	0.03519789648640616	0.05955010273937787	0.008281570585335681	0.022314419546755195
217.15827279292364	5.560593565445341	0.017197359995842095	0.0585530953347752	0.008295665204211626	0.022217601570391068
217.2581345899916	5.676068576413649	0.00010003121797989774	0.05755895781201475	0.008302582569894343	0.0221199317320542
