Q20	Q30	EHFB	M22	M23	M33
163.54893897538045	0.0	0.499999999999991	0.018280412736411147	-0.00038641244141674906	0.03147694720320865
163.95176131428246	0.0008394314275887757	0.5155081707533232	0.018133462559398267	-0.0004324331596234756	0.031396250250405995
164.354307540242	0.0002446985868259279	0.5305322197844122	0.017972628679265988	-0.0	0.03132907016887936
164.75741798038405	0.0002602154391750948	0.5459013263236082	0.017832436974710725	-0.0	0.0312468349080128
165.15967092998602	0.00022046813639713236	0.5612853913290562	0.017697942941555335	-0.0	0.031163986107351004
165.56308617122687	0.00026351862159905784	0.5768098587687237	0.017568676754790197	-0.0	0.031080366400610505
165.96502540394104	0.0003761010665452915	0.5923590802912858	0.01744539176156545	-0.0	0.030996869100357587
166.3687701851509	0.0004043302115537562	0.6079796537868059	0.017326753549527667	-0.0	0.03091389839098241
166.77037075693727	0.0004396519755377151	0.6235484602183397	0.017214026452475873	-0.0	0.03083249298086092
167.1744750587336	0.0008028813644994535	0.6393898688540588	0.01711291265950329	-0.00029756384215156494	0.03074373636096915
167.57570230352707	0.0007805349803149981	0.6549419386404924	0.017013401410263616	-0.00035724642997674017	0.030663613816436033
167.98019565227872	7.139584531728571e-05	0.6702687648533826	0.016905797925148475	-0.00011728861337546907	0.03060203973177997
168.38105103167416	0.00132762504727422	0.6864301408378518	0.016837737163928626	-0.0005587406265985932	0.030499159402585827
168.78588500734847	0.00017900550348609384	0.7014726199506486	0.016730979146570308	-0.0002888105911751954	0.03045647673000863
169.18644669288355	0.0013328387741338079	0.7174851455963698	0.016669825792747117	-0.0005848602373205111	0.030362167713452157
169.59153703979683	0.00011352633562873993	0.732320717301617	0.016570458629413587	-0.00028467995338821156	0.03032889448206431
169.99189602921643	0.0014316638167293262	0.7482276289454942	0.016521126747871165	-0.0006026101461165043	0.030235401341089145
170.3971548261391	8.684828817451576e-05	0.7627207943281311	0.016428413504637755	-0.0002526561470297665	0.030211395673349583
170.79740141433388	0.0014263296885970948	0.7783497574480815	0.01638862503760436	-0.0005867172745639569	0.030120954452636062
171.20272715300845	0.00026470552763496703	0.7925677860742567	0.016308288227507614	-0.00028258733567977103	0.03009667028762253
171.6029752913964	0.001581216805584212	0.8077987020741524	0.016277477130478113	-0.0005951314929029536	0.0300090965152599
172.00825341718587	0.00034998982277532334	0.8214957175497083	0.01620529967221251	-0.0002762178382378868	0.02998954311134923
172.4086182420028	0.001348287166525687	0.8360580004155989	0.01617831134458497	-0.0005346737477542771	0.02991154637336258
172.8137461725304	0.0003541363473184972	0.8493260868970939	0.016119482197488495	-0.00025487683069579055	0.029887327844290636
173.214317100939	0.001156658127838165	0.863226535444246	0.016097378396029927	-0.00048626066114459347	0.029815179840634663
173.61922583623212	0.0005808915313502143	0.876136403683058	0.016053709538220138	-0.00033303912850048427	0.029780538838464737
174.0200659311654	0.001365496128503255	0.8894377080528656	0.016038043460906017	-0.0005291724499433097	0.029709095568311708
174.42467862600125	0.0006007544540783012	0.9015780912765493	0.015997059210650054	-0.0003424034720398683	0.029680111488977225
174.8258823975353	0.0013298273332214795	0.9142113131511113	0.015985513399517343	-0.0005232803264485208	0.029610160855177533
175.23010335186663	0.00014964223170211923	0.9253896221713519	0.015941667443485016	-0.00016153522455021157	0.029592585050380968
175.63177791140023	0.0015595550506714755	0.9377758302413647	0.015945682456916507	-0.0005676222234401435	0.02950353728497846
176.03546322869244	0.0004432383270880655	0.9482497451427023	0.015906092131532622	-0.0003027410574464495	0.029483393028459814
176.43773721091404	0.00011526368344831942	0.9588154542666958	0.01588160162438557	-0.00015976561458903678	0.029441170569175237
176.8409009421185	0.0016191289667574936	0.9702255750715582	0.0158897989608602	-0.0005703018302463964	0.029349559043821135
177.2436010351398	0.00013225229048017683	0.9793948047306255	0.015848278344857882	-0.00017244346278478298	0.02933751265943327
177.64647247788963	0.0015907604504198044	0.9901465900087393	0.015858243260784954	-0.0005550163071599628	0.029248493781413736
178.04939445840245	9.836645183296048e-05	0.9987580374250488	0.01582128622898524	-0.0001484544805761215	0.02923557358032204
178.45215792316367	0.0016517188654875128	1.0090428710349986	0.015836408038417214	-0.0005523507412884264	0.029146542028963492
178.8551499382955	0.0017110197480601176	1.0181702402809332	0.01582977024970597	-0.0005549526129361842	0.029095864593059816
179.25785826518776	0.00032201488809120173	1.0262068674780338	0.015803743516074945	-0.00024049423111840664	0.02908022937767667
179.66100921205643	0.0001375208647095363	1.034838438927655	0.015800028007131844	-0.00015538668912741275	0.02903641587703221
180.0635548999886	0.0016079828954454211	1.0443113867061389	0.01582455782464424	-0.0005178640011611528	0.02895653983861376
180.46688063898776	7.06147546315778e-05	1.0518657881856819	0.015808038095910006	-0.00010504193452751074	0.028945549610196866
180.8693234914484	0.0015149605089138315	1.0609750545369148	0.015837929148614812	-0.0004913800615330835	0.028870348438920578
181.27272281341877	0.0004308810257987693	1.0683980776405866	0.01583366152515471	-0.00025850844637729386	0.02885097508109462
181.6751782684564	0.0015091848106204432	1.0767316915272065	0.01586119518751836	-0.0004809493091928422	0.028787311694834967
182.078554043159	0.0001833891547578172	1.0834012515243148	0.015856022540004504	-0.00016423403066598708	0.0287743454254186
182.48111178728143	0.0014841726677733884	1.0910691048788383	0.01588654894775584	-0.00046923195641725417	0.028709408433339998
182.884372544975	0.00014599581434922748	1.09689333136081	0.015880479208422938	-0.00014478810221966592	0.028697767782924453
183.287118003041	0.00019382360054762585	1.1029183518643253	0.01589129807728964	-0.00016680165878928528	0.028659775501642837
183.6902286157128	0.00022548412601323167	1.108362432805247	0.015899328975416654	-0.00017949744773110648	0.028623064237940702
184.0931690484076	0.0013260917147823903	1.1136693240900926	0.015917891255623384	-0.0004332824149410723	0.028568223387780835
184.49607628960143	0.00015186477602538895	1.1172546595295003	0.015903110325903396	-0.00014666138133240486	0.02855486318602889
184.89930099818287	0.0006100612472127584	1.1209627886427718	0.015906012814704596	-0.0002920555985925924	0.028513775481857136
185.30195614683208	0.0009906360013574003	1.1240310562250775	0.015904796000923007	-0.0003707090089573349	0.028475530947372277
185.70544315716737	0.00046803699912593624	1.1261806715516676	0.015889242012218925	-0.00025457216941551753	0.028452564182505767
186.1079249796699	0.0011578417955747952	1.1283010207949689	0.01588697961211108	-0.0003988627816237912	0.028412281449303307
186.51154093186207	6.02431452949117e-05	1.129275326793348	0.015859737357018736	-9.187149058645345e-05	0.02839872585411929
186.91404167491595	0.0013068819328973115	1.130678532819287	0.01586120902532598	-0.00042256831803977964	0.028354045028051608
187.31751402214985	0.00015774516654807128	1.1308504206300645	0.015830495095726517	-0.00014709521733839064	0.028341774603737855
187.72036239186832	4.975965506240192e-05	1.1310416990751435	0.01581246042522023	-8.262951727134538e-05	0.02831693008935145
188.10381922544804	0.12408116039284772	1.1672639081644292	0.017341076863466275	-0.003751255829730171	0.027073474878588646
188.46460275256868	0.30324554628262806	1.2112272907989217	0.019376170829991345	-0.005241578164067168	0.025780247912239523
188.7987635961481	0.5287637697448102	1.2563457234726934	0.02179048297064402	-0.006154276162106805	0.024649497484764228
189.1056326485798	0.7894703335463283	1.297349927726487	0.024517543844624963	-0.006692121716374312	0.023734218310269225
189.3874222194115	1.0778421915366607	1.3315048961607598	0.027542173737808793	-0.006933560838043819	0.022985224675022422
189.64548636847837	1.3869675139271684	1.3575371605448758	0.03081191742315765	-0.006881649497174431	0.022348874212831576
189.882615343114	1.7129680120906947	1.3753927821936587	0.034249240479282586	-0.006515762822259783	0.02179684615068017
190.1005736228641	2.05166936333684	1.3855364910961014	0.03773211863625791	-0.005827705735645047	0.02133406564882035
190.3018776808053	2.400808280899456	1.3888317672389308	0.0411420616332106	-0.004836306342190356	0.02097939255273891
190.48834500981707	2.757906138090347	1.3862860124117529	0.044364172631235065	-0.0035915596463141214	0.020752033656870842
190.6621084582609	3.121445359365053	1.3789604693768904	0.047313486562572525	-0.0021635332416171165	0.02065865535084924
190.82529326103767	3.489813071337226	1.3678995912149114	0.049931272529116555	-0.0006339667125331795	0.020689504854942333
190.9799865379578	3.86181574088254	1.354109942700771	0.05218754383122829	0.0009165417902944316	0.020819147464215586
191.12813697280427	4.236490482046716	1.3385417430471342	0.05407362734865685	0.0024159495789972205	0.021011392510569132
191.2715061528622	4.6129792452589164	1.32208199003137	0.0555943432688435	0.003805065720019309	0.0212254297508166
191.41173039116688	4.990675812899042	1.3055387130870912	0.0567618029714709	0.00504012797627197	0.021421879661806337
191.5502286826968	5.368974666877331	1.2896428330198313	0.057589012001391694	0.006091949916106052	0.02156739732758868
191.68827536819828	5.747447124464246	1.275030817550847	0.058087034948588426	0.006945432361031855	0.021637831320881963
191.8269428013924	6.125679672377341	1.2622408424730573	0.05826307715409911	0.00759744431071616	0.021619528531793678
191.9671254496528	6.5033402386691455	1.2516986576153053	0.058120824334132966	0.008055187095877917	0.021509270934569637
192.10953558843144	6.880174890542446	1.2437074654734381	0.05766175660014661	0.00833425221387954	0.02131305606645969
192.25467339379205	7.255936636280137	1.238440590528427	0.056887457608934794	0.00845668344028639	0.02104425062785788
192.40287904197655	7.6305232370076705	1.2359315898586825	0.0558017974579366	0.008449018309942942	0.02072134025725054
192.5542662870699	8.00379360362701	1.2360730777704283	0.05441353770445574	0.008340102015012037	0.02036595978298153
192.70885082769033	8.375784778123856	1.238353112582419	0.05274874234007471	0.008158246686957827	0.019999262181607108
192.8665023498243	8.746440700703825	1.2411881086860164	0.05088040347032528	0.007927477773899185	0.019635609298057518
193.02719809601544	9.115823479725101	1.2428497296351793	0.048885540149397805	0.007668390356088668	0.019285771443743178
193.1908931370515	9.483841954480884	1.241724025020304	0.04683490439677819	0.007398740312003098	0.018958545269539558
193.35763808294263	9.850523312082041	1.2363020283476136	0.04479168465547395	0.007133436553505132	0.018660609218818777
193.52747095524697	10.215744264621474	1.2251704847572114	0.042813006949167474	0.006885157578000624	0.018396986202824494
193.7004972276028	10.579493470280989	1.2069974587043608	0.04094851614296016	0.006664752675406422	0.018171127185749876
193.8767677453976	10.941647883285608	1.1805283812424021	0.039241555633063877	0.0064820292459548436	0.017985404977892867
194.05636353772536	11.302189369488044	1.1445637845983756	0.03772808181226816	0.0063462240177290345	0.01784131091705767
194.23929964805447	11.661021213733227	1.097959452068188	0.03643763098651972	0.006266581325415393	0.017739854744452735
194.42561438747	12.01812898661032	1.0395963155355088	0.03539285206467828	0.006252597311958295	0.017681733501073202
194.61533367207608	12.373420767017794	0.9689974839006056	0.0346020480742269	0.006310633412776578	0.017666000226758134
194.8084003902844	12.726917527813164	0.8877956187890133	0.034041991723428026	0.006436297747496012	0.01768733432926855
195.0044656522588	13.078747908750136	0.7981038971165278	0.03368601781391768	0.0066250645875271805	0.01774146681727934
195.20285020374945	13.429283321837303	0.7020657946239484	0.033510587632392265	0.006874589788093222	0.017826341829621485
195.402309412628	13.779202587104027	0.6019063926765786	0.03349508130808312	0.007184604211211332	0.017942254535884675
195.6005962821403	14.129790048827903	0.500000000055996	0.033621449704482734	0.007557448081256866	0.01809247492626461
