Q20	Q30	EHFB	M22	M23	M33
163.54893897538045	0.0	0.499999999999991	0.018302977461078798	-0.0	0.031478935679308415
163.64807276119822	0.0	0.5037264924615702	0.0182583672574608	-0.0	0.03146158726679031
163.74720654701594	0.0	0.5074584598370678	0.01821375705384283	-0.0	0.03144423885427221
163.84634033283368	0.0	0.5111959261990433	0.01816914685022485	-0.0	0.031426890441754105
163.9454741186514	0.0	0.5149389156200509	0.01812453664660688	-0.0	0.031409542029236
164.04460790446913	0.0	0.5186874493256277	0.018086617628659263	-0.0	0.03139107841910617
164.1437416902869	0.0	0.5224414646709129	0.01805687749291393	-0.0	0.031371251661942615
164.2428754761046	0.0	0.5262008034407267	0.018027137357168627	-0.0	0.03135142490477908
164.34200926192236	0.0	0.5299653022203766	0.017997397221423295	-0.0	0.031331598147615526
164.4411430477401	0.0	0.5337347975951597	0.017967657085677973	-0.0	0.03131177139045198
164.54027683355784	0.0	0.5375091261503789	0.017937916949932648	-0.0	0.03129194463328843
164.63941061937558	0.0	0.5412881244713362	0.017908176814187327	-0.0	0.03127211787612488
164.73854440519332	0.0	0.545071629143334	0.017878436678442005	-0.0	0.031252291118961335
164.83767819101107	0.0	0.5488594767516743	0.01784869654269668	-0.0	0.031232464361797784
164.9368119768288	0.0	0.5526515038816605	0.01781895640695136	-0.0	0.031212637604634233
165.03594576264655	0.0	0.5564475471185951	0.017789216271206033	-0.0	0.03119281084747069
165.13507954846426	0.0	0.5602474430477802	0.017759476135460722	-0.0	0.031172984090307145
165.23421333428203	0.0	0.5640510282545228	0.01772973599971539	-0.0	0.03115315733314359
165.33334712009975	0.0	0.5678581393241218	0.017699995863970076	-0.0	0.03113333057598005
165.4324809059175	0.0	0.5716686128418843	0.017670255728224754	-0.0	0.0311135038188165
165.53161469173523	0.0	0.5754822853931134	0.017640515592479433	-0.0	0.031093677061652954
165.63074847755297	0.0	0.5792989935631134	0.01761077545673411	-0.0	0.031073850304489403
165.7298822633707	0.0	0.5831185739371887	0.017581035320988786	-0.0	0.03105402354732586
165.82901604918845	0.0	0.5869408631006439	0.017551295185243464	-0.0	0.031034196790162307
165.9281498350062	0.0	0.5907656976387837	0.017521555049498143	-0.0	0.031014370032998756
166.0272836208239	0.0	0.5945929141369123	0.017491814913752828	-0.0	0.030994543275835215
166.12641740664165	0.0	0.598422349180337	0.017462074778007507	-0.0	0.030974716518671667
166.22555119245942	0.0	0.602253839354363	0.017432334642262175	-0.0	0.030954889761508113
166.32468497827713	0.0	0.606087221244293	0.01740259450651686	-0.0	0.030935063004344572
166.4238187640949	0.0	0.6099223314354368	0.017372854370771528	-0.0	0.030915236247181017
166.52295254991262	0.0	0.613759006513096	0.017343114235026214	-0.0	0.030895409490017477
166.62208633573036	0.0	0.61759708306258	0.017313374099280892	-0.0	0.030875582732853925
166.7212201215481	0.0	0.621436397669194	0.01728363396353557	-0.0	0.03085575597569038
166.8203539073658	0.0	0.6252767869182433	0.017253893827790256	-0.0	0.030835929218526837
166.91948769318358	0.0	0.6291180873950377	0.017224153692044924	-0.0	0.030816102461363282
167.0186214790013	0.0	0.6329601356848794	0.01719441355629961	-0.0	0.030796275704199738
167.11775526481907	0.0	0.6368027683730799	0.01716467342055428	-0.0	0.030776448947036187
167.2168890506368	0.0	0.6406458220449428	0.017134933284808956	-0.0	0.030756622189872636
167.31602283645455	0.0	0.6444891332857765	0.017105193149063634	-0.0	0.030736795432709088
167.4151566222723	0.0	0.6483325386808882	0.01707545301331831	-0.0	0.03071696867554554
167.51429040809	0.0	0.6521758748155844	0.017045712877572998	-0.0	0.030697141918382
167.61342419390775	0.0	0.6560189782751746	0.017015972741827673	-0.0	0.03067731516121845
167.7125579797255	0.0	0.6598616856449657	0.01698623260608235	-0.0	0.0306574884040549
167.81169176554323	0.0	0.6637038335102653	0.01695649247033703	-0.0	0.030637661646891353
167.91082555136097	0.0	0.6675452584563816	0.016926752334591705	-0.0	0.030617834889727805
168.00995933717869	0.0	0.6713857970328482	0.01689825711599373	-0.0	0.030598506099423196
168.10909312299643	0.0	0.6752252389147501	0.016880908703475625	-0.0	0.030583636031550534
168.20822690881417	0.0	0.6790632346849352	0.016863560290957518	-0.0	0.030568765963677875
168.3073606946319	0.0	0.6828994092466021	0.016846211878439415	-0.0	0.030553895895805212
168.40649448044965	0.0	0.686733387502948	0.016828863465921308	-0.0	0.030539025827932553
168.50562826626742	0.0	0.6905647943571723	0.016811515053403198	-0.0	0.030524155760059887
168.60476205208514	0.0	0.6943932547124694	0.0167941666408851	-0.0	0.030509285692187228
168.70389583790288	0.0	0.6982183934720405	0.016776818228366994	-0.0	0.030494415624314566
168.80302962372062	0.0	0.7020398355390826	0.01675946981584889	-0.0	0.030479545556441907
168.90216340953833	0.0	0.7058572058167925	0.01674212140333079	-0.0	0.030464675488569248
169.00129719535607	0.0	0.7096701292083706	0.016724772990812688	-0.0	0.03044980542069659
169.10043098117382	0.0	0.7134782306170133	0.01670742457829458	-0.0	0.030434935352823926
169.19956476699156	0.0	0.7172811349459192	0.016690076165776474	-0.0	0.030420065284951267
169.2986985528093	0.0	0.7210784670982865	0.01667272775325837	-0.0	0.0304051952170786
169.39783233862704	0.0	0.7248698519773129	0.016655379340740267	-0.0	0.030390325149205942
169.4969661244448	0.0	0.7286549144861979	0.016638030928222157	-0.0	0.03037545508133328
169.59609991026252	0.0	0.7324332795281363	0.016620682515704057	-0.0	0.03036058501346062
169.69523369608027	0.0	0.7362045720063299	0.01660333410318595	-0.0	0.030345714945587958
169.794367481898	0.0	0.7399684168239757	0.016585985690667847	-0.0	0.0303308448777153
169.89350126771575	0.0	0.7437244388842723	0.016568637278149743	-0.0	0.030315974809842633
169.9926350535335	0.0	0.7474722630904175	0.01655128886563164	-0.0	0.030301104741969974
170.0917688393512	0.0	0.7512115143456094	0.016533940453113537	-0.0	0.03028623467409732
170.19090262516897	0.0	0.7549418175530489	0.01651659204059543	-0.0	0.030271364606224652
170.2900364109867	0.0	0.7586627976159308	0.01649924362807733	-0.0	0.030256494538351997
170.38917019680443	0.0	0.7623740794374565	0.016481895215559223	-0.0	0.03024162447047933
170.48830398262217	0.0	0.7660752879208238	0.016464546803041116	-0.0	0.03022675440260667
170.5874377684399	0.0	0.7697660479692311	0.016447198390523013	-0.0	0.030211884334734013
170.68657155425765	0.0	0.773445984485877	0.01642984997800491	-0.0	0.030197014266861354
170.78570534007537	0.0	0.7771147223739593	0.01641250156548681	-0.0	0.030182144198988695
170.8848391258931	0.0	0.780771886536679	0.016395153152968706	-0.0	0.030167274131116032
170.98397291171085	0.0	0.7844171018772335	0.0163778047404506	-0.0	0.03015240406324337
171.08310669752862	0.0	0.7880499932988231	0.01636045632793249	-0.0	0.030137533995370704
171.18224048334636	0.0	0.7916701857046441	0.016343107915414386	-0.0	0.030122663927498045
171.28137426916408	0.0	0.7952773039978959	0.016325759502896286	-0.0	0.030107793859625386
171.38050805498185	0.0	0.7988709730817803	0.016308411090378176	-0.0	0.030092923791752723
171.47964184079956	0.0	0.8024508178594925	0.016291062677860076	-0.0	0.030078053723880064
171.5787756266173	0.0	0.8060164632342344	0.016273714265341972	-0.0	0.030063183656007405
171.67790941243504	0.0	0.809567534109204	0.01625636585282387	-0.0	0.030048313588134742
171.77704319825278	0.0	0.8131036553876005	0.016239017440305762	-0.0	0.030033443520262083
171.87617698407055	0.0	0.8166244519726243	0.01622166902778765	-0.0	0.030018573452389417
171.97531076988827	0.0	0.8201295487674717	0.016204320615269552	-0.0	0.03000370338451676
172.074444555706	0.0	0.8236185856526178	0.016194416658322046	-0.0	0.029990694430536747
172.17357834152375	0.0	0.82709133245378	0.01618698162438572	-0.0	0.02997830270730953
172.2727121273415	0.0	0.8305476257302047	0.016179546590449387	-0.0	0.02996591098408231
172.3718459131592	0.0	0.8339873025874683	0.016172111556513057	-0.0	0.0299535192608551
172.47097969897698	0.0	0.8374102001311525	0.016164676522576724	-0.0	0.029941127537627878
172.5701134847947	0.0	0.8408161554668312	0.016157241488640398	-0.0	0.029928735814400663
172.66924727061243	0.0	0.8442050057000857	0.01614980645470407	-0.0	0.029916344091173445
172.76838105643017	0.0	0.8475765879364935	0.016142371420767736	-0.0	0.02990395236794623
172.8675148422479	0.0	0.8509307392816333	0.016134936386831406	-0.0	0.029891560644719012
172.96664862806563	0.0	0.8542672968410824	0.016127501352895077	-0.0	0.029879168921491794
173.06578241388337	0.0	0.8575860977204216	0.016120066318958747	-0.0	0.029866777198264575
173.1649161997011	0.0	0.8608869790252285	0.016112631285022418	-0.0	0.02985438547503736
173.26404998551885	0.0	0.8641697778610818	0.016105196251086085	-0.0	0.029841993751810143
173.3631837713366	0.0	0.8674343313335606	0.016097761217149755	-0.0	0.029829602028582924
173.46231755715434	0.0	0.870680476548244	0.016090326183213426	-0.0	0.029817210305355706
173.56145134297208	0.0	0.8739080506107105	0.016082891149277093	-0.0	0.029804818582128488
173.66058512878982	0.0	0.8771168906265397	0.016075456115340763	-0.0	0.02979242685890127
173.75971891460756	0.0	0.8803068337013106	0.016068021081404434	-0.0	0.029780035135674055
173.85885270042533	0.0	0.8834777169406036	0.0160605860474681	-0.0	0.02976764341244683
173.95798648624304	0.0	0.8866293774499946	0.01605315101353177	-0.0	0.02975525168921962
174.05712027206079	0.0	0.8897616523350663	0.01604571597959544	-0.0	0.0297428599659924
174.15625405787853	0.0	0.892874378701397	0.01603828094565911	-0.0	0.029730468242765186
174.25538784369627	0.0	0.8959673936545661	0.01603084591172278	-0.0	0.029718076519537964
174.354521629514	0.0	0.8990405343001536	0.01602341087778645	-0.0	0.02970568479631075
174.45365541533175	0.0	0.9020936377437386	0.01601597584385012	-0.0	0.02969329307308353
174.5527892011495	0.0	0.9051265410909012	0.016008540809913787	-0.0	0.029680901349856313
174.6519229869672	0.0	0.9081390814472199	0.016001105775977457	-0.0	0.0296685096266291
174.75105677278498	0.0	0.9111310959182771	0.015993670742041128	-0.0	0.029656117903401877
174.8501905586027	0.0	0.9141024216096497	0.0159862357081048	-0.0	0.029643726180174662
174.94932434442043	0.0	0.9170528956269195	0.015978800674168465	-0.0	0.029631334456947444
175.04845813023817	0.0	0.9199823550756661	0.015971365640232136	-0.0	0.029618942733720226
175.14759191605592	0.0	0.9228906370614691	0.015963930606295806	-0.0	0.02960655101049301
175.24672570187363	0.0	0.9257775786899081	0.01595649557235948	-0.0	0.029594159287265796
175.34585948769137	0.0	0.9286430170665646	0.015949060538423147	-0.0	0.029581767564038578
175.4449932735091	0.0	0.9314867892970183	0.015941625504486818	-0.0	0.02956937584081136
175.54412705932685	0.0	0.9343087324868489	0.01593419047055049	-0.0	0.02955698411758414
175.6432608451446	0.0	0.9371086837416374	0.015926755436614155	-0.0	0.029544592394356924
175.74239463096234	0.0	0.9398864801669632	0.015919320402677826	-0.0	0.029532200671129705
175.84152841678008	0.0	0.9426419588684071	0.015911885368741496	-0.0	0.029519808947902487
175.94066220259782	0.0	0.9453749569515495	0.015904450334805163	-0.0	0.02950741722467527
176.03979598841556	0.0	0.948085317454529	0.015899005100289614	-0.0	0.029495025501448054
176.13892977423333	0.0	0.950773112097326	0.015896526755644166	-0.0	0.02948263377822083
176.23806356005105	0.0	0.9534387085445909	0.015894048410998726	-0.0	0.029470242054993618
176.3371973458688	0.0	0.9560824941270866	0.01589157006635328	-0.0	0.0294578503317664
176.43633113168653	0.0	0.9587048561755731	0.015889091721707837	-0.0	0.029445458608539185
176.53546491750427	0.0	0.9613061820208101	0.015886613377062393	-0.0	0.029433066885311967
176.634598703322	0.0	0.9638868589935592	0.01588413503241695	-0.0	0.02942067516208475
176.73373248913975	0.0	0.9664472744245804	0.015881656687771507	-0.0	0.02940828343885753
176.83286627495747	0.0	0.9689878156446344	0.015879178343126063	-0.0	0.029395891715630312
176.9320000607752	0.0	0.9715088699844833	0.015876699998480622	-0.0	0.029383499992403098
177.03113384659295	0.0	0.9740108247748878	0.015874221653835178	-0.0	0.02937110826917588
177.1302676324107	0.0	0.9764940673466082	0.015871743309189734	-0.0	0.029358716545948665
177.2294014182284	0.0	0.9789589850304057	0.01586926496454429	-0.0	0.029346324822721447
177.32853520404618	0.0	0.9814059651570436	0.01586678661989885	-0.0	0.02933393309949423
177.42766898986392	0.0	0.9838353950572808	0.015864308275253404	-0.0	0.02932154137626701
177.52680277568163	0.0	0.9862476620618791	0.01586182993060796	-0.0	0.029309149653039795
177.62593656149937	0.0	0.9886431535016011	0.015859351585962515	-0.0	0.029296757929812577
177.72507034731711	0.0	0.9910222567072081	0.015856873241317074	-0.0	0.02928436620658536
177.82420413313486	0.0	0.993385359009461	0.01585439489667163	-0.0	0.029271974483358144
177.9233379189526	0.0	0.9957328477391222	0.015851916552026186	-0.0	0.029259582760130923
178.02247170477034	0.0	0.9980651102269532	0.01584943820738074	-0.0	0.029247191036903708
178.12160549058805	0.0	1.0003825338037151	0.0158469598627353	-0.0	0.029234799313676493
178.2207392764058	0.0	1.0026855058001714	0.015844481518089856	-0.0	0.02922240759044927
178.31987306222356	0.0	1.004974413547084	0.015842003173444412	-0.0	0.029210015867222057
178.4190068480413	0.0	1.0072496443752128	0.015839524828798968	-0.0	0.029197624143994835
178.51814063385902	0.0	1.0095115856153212	0.015837046484153527	-0.0	0.029185232420767624
178.6172744196768	0.0	1.011760624598172	0.015834568139508082	-0.0	0.0291728406975404
178.71640820549447	0.0	1.013997148654525	0.01583208979486264	-0.0	0.02916044897431319
178.81554199131224	0.0	1.0162215451151462	0.015829611450217197	-0.0	0.02914805725108597
178.91467577713001	0.0	1.0184342013107957	0.01582713310557175	-0.0	0.029135665527858748
179.0138095629477	0.0	1.0206355045722337	0.01582465476092631	-0.0	0.02912327380463154
179.11294334876544	0.0	1.022825842230226	0.015822176416280868	-0.0	0.02911088208140432
179.2120771345832	0.0	1.0250056016155347	0.01581969807163542	-0.0	0.0290984903581771
179.31121092040095	0.0	1.0271751700589207	0.01581721972698998	-0.0	0.029086098634949882
179.41034470621867	0.0	1.0293349348911462	0.015814741382344535	-0.0	0.029073706911722667
179.50947849203646	0.0	1.0314852834429769	0.01581226303769909	-0.0	0.029061315188495442
179.60861227785418	0.0	1.033626603045171	0.015809784693053646	-0.0	0.029048923465268228
179.70774606367192	0.0	1.0357592810284943	0.015807306348408205	-0.0	0.02903653174204101
179.80687984948963	0.0	1.0378837047237077	0.01580482800376276	-0.0	0.029024140018813798
179.90601363530737	0.0	1.0400002614615753	0.015802349659117317	-0.0	0.02901174829558658
180.00514742112512	0.0	1.04210933854426	0.015800128685528127	-0.0	0.02899948525788749
180.10428120694286	0.0	1.0442110855926725	0.015802607030173572	-0.0	0.028989571879305717
180.20341499276057	0.0	1.0463048382796607	0.015805085374819016	-0.0	0.028979658500723943
180.3025487785783	0.0	1.0483897581854733	0.015807563719464457	-0.0	0.02896974512214217
180.40168256439608	0.0	1.0504650068903578	0.015810042064109905	-0.0	0.028959831743560392
180.50081635021382	0.0	1.0525297459745602	0.015812520408755346	-0.0	0.02894991836497862
180.59995013603157	0.0	1.054583137018329	0.01581499875340079	-0.0	0.028940004986396844
180.69908392184928	0.0	1.0566243416019103	0.015817477098046234	-0.0	0.028930091607815074
180.79821770766702	0.0	1.058652521305553	0.015819955442691675	-0.0	0.028920178229233297
180.89735149348476	0.0	1.0606668377095032	0.01582243378733712	-0.0	0.028910264850651526
180.9964852793025	0.0	1.0626664523940081	0.015824912131982564	-0.0	0.02890035147206975
181.09561906512025	0.0	1.0646505269393156	0.015827390476628008	-0.0	0.02889043809348798
181.194752850938	0.0	1.0666182229256722	0.01582986882127345	-0.0	0.0288805247149062
181.2938866367557	0.0	1.0685687019333243	0.015832347165918893	-0.0	0.02887061133632443
181.39302042257344	0.0	1.0705011255425203	0.015834825510564338	-0.0	0.028860697957742657
181.49215420839118	0.0	1.072414655333506	0.015837303855209782	-0.0	0.028850784579160883
181.59128799420893	0.0	1.0743084528865297	0.015839782199855223	-0.0	0.02884087120057911
181.69042178002667	0.0	1.0761816797818369	0.015842260544500667	-0.0	0.028830957821997332
181.7895555658444	0.0	1.0780334975996748	0.01584473888914611	-0.0	0.02882104444341556
181.88868935166215	0.0	1.079863067920291	0.015847217233791556	-0.0	0.028811131064833784
181.9878231374799	0.0	1.0816695523239312	0.015849695578436997	-0.0	0.02880121768625201
182.08695692329763	0.0	1.0834521123908432	0.01585217392308244	-0.0	0.02879130430767024
182.18609070911535	0.0	1.0852099097012726	0.015854652267727885	-0.0	0.028781390929088466
182.28522449493312	0.0	1.086942105835468	0.01585713061237333	-0.0	0.028771477550506686
182.38435828075086	0.0	1.0886478623736748	0.015859608957018774	-0.0	0.028761564171924915
182.4834920665686	0.0	1.09032634089614	0.01586208730166422	-0.0	0.028751650793343138
182.58262585238634	0.0	1.09197670298311	0.01586456564630966	-0.0	0.028741737414761367
182.68175963820408	0.0	1.0935981102148316	0.015867043990955104	-0.0	0.02873182403617959
182.7808934240218	0.0	1.0951897241715514	0.015869522335600544	-0.0	0.02872191065759782
182.88002720983957	0.0	1.0967507064335174	0.015872000680245992	-0.0	0.028711997279016042
182.97916099565728	0.0	1.0982802185809741	0.015874479024891433	-0.0	0.028702083900434272
183.07829478147502	0.0	1.0997774221941696	0.015876957369536877	-0.0	0.028692170521852498
183.17742856729274	0.0	1.10124147885335	0.01587943571418232	-0.0	0.028682257143270724
183.2765623531105	0.0	1.1026715501387627	0.015881914058827766	-0.0	0.02867234376468895
183.37569613892822	0.0	1.104066797630653	0.015884392403473207	-0.0	0.028662430386107177
183.47482992474596	0.0	1.1054263829092685	0.01588687074811865	-0.0	0.028652517007525403
183.57396371056373	0.0	1.1067494675548564	0.015889349092764096	-0.0	0.02864260362894363
183.67309749638144	0.0	1.1080352131476618	0.015891827437409536	-0.0	0.02863269025036186
183.7722312821992	0.0	1.1092827812679324	0.01589430578205498	-0.0	0.028622776871780085
183.87136506801693	0.0	1.1104913334959143	0.015896784126700425	-0.0	0.02861286349319831
183.97049885383467	0.0	1.1116600314118548	0.015899262471345866	-0.0	0.028602950114616534
184.06963263965238	0.0	1.1127881191954903	0.01589825918400869	-0.0	0.028594777552026072
184.16876642547015	0.0	1.1138756866005073	0.015895780839363247	-0.0	0.02858734251808974
184.2679002112879	0.0	1.1149233189885925	0.015893302494717803	-0.0	0.028579907484153406
184.36703399710564	0.0	1.11593160800282	0.01589082415007236	-0.0	0.028572472450217077
184.46616778292338	0.0	1.1169011452862643	0.015888345805426914	-0.0	0.028565037416280747
184.56530156874112	0.0	1.117832522481998	0.015885867460781473	-0.0	0.028557602382344414
184.66443535455886	0.0	1.1187263312330962	0.01588338911613603	-0.0	0.028550167348408085
184.76356914037657	0.0	1.1195831631826323	0.015880910771490585	-0.0	0.02854273231447176
184.86270292619434	0.0	1.1204036099736807	0.01587843242684514	-0.0	0.028535297280535422
184.9618367120121	0.0	1.1211882632493153	0.0158759540821997	-0.0	0.028527862246599093
185.0609704978298	0.0	1.12193771465261	0.015873475737554255	-0.0	0.028520427212662767
185.1601042836475	0.0	1.122652555826639	0.015870997392908814	-0.0	0.028512992178726437
185.2592380694653	0.0	1.1233333784144774	0.015868519048263367	-0.0	0.0285055571447901
185.358371855283	0.0	1.123980774059198	0.015866040703617926	-0.0	0.028498122110853775
185.45750564110074	0.0	1.1245953344038762	0.01586356235897248	-0.0	0.028490687076917445
185.5566394269185	0.0	1.1251776510915859	0.015861084014327037	-0.0	0.028483252042981112
185.65577321273625	0.0	1.1257283157654012	0.015858605669681593	-0.0	0.028475817009044783
185.754906998554	0.0	1.1262479200683968	0.015856127325036152	-0.0	0.028468381975108453
185.8540407843717	0.0	1.126737055643647	0.015853648980390708	-0.0	0.02846094694117212
185.95317457018945	0.0	1.1271963141342263	0.015851170635745267	-0.0	0.02845351190723579
186.0523083560072	0.0	1.127626287183209	0.015848692291099822	-0.0	0.02844607687329946
186.15144214182493	0.0	1.1280275664336699	0.015846213946454378	-0.0	0.028438641839363128
186.25057592764267	0.0	1.1284007435286831	0.015843735601808934	-0.0	0.0284312068054268
186.3497097134604	0.0	1.1287464101113232	0.01584125725716349	-0.0	0.02842377177149047
186.44884349927815	0.0	1.1290651578246653	0.01583877891251805	-0.0	0.02841633673755414
186.54797728509587	0.0	1.1293575783117833	0.015836300567872604	-0.0	0.02840890170361781
186.64711107091364	0.0	1.1296242632157523	0.01583382222322716	-0.0	0.028401466669681477
186.74624485673138	0.0	1.1298658041796465	0.01583134387858172	-0.0	0.028394031635745148
186.84537864254912	0.0	1.1300827928465411	0.015828865533936275	-0.0	0.028386596601808815
186.94451242836683	0.0	1.1302758208595098	0.01582638718929083	-0.0	0.028379161567872485
187.04364621418458	0.0	1.1304454798616281	0.015823908844645386	-0.0	0.02837172653393616
187.14278000000232	0.0	1.1305923614959705	0.015821430499999945	-0.0	0.028364291499999823
187.24191378582006	0.0	1.1307170574056116	0.0158189521553545	-0.0	0.028356856466063493
187.3410475716378	0.0	1.1308201592336262	0.015816473810709056	-0.0	0.028349421432127164
187.44018135745551	0.0	1.1309022586230888	0.015813995466063616	-0.0	0.028341986398190838
187.53931514327329	0.0	1.1309639472170743	0.01581151712141817	-0.0	0.0283345513642545
187.63844892909103	0.0	1.1310058166586576	0.015809038776772727	-0.0	0.02832711633031817
187.73758271490874	0.0	1.131028458590913	0.015806560432127283	-0.0	0.028319681296381845
187.83671650072648	0.0	1.1310324646569156	0.01580408208748184	-0.0	0.028312246262445512
187.93585028654425	0.0	1.1310184264997403	0.015801603742836397	-0.0	0.02830481122850918
188.03498407236196	0.0	1.1309869289325185	0.015798250796381905	-0.0	0.02829737619457285
188.1341178581797	0.0	1.1309381992609087	0.015793294107091016	-0.0	0.028289941160636524
188.23325164399745	0.0	1.1308719387954254	0.015788337417800127	-0.0	0.02828250612670019
188.33238542981516	0.0	1.1307878067361075	0.015783380728509242	-0.0	0.02827507109276386
188.43151921563293	0.0	1.1306854622829936	0.015778424039218353	-0.0	0.028267636058827532
188.53065300145067	0.0	1.1305645646361226	0.01577346734992747	-0.0	0.0282602010248912
188.62978678726842	0.0	1.1304247729955337	0.01576851066063658	-0.0	0.028252765990954866
188.72892057308616	0.0	1.1302657465612653	0.01576355397134569	-0.0	0.028245330957018536
188.8280543589039	0.0	1.130087144533357	0.015758597282054806	-0.0	0.028237895923082207
188.9271881447216	0.0	1.1298886261118468	0.01575364059276392	-0.0	0.028230460889145877
189.02632193053938	0.0	1.129669850496774	0.015748683903473032	-0.0	0.028223025855209544
189.1254557163571	0.0	1.1294304768881778	0.015743727214182147	-0.0	0.02821559082127322
189.22458950217487	0.0	1.1291701644860965	0.015738770524891258	-0.0	0.028208155787336885
189.32372328799258	0.0	1.1288885724905697	0.015733813835600373	-0.0	0.028200720753400556
189.42285707381035	0.0	1.128585360101636	0.015728857146309484	-0.0	0.028193285719464223
189.52199085962806	0.0	1.1282601865193345	0.015723900457018596	-0.0	0.028185850685527897
189.62112464544578	0.0	1.1279127109437044	0.015718943767727714	-0.0	0.028178415651591564
189.72025843126355	0.0	1.127542592574784	0.015713987078436825	-0.0	0.02817098061765523
189.81939221708126	0.0	1.1271494906126127	0.015709030389145937	-0.0	0.028163545583718905
189.918526002899	0.0	1.1267330642572295	0.01570407369985505	-0.0	0.028156110549782575
190.01765978871674	0.0	1.126292972708674	0.015699117010564166	-0.0	0.028148675515846246
190.1167935745345	0.0	1.125828875166984	0.015694160321273277	-0.0	0.028141240481909913
190.21592736035223	0.0	1.1253404308321993	0.01568920363198239	-0.0	0.028133805447973583
190.31506114616997	0.0	1.1248272989043595	0.0156842469426915	-0.0	0.028126370414037254
190.41419493198774	0.0	1.1242891385835025	0.01567929025340061	-0.0	0.02811893538010092
190.51332871780545	0.0	1.123725609069669	0.015674333564109726	-0.0	0.02811150034616459
190.6124625036232	0.0	1.1231363695628966	0.01566937687481884	-0.0	0.02810406531222826
190.71159628944093	0.0	1.1225210792632256	0.015664420185527952	-0.0	0.02809663027829193
190.81073007525868	0.0	1.1218793973706942	0.015659463496237064	-0.0	0.0280891952443556
190.90986386107642	0.0	1.1212109830853423	0.01565450680694618	-0.0	0.02808176021041927
191.00899764689413	0.0	1.120515495607209	0.015649550117655293	-0.0	0.028074325176482944
191.10813143271187	0.0	1.1197925941363334	0.015644593428364405	-0.0	0.02806689014254661
191.20726521852959	0.0	1.1190419378727552	0.01563963673907352	-0.0	0.02805945510861028
191.30639900434736	0.0	1.1182631860165129	0.01563468004978263	-0.0	0.028052020074673948
191.4055327901651	0.0	1.1174559977676464	0.015629723360491746	-0.0	0.02804458504073762
191.50466657598287	0.0	1.116620032326195	0.015624766671200855	-0.0	0.028037150006801285
191.6038003618006	0.0	1.1157549488921978	0.015619809981909968	-0.0	0.028029714972864953
191.70293414761832	0.0	1.1148604066656955	0.015614853292619083	-0.0	0.028022279938928626
191.80206793343604	0.0	1.1139360648467258	0.015609896603328198	-0.0	0.028014844904992297
191.90120171925378	0.0	1.112981582635329	0.015604939914037311	-0.0	0.028007409871055967
192.00033550507152	0.0	1.1119966192315485	0.015599974837119635	-0.0	0.027999949674239275
192.09946929088926	0.0	1.1109809442291494	0.015592539803183305	-0.0	0.02798507960636661
192.198603076707	0.0	1.1099347643361717	0.015585104769246974	-0.0	0.02797020953849395
192.29773686252474	0.0	1.108858394435315	0.015577669735310645	-0.0	0.02795533947062129
192.39687064834246	0.0	1.107752149409279	0.015570234701374315	-0.0	0.027940469402748636
192.4960044341602	0.0	1.106616344140762	0.015562799667437984	-0.0	0.02792559933487597
192.59513821997797	0.0	1.1054512935124632	0.01555536463350165	-0.0	0.027910729267003304
192.6942720057957	0.0	1.1042573124070831	0.01554792959956532	-0.0	0.027895859199130645
192.79340579161342	0.0	1.103034715707321	0.015540494565628992	-0.0	0.027880989131257986
192.89253957743117	0.0	1.1017838182958755	0.015533059531692662	-0.0	0.027866119063385326
192.9916733632489	0.0	1.1005049350554459	0.015525624497756331	-0.0	0.027851248995512664
193.09080714906665	0.0	1.099198380868732	0.015518189463820001	-0.0	0.027836378927640005
193.1899409348844	0.0	1.0978644706184333	0.01551075442988367	-0.0	0.027821508859767342
193.28907472070213	0.0	1.0965035191872488	0.015503319395947339	-0.0	0.02780663879189468
193.38820850651987	0.0	1.0951158414578783	0.01549588436201101	-0.0	0.02779176872402202
193.48734229233762	0.0	1.093701752313021	0.015488449328074676	-0.0	0.02777689865614936
193.58647607815533	0.0	1.092261566635377	0.01548101429413835	-0.0	0.0277620285882767
193.68560986397307	0.0	1.0907955993076446	0.015473579260202019	-0.0	0.02774715852040404
193.78474364979084	0.0	1.0893041652125235	0.015466144226265686	-0.0	0.027732288452531374
193.88387743560855	0.0	1.0877875792327143	0.015458709192329358	-0.0	0.027717418384658715
193.9830112214263	0.0	1.0862461562509154	0.015451274158393029	-0.0	0.027702548316786056
194.08214500724404	0.0	1.0846802111498264	0.015443839124456696	-0.0	0.027687678248913397
194.18127879306178	0.0	1.0830900588121466	0.015436404090520366	-0.0	0.027672808181040735
194.28041257887952	0.0	1.0814760141205764	0.015428969056584037	-0.0	0.027657938113168072
194.37954636469726	0.0	1.0798383919578145	0.015421534022647704	-0.0	0.02764306804529541
194.478680150515	0.0	1.0781775072065602	0.015414098988711374	-0.0	0.027628197977422747
194.57781393633275	0.0	1.0764936747495137	0.015406663954775043	-0.0	0.027613327909550088
194.6769477221505	0.0	1.0747872094693742	0.015399228920838713	-0.0	0.02759845784167743
194.77608150796823	0.0	1.0730584262488416	0.015391793886902382	-0.0	0.027583587773804763
194.87521529378597	0.0	1.0713076399706145	0.015384358852966051	-0.0	0.027568717705932104
194.9743490796037	0.0	1.0695351655173937	0.015376923819029721	-0.0	0.027553847638059445
195.07348286542145	0.0	1.0677413177718775	0.01536948878509339	-0.0	0.027538977570186786
195.17261665123917	0.0	1.0659264116167666	0.01536205375115706	-0.0	0.027524107502314123
195.27175043705694	0.0	1.064090761934759	0.015354618717220728	-0.0	0.02750923743444146
195.37088422287465	0.0	1.0622346836085559	0.0153471836832844	-0.0	0.027494367366568802
195.47001800869236	0.0	1.0603584915208564	0.015339748649348072	-0.0	0.027479497298696143
195.5691517945101	0.0	1.058462500554359	0.01533231361541174	-0.0	0.027464627230823484
195.66828558032788	0.0	1.0565470255917633	0.01532487858147541	-0.0	0.027449757162950818
195.76741936614562	0.0	1.0546123815157704	0.015317443547539078	-0.0	0.02743488709507816
195.86655315196336	0.0	1.0526588832090786	0.015310008513602747	-0.0	0.0274200170272055
195.96568693778107	0.0	1.0506868455543885	0.01530257347966642	-0.0	0.02740514695933284
196.0648207235988	0.0	1.0486965685121143	0.015295138445730088	-0.0	0.02739189740955015
196.16395450941656	0.0	1.0466881702614763	0.015287703411793759	-0.0	0.02737950568632293
196.2630882952343	0.0	1.0446616476332473	0.015280268377857427	-0.0	0.027367113963095716
196.36222208105207	0.0	1.0426169952447373	0.015272833343921094	-0.0	0.027354722239868495
196.46135586686978	0.0	1.0405542077132584	0.015265398309984765	-0.0	0.027342330516641276
196.56048965268752	0.0	1.03847327965612	0.015257963276048435	-0.0	0.027329938793414058
196.65962343850526	0.0	1.036374205690633	0.015250528242112104	-0.0	0.027317547070186843
196.758757224323	0.0	1.0342569804341082	0.015243093208175774	-0.0	0.027305155346959625
196.85789101014072	0.0	1.032121598503857	0.015235658174239445	-0.0	0.02729276362373241
196.95702479595846	0.0	1.0299680545171888	0.015228223140303115	-0.0	0.027280371900505192
197.0561585817762	0.0	1.027796343091415	0.015220788106366784	-0.0	0.027267980177277978
197.15529236759397	0.0	1.0256064588438454	0.015213353072430451	-0.0	0.027255588454050756
197.25442615341166	0.0	1.0233983963917936	0.015205918038494125	-0.0	0.027243196730823545
197.35355993922946	0.0	1.0211721503525661	0.01519848300455779	-0.0	0.027230805007596316
197.45269372504717	0.0	1.018927715343478	0.01519104797062146	-0.0	0.027218413284369105
197.55182751086494	0.0	1.0166650859818374	0.015183612936685128	-0.0	0.027206021561141883
197.65096129668262	0.0	1.0143842568849581	0.015176177902748802	-0.0	0.027193629837914672
197.7500950825004	0.0	1.0120852226701471	0.015168742868812469	-0.0	0.02718123811468745
197.84922886831814	0.0	1.009767977954718	0.01516130783487614	-0.0	0.027168846391460236
197.94836265413588	0.0	1.0074325173559817	0.01515387280093981	-0.0	0.027156454668233014
198.04749643995362	0.0	1.0050788354912483	0.015146437767003477	-0.0	0.0271440629450058
198.14663022577136	0.0	1.0027069269778293	0.015139002733067147	-0.0	0.02713167122177858
198.2457640115891	0.0	1.000316786433036	0.015131567699130818	-0.0	0.027119279498551363
198.34489779740684	0.0	0.997908408474179	0.015124132665194486	-0.0	0.027106887775324145
198.4440315832246	0.0	0.99548178771857	0.015116697631258155	-0.0	0.027094496052096927
198.5431653690423	0.0	0.9930369187835206	0.015109262597321827	-0.0	0.027082104328869712
198.64229915486004	0.0	0.9905737962863406	0.015101827563385496	-0.0	0.027069712605642497
198.74143294067778	0.0	0.9880924148443424	0.015094392529449167	-0.0	0.02705732088241528
198.84056672649552	0.0	0.9855927690748368	0.015086957495512834	-0.0	0.02704492915918806
198.93970051231327	0.0	0.9830748535951352	0.015079522461576504	-0.0	0.02703253743596084
199.038834298131	0.0	0.9805386630225491	0.015072087427640175	-0.0	0.027020145712733624
199.13796808394875	0.0	0.9779841919743902	0.015064652393703843	-0.0	0.027007753989506406
199.2371018697665	0.0	0.9754114350679692	0.015057217359767512	-0.0	0.026995362266279188
199.3362356555842	0.0	0.972820386920599	0.015049782325831184	-0.0	0.026982970543051973
199.43536944140195	0.0	0.9702110421495894	0.015042347291894853	-0.0	0.02697057881982476
199.53450322721972	0.0	0.9675833953722519	0.01503491225795852	-0.0	0.026958187096597537
199.6336370130374	0.0	0.9649374412059015	0.015027477224022194	-0.0	0.026945795373370322
199.73277079885514	0.0	0.9622731742678459	0.015020042190085865	-0.0	0.026933403650143108
199.83190458467288	0.0	0.959590589175398	0.015012607156149533	-0.0	0.02692101192691589
199.93103837049065	0.0	0.9568896805458689	0.0150051721222132	-0.0	0.026908620203688668
200.03017215630837	0.0	0.9541704442184918	0.014998491392184583	-0.0	0.026896228480461453
200.1293059421261	0.0	0.9514329673234704	0.014993534702893694	-0.0	0.026883836757234235
200.22843972794385	0.0	0.9486774899280765	0.014988578013602807	-0.0	0.026871445034007017
200.3275735137616	0.0	0.9459042666892619	0.01498362132431192	-0.0	0.0268590533107798
200.42670729957936	0.0	0.9431135522639772	0.014978664635021031	-0.0	0.026846661587552577
200.52584108539708	0.0	0.940305601309176	0.014973707945730145	-0.0	0.02683426986432537
200.62497487121482	0.0	0.9374806684818077	0.01496875125643926	-0.0	0.026821878141098147
200.72410865703256	0.0	0.9346390084388246	0.014963794567148372	-0.0	0.026809486417870933
200.8232424428503	0.0	0.9317808758371777	0.014958837877857484	-0.0	0.02679709469464371
200.92237622866804	0.0	0.9289065253338196	0.014953881188566597	-0.0	0.026784702971416496
201.02151001448578	0.0	0.9260162115857011	0.01494892449927571	-0.0	0.026772311248189275
201.1206438003035	0.0	0.9231101892497747	0.014943967809984825	-0.0	0.02675991952496206
201.21977758612124	0.0	0.9201887129829905	0.014939011120693938	-0.0	0.026747527801734845
201.318911371939	0.0	0.9172520374423001	0.01493405443140305	-0.0	0.026735136078507624
201.41804515775675	0.0	0.9143004172846566	0.014929097742112162	-0.0	0.02672274435528041
201.5171789435745	0.0	0.911334107167011	0.014924141052821275	-0.0	0.026710352632053187
201.6163127293922	0.0	0.9083533617463161	0.01491918436353039	-0.0	0.026697960908825973
201.71544651520992	0.0	0.9053584356795223	0.014914227674239503	-0.0	0.026685569185598758
201.8145803010277	0.0	0.9023495836235796	0.014909270984948614	-0.0	0.026673177462371536
201.91371408684543	0.0	0.8993270602354425	0.01490431429565773	-0.0	0.02666078573914432
202.01284787266314	0.0	0.8962911201720628	0.014899357606366844	-0.0	0.026648394015917107
202.1119816584809	0.0	0.8932420180903904	0.014894400917075955	-0.0	0.02663600229268989
202.21111544429866	0.0	0.8901800086473769	0.014889444227785067	-0.0	0.026623610569462667
202.31024923011637	0.0	0.8871053464999769	0.014884487538494182	-0.0	0.026611218846235456
202.4093830159341	0.0	0.8840182863051398	0.014879530849203293	-0.0	0.026598827123008238
202.50851680175185	0.0	0.8809190827198178	0.014874574159912408	-0.0	0.02658643539978102
202.6076505875696	0.0	0.877807990400963	0.01486961747062152	-0.0	0.0265740436765538
202.7067843733873	0.0	0.8746852640055282	0.014864660781330634	-0.0	0.02656165195332659
202.8059181592051	0.0	0.8715511581904613	0.014859704092039745	-0.0	0.02654926023009936
202.90505194502282	0.0	0.8684059276127203	0.01485474740274886	-0.0	0.026536868506872147
203.00418573084056	0.0	0.8652498269292526	0.014849790713457971	-0.0	0.026524476783644932
203.1033195166583	0.0	0.8620831107970118	0.014844834024167086	-0.0	0.026512085060417714
203.20245330247604	0.0	0.8589060338729493	0.0148398773348762	-0.0	0.026499693337190496
203.30158708829376	0.0	0.8557188508140182	0.014834920645585312	-0.0	0.02648730161396328
203.40072087411153	0.0	0.8525218162771675	0.014829963956294424	-0.0	0.02647490989073606
203.49985465992924	0.0	0.8493151849193531	0.014825007267003538	-0.0	0.026462518167508844
203.59898844574695	0.0	0.8460992113975249	0.014820050577712652	-0.0	0.02645012644428163
203.69812223156472	0.0	0.8428741503686329	0.014815093888421765	-0.0	0.026437734721054408
203.79725601738247	0.0	0.8396402564896326	0.014810137199130876	-0.0	0.026425342997827193
203.89638980320018	0.0	0.8363977844174753	0.014805180509839993	-0.0	0.02641295127459998
203.99552358901795	0.0	0.8331469888091103	0.014800223820549104	-0.0	0.026400559551372757
204.0946573748357	0.0	0.829888086130193	0.014802366434370893	-0.0	0.02639053426251643
204.19379116065343	0.0	0.8266211178915609	0.014804844779016335	-0.0	0.026380620883934655
204.29292494647115	0.0	0.8233460755351082	0.01480732312366178	-0.0	0.026370707505352885
204.3920587322889	0.0	0.8200629504986863	0.014809801468307224	-0.0	0.02636079412677111
204.49119251810663	0.0	0.8167717342201504	0.014812279812952666	-0.0	0.026350880748189337
204.59032630392437	0.0	0.8134724181373542	0.014814758157598109	-0.0	0.026340967369607563
204.6894600897421	0.0	0.8101649936881522	0.014817236502243553	-0.0	0.02633105399102579
204.78859387555985	0.0	0.8068494523103981	0.014819714846888998	-0.0	0.026321140612444012
204.8877276613776	0.0	0.8035257854419463	0.01482219319153444	-0.0	0.02631122723386224
204.98686144719534	0.0	0.8001939845206507	0.014824671536179883	-0.0	0.026301313855280464
205.08599523301305	0.0	0.7968540409843675	0.014827149880825327	-0.0	0.026291400476698694
205.18512901883082	0.0	0.7935059462709474	0.014829628225470771	-0.0	0.026281487098116917
205.28426280464856	0.0	0.7901496918182483	0.014832106570116216	-0.0	0.026271573719535143
205.3833965904663	0.0	0.786785269064124	0.014834584914761658	-0.0	0.02626166034095337
205.48253037628405	0.0	0.7834126694464287	0.014837063259407101	-0.0	0.026251746962371595
205.5816641621018	0.0	0.780031884403018	0.014839541604052545	-0.0	0.02624183358378982
205.68079794791953	0.0	0.7766429053717463	0.01484201994869799	-0.0	0.026231920205208047
205.77993173373724	0.0	0.77324572379047	0.014844498293343432	-0.0	0.026222006826626273
205.879065519555	0.0	0.7698403310970411	0.014846976637988875	-0.0	0.026212093448044496
205.97819930537273	0.0	0.766426718729319	0.01484945498263432	-0.0	0.026202180069462726
206.07733309119047	0.0	0.763004878125156	0.014851933327279764	-0.0	0.026192266690880955
206.1764668770082	0.0	0.759574800722409	0.014854411671925204	-0.0	0.026182353312299178
206.27560066282592	0.0	0.7561364779589341	0.014856890016570649	-0.0	0.026172439933717408
206.37473444864366	0.0	0.7526899012725855	0.014859368361216093	-0.0	0.026162526555135634
206.4738682344614	0.0	0.7492350621012198	0.014861846705861536	-0.0	0.02615261317655386
206.57300202027918	0.0	0.7457719518826924	0.014864325050506978	-0.0	0.026142699797972083
206.6721358060969	0.0	0.7423005620548623	0.014866803395152423	-0.0	0.026132786419390312
206.77126959191463	0.0	0.7388208840555828	0.014869281739797867	-0.0	0.026122873040808535
206.87040337773237	0.0	0.7353329093227112	0.01487176008444331	-0.0	0.02611295966222676
206.96953716355011	0.0	0.7318366292941044	0.014874238429088752	-0.0	0.026103046283644987
207.06867094936786	0.0	0.7283320354076193	0.014876716773734196	-0.0	0.026093132905063213
207.16780473518557	0.0	0.7248191191011133	0.014879195118379639	-0.0	0.026083219526481443
207.2669385210033	0.0	0.721297871812442	0.014881673463025082	-0.0	0.02607330614789967
207.36607230682105	0.0	0.7177682849794631	0.014884151807670528	-0.0	0.026063392769317895
207.46520609263882	0.0	0.7142303500400335	0.01488663015231597	-0.0	0.026053479390736118
207.56433987845654	0.0	0.7106840584320139	0.014889108496961413	-0.0	0.026043566012154348
207.66347366427428	0.0	0.7071294015932588	0.014891586841606857	-0.0	0.026033652633572574
207.76260745009202	0.0	0.703566370961627	0.014894065186252302	-0.0	0.026023739254990796
207.8617412359098	0.0	0.6999949579749762	0.014896543530897744	-0.0	0.026013825876409023
207.9608750217275	0.0	0.6964151540711676	0.014899021875543187	-0.0	0.02600391249782725
208.06000880754524	0.0	0.6928269462329638	0.014904500660565893	-0.0	0.025993999119245475
208.15914259336296	0.0	0.68923025616924	0.014911935694502223	-0.0	0.0259840857406637
208.2582763791807	0.0	0.6856249560412048	0.014919370728438554	-0.0	0.025974172362081927
208.35741016499844	0.0	0.6820109167753332	0.014926805762374883	-0.0	0.025964258983500153
208.45654395081618	0.0	0.6783880092981005	0.014934240796311213	-0.0	0.02595434560491838
208.55567773663392	0.0	0.6747561045359814	0.014941675830247544	-0.0	0.025944432226336606
208.65481152245167	0.0	0.6711150734154517	0.014949110864183875	-0.0	0.025934518847754835
208.7539453082694	0.0	0.6674647868629874	0.014956545898120205	-0.0	0.025924605469173058
208.85307909408715	0.0	0.6638051158050642	0.014963980932056536	-0.0	0.025914692090591288
208.95221287990486	0.0	0.6601359311681597	0.014971415965992866	-0.0	0.025904778712009514
209.0513466657226	0.0	0.6564571038787489	0.014978850999929193	-0.0	0.02589486533342774
209.15048045154037	0.0	0.6527685048633087	0.014986286033865528	-0.0	0.025884951954845963
209.2496142373581	0.0	0.6490700050483201	0.014993721067801856	-0.0	0.025875038576264192
209.34874802317586	0.0	0.6453614753602569	0.01500115610173819	-0.0	0.025865125197682415
209.44788180899357	0.0	0.6416427867256016	0.015008591135674518	-0.0	0.02585521181910064
209.5470155948113	0.0	0.6379138100708298	0.015016026169610848	-0.0	0.02584529844051887
209.64614938062905	0.0	0.6341744163224221	0.015023461203547181	-0.0	0.025835385061937093
209.74528316644682	0.0	0.6304244764068573	0.01503089623748351	-0.0	0.02582547168335532
209.84441695226457	0.0	0.6266638612506175	0.015038331271419843	-0.0	0.025815558304773542
209.94355073808228	0.0	0.6228924417801834	0.015045766305356171	-0.0	0.02580564492619177
210.04268452390002	0.0	0.6191100889220343	0.015053201339292503	-0.0	0.025795731547609998
210.14181830971773	0.0	0.6153166736026541	0.01506063637322883	-0.0	0.025785818169028224
210.24095209553548	0.0	0.6115120667485234	0.015068071407165162	-0.0	0.025775904790446454
210.34008588135322	0.0	0.6076961392861256	0.015075506441101491	-0.0	0.025765991411864676
210.43921966717096	0.0	0.6038687621419447	0.01508294147503782	-0.0	0.025756078033282906
210.5383534529887	0.0	0.6000298062424649	0.015090376508974152	-0.0	0.02574616465470113
210.63748723880644	0.0	0.596179142514171	0.015097811542910483	-0.0	0.025736251276119358
210.73662102462418	0.0	0.5923166418835485	0.015105246576846813	-0.0	0.02572633789753758
210.83575481044193	0.0	0.5884421752770838	0.015112681610783144	-0.0	0.025716424518955807
210.93488859625967	0.0	0.5845556136212638	0.015120116644719475	-0.0	0.025706511140374033
211.0340223820774	0.0	0.5806568278425766	0.015127551678655805	-0.0	0.02569659776179226
211.13315616789515	0.0	0.5767456888675104	0.015134986712592136	-0.0	0.025686684383210485
211.2322899537129	0.0	0.5728220676225549	0.015142421746528467	-0.0	0.02567677100462871
211.33142373953063	0.0	0.5688858350342005	0.015149856780464798	-0.0	0.025666857626046938
211.43055752534835	0.0	0.5649368620289394	0.015157291814401126	-0.0	0.025656944247465167
211.5296913111661	0.0	0.5609750195332619	0.015164726848337456	-0.0	0.025647030868883394
211.62882509698383	0.0	0.5570001784736622	0.015172161882273787	-0.0	0.02563711749030162
211.72795888280157	0.0	0.5530122097766346	0.015179596916210118	-0.0	0.025627204111719846
211.82709266861931	0.0	0.5490109843686745	0.015187031950146448	-0.0	0.02561729073313807
211.92622645443703	0.0	0.5449963731762796	0.015194466984082777	-0.0	0.025607377354556298
212.02536024025477	0.0	0.5409682484408811	0.015203804036038215	-0.0	0.025598097981980893
212.1244940260725	0.0	0.536926632701318	0.015218674103910876	-0.0	0.02559066294804456
212.22362781189028	0.0	0.5328718357740061	0.015233544171783542	-0.0	0.02558322791410823
212.322761597708	0.0	0.528804199845642	0.0152484142396562	-0.0	0.0255757928801719
212.42189538352574	0.0	0.5247240671029169	0.01526328430752886	-0.0	0.02556835784623557
212.52102916934348	0.0	0.5206317797325271	0.015278154375401521	-0.0	0.02556092281229924
212.62016295516122	0.0	0.5165276799211684	0.015293024443274184	-0.0	0.02555348777836291
212.71929674097896	0.0	0.5124121098555386	0.015307894511146846	-0.0	0.025546052744426576
212.8184305267967	0.0	0.5082854117223358	0.015322764579019507	-0.0	0.02553861771049025
212.91756431261445	0.0	0.5041479277082591	0.015337634646892168	-0.0	0.025531182676553917
213.0166980984322	0.0	0.5000000000000093	0.015352504714764828	-0.0	0.025523747642617587
