Q20	Q30	EHFB	M22	M23	M33
32.0	0.0	0.0001	0.23010000000000005	1.2869999999020074e-07	0.1312
32.618385569653626	0.0013659860775892835	0.017016794714588897	0.24496674514788958	-0.007183847770167881	0.12840583574722397
33.23835952574973	0.04294679478097482	0.004868972089473942	0.25820041852762354	-0.00811776883374405	0.11881893004408042
33.83460383330892	0.19284483291397897	0.0031262012572963096	0.26070140223158533	0.0042779084656514215	0.094954810136668
34.37187693161063	0.5021438076642317	0.001326039710133564	0.24848896761100991	0.034003762380317874	0.06569622761008694
34.631274456673886	1.0599093695735429	0.0006027090656853541	0.19417561637916467	0.07258568206387674	0.04906860703312399
35.22716202966639	1.2445701432064582	0.21626027230737294	0.2129497426634141	0.08959439968083306	0.0621286176771456
35.835435640890324	1.3287153301806052	0.4523455421947785	0.24227739375457708	0.09384048750949721	0.07268059786322234
36.45979389243786	1.3479422353432167	0.6964308803415142	0.27143144600608765	0.08330994086485612	0.07664685399409318
37.07192718649955	1.310738770331688	0.9373363608558662	0.29086807354646405	0.060969748444750595	0.07842433784505104
37.69160180272248	1.2219372854492008	1.1885070995576932	0.29569682847181944	0.03313008129268051	0.08418285588502591
38.289979848480165	1.094163946165263	1.443638504429016	0.2849560422159514	0.009146627600388339	0.0953046970507996
38.89566048126721	0.928381260693228	1.7185985936490067	0.26250981750616886	-0.005829667351547016	0.1091246982670633
39.47687840067707	0.743135648520972	1.999444630607032	0.23625336602965147	-0.009391154014913704	0.11952428779663554
40.0725384054462	0.5370434239774473	2.3022108716230982	0.2100216741680534	-0.004431929600637033	0.12300347494760606
40.646991212956486	0.3378120872641782	2.6025818911689935	0.18692477017226317	0.00489851207867966	0.11928161971771763
41.25130489666696	0.15017405533250072	2.918311620710322	0.16245988326867974	0.01688633121113762	0.11301718269938392
41.841946231672765	0.01445869626403192	3.214658128197284	0.13472676455758364	0.028850878544061202	0.11207817924351415
42.47777533037902	0.0029785569730409822	3.4892333096945114	0.10463988587489947	0.03711897541991772	0.12000920595590339
43.08051619286722	0.003857268957381329	3.7457255289770774	0.07611272433623895	0.031782566034232365	0.13883660762071223
43.72020633713566	0.005070210324966093	4.019067245636122	0.06081972689028172	0.007413841249628266	0.15929978637250575
44.31992353433269	0.004534517760123017	4.277718458195608	0.07720580383177111	0.02587408241872218	0.16519308866586646
44.96309515758031	0.002336429014992628	4.552855455524413	0.12378442420383075	0.044923560872878424	0.1589078763705706
45.56077501864057	0.0019161278576902063	4.796823360783712	0.17272566726877997	0.042032563370256536	0.15598857664122548
46.20649901486471	0.0015714095780942228	5.038323549869396	0.2136679235849763	0.025964031228143978	0.16620267316087628
46.80289573915756	0.002041526283725812	5.232027623421093	0.2358524994971213	0.011047399226022494	0.1856639472276967
47.45056788330831	0.003060356287446795	5.400674064241559	0.24574869994638976	0.0020016657809086135	0.2070808246967774
48.04614263559192	0.0036141795559110216	5.508640485293754	0.24442338547262352	6.227004554271169e-05	0.21736574354437135
48.69531503963103	0.00407040858637879	5.5704039247719805	0.2321783473200237	0.001395054382468846	0.21335769111973824
49.29061682021129	0.004190375041667459	5.586597576789544	0.2131760664161011	0.003493200407839817	0.1988693551372299
49.940848503096845	0.003734122575927518	5.57531522336164	0.1865269505257989	0.006604850735298529	0.17644786692712572
50.53646693635996	0.003093808352273791	5.552033423775523	0.15826469199823545	0.010162742289261435	0.155348428209928
51.18735701054528	0.0017835216739248653	5.527757555215794	0.12482353917008551	0.0122939715959397	0.13786857397367222
51.783745412681114	0.0017429504296938066	5.520339077838935	0.09615186349915453	0.007545634650948767	0.12988604309332474
52.43496432830745	0.0015276724553777575	5.542559116084219	0.07755154014451679	0.0	0.12645554227254185
53.032445673574834	0.002804433152422535	5.5920306791078325	0.07833390326843538	0.02138912575603903	0.12209479622222158
53.683683371842406	0.002810542242827148	5.670986433808156	0.09827762361426018	0.03700426213640896	0.11138833838208598
54.28271556223999	0.002609075490753336	5.760614762791547	0.12808041608361598	0.041341756422507515	0.09804663154826218
54.93352307098388	0.0012473621019554744	5.8697956209941875	0.16251463949949366	0.03268581945941906	0.08533158035759256
55.53476095084754	0.0007050673924183437	5.975249387180751	0.18749759390718135	0.015380547163201084	0.0798063377342526
56.18463596260552	0.0007916183265996084	6.08734921397272	0.2019629458856959	-0.005745160619378247	0.08094982397866476
56.78849474610208	0.0013562836560498048	6.186119581235991	0.20516577846080908	-0.02132741327950301	0.08459467928991314
57.437088353866095	0.0026194062002178583	6.287410309105266	0.20269683773186492	-0.031192291388173952	0.08676081583936883
58.04385306160143	0.0034281296445150527	6.379239502594045	0.19824125148134883	-0.03355055598524665	0.0845358034383074
58.6909424562844	0.004319898001789804	6.475505663393226	0.19244326058805858	-0.028839526861228728	0.0773291180714103
59.30085776664192	0.004669041443169231	6.56609119628437	0.18459003905712765	-0.017985681119810137	0.06816840099670107
59.94630450215196	0.004674556040990456	6.663236506939258	0.17037937264066094	-0.0013493506493581083	0.06025486412511622
60.55971883505654	0.004230299162693361	6.7582441044076385	0.14817222796698482	0.015274205170822787	0.058446367011852726
61.20333128236292	0.0031745723218818377	6.8628233857813346	0.11707707053301362	0.026314624345305047	0.06279170313204874
61.82065794438439	0.0022725296492060783	6.970006100972378	0.08625763284685206	0.02660534542872545	0.0681977141228422
62.46212875071544	0.0010339791661980611	7.090794889302002	0.06124496429390812	0.018027752773296653	0.06880121590333632
63.08370931859316	0.00012506510717607292	7.219193402361186	0.047863401610842966	0.007512917743712563	0.06220510340795316
63.72240152197698	0.01973245965590696	7.364928528943188	0.04306832332207799	0.001338317287576651	0.053001998151728916
64.34841861499348	0.0229480406577661	7.523335417714609	0.04196118094660633	0.0012424539809204394	0.0466410494772199
64.98450989363427	0.0003688853728555775	7.7017732983205525	0.04215486453871406	0.0019453536252552073	0.04448515580091278
65.61479745545533	0.0027214586741773814	7.894163372742781	0.04570053975229017	0.005054974358840595	0.04550781405825534
66.24962462373088	0.0017692521335004204	8.103743765945051	0.05414191632301483	0.007829884157230118	0.04498474436605165
66.84377819131119	0.21369864468430583	8.295172797645789	0.07760480631389394	0.007064713404218152	0.037052278960676234
67.35695521073036	0.5821011512183514	8.449018767115295	0.08859520591830164	-0.012264549279696932	0.0316550885931146
67.91373368864862	0.8833380965866207	8.62762406290138	0.06442231008144131	-0.021280243067484182	0.03756762979868272
68.53621612393728	0.9934943318956798	8.855397953869897	0.03052875713103591	-0.002306123804800865	0.02940809042916815
69.11476213874683	0.7328375517822692	9.120728926840481	0.010065731420524521	0.015705860050628736	0.02450632046737857
69.69386977536544	0.48054332417227114	9.400223334434234	0.006697329454275592	0.015267866376992184	0.03480607386827474
70.30871801837624	0.3121993616820617	9.689166437644362	0.003350250521634584	0.011965875854903732	0.042737754699343995
70.93431889820259	0.2557185441628186	9.962980099436667	0.0017480638058504877	0.008990335533705448	0.04623751875537654
71.57627248228262	0.2029064526595768	10.23285755858615	0.0007354210414127427	0.005863515638116691	0.0467498394829627
72.19726245551556	0.2326856429701424	10.472390839267305	0.0007953996073183574	0.0059709830829337025	0.044823556170565916
72.84794942075838	0.27290721282913166	10.710105625596158	0.0013385657098359254	0.007376058193311933	0.04064517271833665
73.46738673773645	0.3015439568694069	10.92166593784921	0.0021377509457596038	0.008679295947281175	0.03523805160274387
74.10765443147548	0.430692113906024	11.138959643987056	0.0043335849187658175	0.01159681879277481	0.031033476586575345
74.70216674962006	0.6310091855622942	11.347652127321565	0.019723563597826517	0.008741954735128383	0.03193072751169357
75.33279195682529	0.4861355926000522	11.46123709018567	0.06303198165833523	-0.016368186380496638	0.037869859371997876
75.90469764779061	0.21331599465914788	11.457952174157795	0.09229351758485846	-0.027456482249918396	0.03200279994666683
76.51381817184243	0.004689280272834033	11.424950745033891	0.09959731095998728	-0.024556911982040228	0.02540104175244165
77.15121008159062	0.0060033078911696045	11.451481472898223	0.10502671138874728	-0.021157218796330254	0.030858008567868217
77.79478276244441	0.006760085391915787	11.44199808745129	0.1104310353788528	-0.015703614210380065	0.03798623793264668
78.43323035490016	0.006175106149642499	11.393481028506107	0.11464014670574763	-0.009807449315158529	0.04636901775694846
79.07741013895449	0.0048374892072784205	11.30253667220271	0.11745239242746602	-0.0046601293643908385	0.05526520190452721
79.71704439299374	6.967117255844246e-05	11.166958849570811	0.11898891741776273	-0.001097858602071622	0.06303856024490893
80.35515920776565	0.09426950060751112	11.01139067037319	0.12087308674317918	0.002863287693735351	0.06993830181586098
80.97660827015724	0.248935641303707	10.839485601762158	0.11925372937672979	0.00601683323810946	0.07499537262036494
81.59694135439287	0.4310913375488104	10.656138008284938	0.11501148288501105	0.0073295426573157536	0.0781215872933873
82.21029696216145	0.6159595938836817	10.469159871525875	0.11017016425103078	0.007017412923482561	0.07930804410124298
82.8332663338949	0.793913640635797	10.274376084110205	0.10582159549198684	0.005936122239186864	0.07904325471174485
83.45429871764522	0.9528891443782744	10.072818219171253	0.10259816594217049	0.004861115291658989	0.07790222866435126
84.0883045919971	1.0917931359782582	9.855723374960329	0.1007797721720307	0.004270574044377005	0.07628693662802041
84.71983521346638	1.2052841101952796	9.624268980273595	0.10070795025102235	0.004486786765674908	0.07446292981867864
85.36306340429125	1.298834315533508	9.37073415785574	0.10241753689676208	0.005584075138607172	0.0724814938797239
86.00084748074485	1.375632041829859	9.102326776796088	0.10554590147463898	0.007563492039877977	0.0705933375349571
86.64791329591027	1.444738331202161	8.815563655165931	0.10965927514593574	0.010387522198972071	0.06899639102342466
87.28787053859753	1.5098248043924272	8.520328338008747	0.11418401212957827	0.013654741834848837	0.06782811579303964
87.93591256952186	1.5752000753146502	8.211273417849096	0.1189219452830497	0.016775638362013696	0.06686391560453833
88.57697064616846	1.638708743034602	7.896088821542404	0.12367848081005799	0.01881669381388687	0.06565593085161833
89.22605602209121	1.6981380605546827	7.56924185138534	0.1286493044966816	0.01951019448529537	0.06390485086729734
89.86938675681395	1.7466165239245106	7.23872804782822	0.13385325002366547	0.018917222838843735	0.06168776382769568
90.52077838135968	1.778891549627186	6.897302922215311	0.13963063215701865	0.017292792682684587	0.0591746802502006
91.16681408776894	1.7877977980796926	6.5510516743966445	0.14628741620042082	0.015079646926754545	0.056670388849247855
91.81906273395892	1.768578776818788	6.194158856341471	0.15452370903627777	0.012771447382859714	0.05432571249670871
92.46413540325459	1.718776746932316	5.836415234264831	0.1647005392909991	0.011012716291690271	0.052274360484534696
93.11208834489852	1.638991921510246	5.474342589243886	0.17691375708347568	0.00990907098407416	0.05052293666360094
93.75140004411926	1.5343325753244983	5.116685652080206	0.1903793485916914	0.009275638663556218	0.0491753888473118
94.39239961416324	1.4089977527308943	4.762032498532003	0.2044671392235062	0.008818242349810783	0.0483060534498558
95.02612026842525	1.2709103890661195	4.419469834766377	0.2180346130053086	0.008177301404540148	0.04801213091935476
95.66296090732494	1.1247788293089083	4.086860366256062	0.23033227031586984	0.006955173659471104	0.04835173476966518
96.2958277575515	0.979573006487024	3.7701820578407417	0.24034738225224336	0.004898019992660216	0.049353563287539266
96.93465663111849	0.8414283255765386	3.4671420760339124	0.24744598221348432	0.002349365972406844	0.05087687450066144
97.57331761196323	0.7206097522160465	3.1828218101017742	0.25123525054270734	0.00015380911616273387	0.0525396483601795
98.2198959472703	0.6240711193924371	2.9129918249470435	0.25219633777226813	-0.0011991907135705073	0.053986971133031914
98.86736366606412	0.5601310600722785	2.6579870324713832	0.25121422654901093	-0.0015151087721883884	0.054891900945528045
99.52062753615924	0.5324365061073422	2.412687218968646	0.2490960048689445	-0.0006992937482115332	0.05500656479081801
100.17174683062169	0.5418143328152383	2.1782151463472754	0.24594354016380202	0.0015967513600148664	0.054091801753394606
100.82430431484391	0.5839562345167568	1.9534086093032534	0.24082505499330775	0.005831833738072168	0.052128698593816275
101.47253714057096	0.6510449712416262	1.7415776668676173	0.2324941152333072	0.011861821338412562	0.04957461541792765
102.12115428529468	0.7342911406231549	1.541763769309972	0.2200536585379865	0.019060143826303833	0.04695817010026375
102.76730801164057	0.8225384080095821	1.3532700647856803	0.2040544427980889	0.02610505117600822	0.04469589220755994
103.41631776731	0.9023750587192354	1.169727693566777	0.18679288964565607	0.031567145499008895	0.042776197370914676
104.06674248603387	0.955152992051435	0.9834382704620672	0.17257208687292375	0.0344599336082844	0.04082554685075379
104.7205271174019	0.9607892119081297	0.7855289079895987	0.16573794261028651	0.03483386160541905	0.03849757786646157
105.37108402615227	0.9052892988734332	0.57653186604386	0.1678523433791071	0.03352751884127689	0.03592059902825511
106.01402812443888	0.7873580387488915	0.36560681034857684	0.17826740184961537	0.03088522914071309	0.03340601569325519
106.64502996867829	0.6184667493597313	0.1686911375612142	0.19504719732936454	0.026790659588108882	0.031243819403170482
107.26651865140728	0.4164821103630608	0.000100032318420993	0.21598799472379773	0.020894001879993438	0.029618712782452022
