Q20	Q30	EHFB	M22	M23	M33
32.0	0.0	0.0001	0.23009999999999997	1.2870000000000003e-07	0.13119999999999998
32.15090220375943	0.0	0.009728981175145491	0.2343177165953563	1.0868441866282298e-07	0.1309283760329527
32.30180440751886	0.0	0.01560001234826622	0.2385354331907044	8.642327342754236e-08	0.13065675206591368
32.45270661127828	0.0	0.017723302194038736	0.2427531497860424	6.19165642941621e-08	0.13038512809888453
32.6036088150377	0.0	0.016208106737965498	0.24697086638136886	3.516429126268462e-08	0.130113504131867
32.75451101879713	0.0	0.011163820506580104	0.25118858297668223	6.166454333112812e-09	0.12984188016486273
32.90541322255656	0.0	0.002700941322606222	0.2554062995719807	-2.507694649454699e-08	0.12957025619787335
33.05631542631598	0.0	0.009076255800502527	0.2596240161672622	-5.856591122028714e-08	0.12929863223090068
33.20721763007541	0.0	0.024051872114583758	0.26384173276252565	-9.430043984410393e-08	0.1290270082639463
33.358119833834834	0.0	0.042119560950500054	0.2680594493577689	-1.3228053236598638e-07	0.12875538429701197
33.509022037594264	0.0	0.06316977180107969	0.2722771659529906	-1.7250618878592957e-07	0.12848376033009928
33.65992424135369	0.0	0.08709312658577201	0.2764948825481891	-2.149774091039224e-07	0.12821213636321
33.810826445113115	0.0	0.11378026948554763	0.28071259914336216	-2.596941933199524e-07	0.12794051239634577
33.961728648872544	0.0	0.14312185040073222	0.2849303157385087	-3.066565414340129e-07	0.12766888842950821
34.11263085263197	0.0	0.17500852123926477	0.2891480323336269	-3.558644534460899e-07	0.12739726446269917
34.263533056391395	0.0	0.2093309347585711	0.29336574892871464	-4.073179293561679e-07	0.12712564049592023
34.414435260150825	0.0	0.24597974412397253	0.29758346552377096	-4.610169691642387e-07	0.12685401652917308
34.565337463910254	0.0	0.2848456027155074	0.30180118211879364	-5.169615728702853e-07	0.12658239256245943
34.716239667669676	0.0	0.32581916403447714	0.306018898713781	-5.751517404742895e-07	0.12631076859578094
34.8671418714291	0.0	0.3687910816545851	0.3102366153087316	-6.35587471976238e-07	0.12603914462913932
35.01804407518853	0.0	0.4136520091947599	0.31445433190364375	-6.982687673761164e-07	0.12576752066253621
35.168946278947956	0.0	0.460292600303257	0.31867204849851566	-7.631956266739048e-07	0.12549589669597333
35.31984848270738	0.0	0.5086035086479689	0.32288976509334555	-8.303680498695811e-07	0.12522427272945238
35.470750686466815	0.0	0.5584753879103058	0.32710748168813214	-8.997860369631352e-07	0.12495264876297502
35.62165289022624	0.0	0.6097988917811791	0.3313251982828731	-9.714495879545338e-07	0.12468102479654294
35.77255509398566	0.0	0.662464673958357	0.33554291487756716	-1.0453587028437626e-06	0.12440940083015783
35.92345729774509	0.0	0.7163633881446188	0.33976063147221264	-1.121513381630803e-06	0.12413777686382135
36.07435950150452	0.0	0.7713868890928572	0.3392342118766282	-1.5348942112205521e-06	0.12439968231502162
36.22526170526393	0.0	0.8274556170700248	0.33382436787934244	-2.259429096042987e-06	0.1252107816527391
36.37616390902336	0.0	0.8845191424198235	0.3284145238773805	-2.938101338236773e-06	0.12602188099513242
36.52706611278279	0.0	0.9425283454589575	0.32300467987125014	-3.5709109377806033e-06	0.12683298034169432
36.67796831654221	0.0	1.0014341065055352	0.31759483586145854	-4.1578578946569515e-06	0.1276440796919175
36.82887052030164	0.0	1.0611873058787649	0.3121849918485125	-4.698942208852116e-06	0.12845517904529488
36.979772724061064	0.0	1.1217388238987005	0.30677514783291976	-5.1941638803560245e-06	0.1292662784013193
37.13067492782049	0.0	1.1830395408860899	0.30136530381518684	-5.643522909162443e-06	0.13007737775948358
37.28157713157992	0.0	1.2450403371622192	0.2959554597958212	-6.047019295268806e-06	0.13088847711928056
37.43247933533935	0.0	1.3076920930488203	0.2905456157753301	-6.4046530386763075e-06	0.13169957648020308
37.58338153909878	0.0	1.370945688867989	0.28513577175422067	-6.716424139389889e-06	0.13251067584174395
37.7342837428582	0.0	1.4347520049421134	0.2797259277330003	-6.982332597418207e-06	0.13332177520339594
37.885185946617625	0.0	1.4990619215938368	0.2743160837121759	-7.202378412773695e-06	0.13413287456465195
38.036088150377054	0.0	1.5638263191460073	0.2689062396922544	-7.3765615854725145e-06	0.13494397392500487
38.186990354136476	0.0	1.628996077921637	0.2634963956737435	-7.504882115534542e-06	0.13575507328394734
38.337892557895906	0.0	1.6945220782438954	0.2580865516571498	-7.587340002983413e-06	0.13656617264097243
38.48879476165533	0.0	1.7603552004360654	0.25267670764298117	-7.6239352478465e-06	0.1373772719955728
38.63969696541476	0.0	1.826446324821546	0.24726686363174388	-7.614667850154908e-06	0.1381883713472413
38.790599169174186	0.0	1.892746331723818	0.2418570196239458	-7.559537809943488e-06	0.13899947069547086
38.941501372933615	0.0	1.9592061014664424	0.23644717562009376	-7.458545127250821e-06	0.13981057003975425
39.09240357669304	0.0	2.025776514373046	0.23103733162069542	-7.3116898021192435e-06	0.14062166937958423
39.24330578045247	0.0	2.0924084507673215	0.2256274876262573	-7.118971834594813e-06	0.14143276871445373
39.39420798421189	0.0	2.159052790973001	0.22021764363728713	-6.880391224727339e-06	0.14224386804385555
39.54511018797132	0.0	2.225660415313873	0.21480779965429153	-6.595947972570351e-06	0.14305496736728246
39.69601239173075	0.0	2.2921822041137556	0.20939795567777802	-6.2656420781811415e-06	0.1438660666842274
39.84691459549017	0.0	2.3585690376965016	0.20398811170825393	-5.889473541620744e-06	0.14467716599418318
39.99781679924959	0.0	2.4247717963859983	0.1985782677462262	-5.467442362953914e-06	0.1454882652966425
40.14871900300902	0.0	2.490751537639696	0.1971716872709415	0.0020308182932498547	0.142516948831827
40.29962120676844	0.0	2.556511833449235	0.19565871873826668	0.00422517005084007	0.13965526247751614
40.45052341052787	0.0	2.622067355791414	0.19396381930257103	0.006538305623891125	0.13697550702622596
40.6014256142873	0.0	2.687432776675247	0.19207134214034585	0.00895851792539478	0.13449332930146524
40.75232781804672	0.0	2.7526227681097684	0.18996564042808256	0.011472668312444732	0.13222437612674295
40.90323002180615	0.0	2.8176520021040448	0.18763106734227192	0.014066065434057157	0.13018429432556766
41.05413222556558	0.0	2.8825351506671493	0.18505197605940552	0.01672231807887049	0.12838873072144827
41.20503442932501	0.0	2.9472868858081744	0.18221271975597436	0.0194231556828247	0.12685333213789357
41.35593663308443	0.0	3.0119218795362244	0.17909765160846988	0.022148207998147894	0.12559374539841237
41.506838836843855	0.0	3.0764548038604196	0.1756911247933832	0.024874732381279758	0.12462561732651344
41.657741040603284	0.0	3.1409003307898935	0.17197749248720529	0.02757727278079669	0.12396459474570554
41.80864324436271	0.0	3.20527313233378	0.16794110786642752	0.03022722807799085	0.12362632447949744
41.959545448122135	0.0	3.269587880501225	0.16356632410754132	0.032792297766800343	0.12362645335139802
42.110447651881564	0.0	3.333859247301389	0.1588374943870375	0.035235758041161684	0.123980628184916
42.26134985564099	0.0	3.3981019047434273	0.15373897188140764	0.037515497643580295	0.12470449580356016
42.41225205940041	0.0	3.462330524836513	0.14825510976714287	0.039582703844573984	0.1258137030308393
42.563154263159845	0.0	3.5265597795898236	0.1423702612207337	0.041380022301765844	0.1273238966902624
42.71405646691926	0.0	3.590804341012523	0.13606877941867285	0.042838895417105144	0.12925072360533782
42.86495867067869	0.0	3.6550788811138095	0.12933501753745003	0.043875559008552424	0.1316098305995748
43.01586087443812	0.0	3.7193980719028663	0.122153328753557	0.0443847244012212	0.13441686449648194
43.16676307819754	0.0	3.7837765853888787	0.11450806624348542	0.04422898499909357	0.1376874721195679
43.31766528195696	0.0	3.848229093581045	0.1063835831837261	0.04321959710209979	0.14143730029234156
43.4685674857164	0.0	3.912770268488569	0.09776423275076943	0.04107766280107447	0.14568199583831223
43.61946968947582	0.0	3.9774147821206394	0.08863436812110825	0.0373424794764502	0.15043720558098775
43.77037189323524	0.0	4.0421773064864635	0.07897834247123298	0.03109222847559015	0.15571857634387737
43.92127409699468	0.0	4.107072513595256	0.06878050897763384	0.019471581198185848	0.16154175495049042
44.07217630075411	0.0	4.172112356192653	0.06959879973157401	0.018611686840216246	0.1626555744694584
44.22307850451353	0.0	4.237239377931331	0.08238001558954122	0.030294804394173452	0.15868553828900386
44.37398070827295	0.0	4.302322670022761	0.0944863190928759	0.03622287087548807	0.15539041446318186
44.52488291203238	0.0	4.367227794932423	0.10594153676501034	0.03951781997586465	0.15274637646856043
44.67578511579181	0.0	4.431820315125796	0.11676949512937576	0.04116806447355793	0.1507295977817081
44.82668731955124	0.0	4.495965793068355	0.1269940207094039	0.04166838197609435	0.14931625187919303
44.97758952331066	0.0	4.559529791225572	0.13663894002852614	0.041320000557796305	0.14848251223758346
45.128491727070084	0.0	4.622377872062924	0.1457280796101747	0.0403280890165646	0.14820455233344756
45.27939393082951	0.0	4.684375598045884	0.1542852659777813	0.03884289998049392	0.1484585456433536
45.43029613458894	0.0	4.745388531639929	0.16233432565477857	0.03698012489261791	0.14922066564386985
45.58119833834837	0.0	4.805282235310519	0.169899085164597	0.0348321213050201	0.1504670858115645
45.73210054210779	0.0	4.863922271523122	0.17700337103066813	0.03247461900504455	0.15217397962300555
45.883002745867216	0.0	4.921174202743216	0.1836710097764251	0.029970977599703633	0.15431752055476164
46.033904949626645	0.0	4.976903591436267	0.18992582792529902	0.027375023077135942	0.15687388208340086
46.184807153386075	0.0	5.030976000067747	0.19579165200072154	0.024733012704426894	0.1598192376854914
46.335709357145504	0.0	5.083256991103118	0.2012923085261245	0.022085040340075718	0.16312976083760145
46.48661156090492	0.0	5.133612127007852	0.20645162402493925	0.019466068506166036	0.16678162501629892
46.63751376466435	0.0	5.181906970247423	0.2112934250205985	0.01690670322458734	0.17075100369815277
46.78841596842378	0.0	5.2280070832873	0.2158415380365335	0.014433786427540077	0.17501407035973085
46.93931817218321	0.0	5.271778028592951	0.22011978959617604	0.012070855662719582	0.17954699847760142
47.09022037594263	0.0	5.313085368629848	0.2241520062229577	0.009838505001412985	0.18432596152833242
47.241122579702065	0.0	5.3517946658634665	0.22796201444031086	0.007754670786685511	0.1893271329884928
47.39202478346148	0.0	5.387771482759273	0.23157364077166628	0.005834859002404368	0.19452668633464962
47.54292698722091	0.0	5.420881381782749	0.2350107117404566	0.004092326349315302	0.19990079504337224
47.69382919098034	0.0	5.450989925399368	0.23829705387011343	0.0025382238204798777	0.20542563259122854
47.84473139473976	0.0	5.477962676074604	0.24145649368406819	0.0011817091988438643	0.21107737245478636
47.99563359849919	0.0	5.50166519627394	0.24451285770575307	3.003314818569404e-05	0.21683218811061458
48.14653580225861	0.0	5.522014916959873	0.24030546858519253	0.0010276744133029293	0.2123045599462417
48.29743800601804	0.0	5.53915556739927	0.23580149752315227	0.0021181490146873704	0.2075506808076409
48.44834020977746	0.0	5.553292576799471	0.2312107094969983	0.0032361767524920026	0.20288361863315435
48.59924241353689	0.0	5.564631375740101	0.2265289165004321	0.004376419003794668	0.19830756142907963
48.75014461729632	0.0	5.573377394800787	0.2217519305271558	0.005533106393615987	0.19382669720171494
48.90104682105574	0.0	5.579736064561157	0.2168755635708716	0.006699987989333742	0.18944521395735855
49.05194902481517	0.0	5.583912815600842	0.21189562762528097	0.00787027135713754	0.18516729970230827
49.2028512285746	0.0	5.586113078499471	0.20680793468408604	0.009036550955167748	0.18099714244286216
49.35375343233403	0.0	5.586542283836679	0.20160829674098885	0.010190721524255946	0.1769389301853184
49.504655636093446	0.0	5.585405862192095	0.19629252578969172	0.011323871977575867	0.17299685093597536
49.65555783985288	0.0	5.5829092441453545	0.19085643382389544	0.012426153611944364	0.1691750927011302
49.806460043612304	0.0	5.579257860276091	0.18529583283730316	0.013486613987251449	0.16547784348708194
49.957362247371734	0.0	5.574657141163937	0.17960653482361608	0.014492984086030484	0.16190929130012804
50.108264451131156	0.0	5.569312517388523	0.17378435177653664	0.015431400588793645	0.15847362414656696
50.259166654890585	0.0	5.563429419529487	0.16782509568976625	0.016286035903319975	0.15517503003269634
50.410068858650014	0.0	5.557213278166458	0.16172457855700714	0.01703859344556191	0.15201769696481449
50.560971062409436	0.0	5.550869523879072	0.15547861237196148	0.01766759976607161	0.14900581294921955
50.711873266168865	0.0	5.5446035872469555	0.14908300912833075	0.018147378750198177	0.1461435659922094
50.86277546992828	0.0	5.538620898849747	0.14253358081981762	0.018446505557747527	0.14343514410008235
51.01367767368772	0.0	5.533126889267074	0.13582613944012267	0.01852536152913647	0.14088473527913592
51.16457987744714	0.0	5.528326989078573	0.12895649698294925	0.01833202608467693	0.13849652753566877
51.31548208120657	0.0	5.52442662886387	0.12192046544199847	0.017794810207025388	0.1362747088759786
51.466384284966	0.0	5.5216312392025975	0.11471385681097249	0.016807156313489044	0.1342234673063636
51.61728648872542	0.0	5.520146250674388	0.10733248308357363	0.015191970694543271	0.13234699083312187
51.76818869248484	0.0	5.520177093858872	0.09977215625350351	0.01259310098766857	0.13064946746255146
51.91909089624427	0.0	5.521929199335684	0.09202868831446373	0.007908746750185597	0.12913508520095027
52.0699931000037	0.0	5.525603068802466	0.08912100165298065	0.007680999446495356	0.12818278953407772
52.22089530376312	0.0	5.531263987108558	0.09219971465542225	0.013913064230634912	0.12748380428492218
52.371797507522544	0.0	5.538828637387189	0.09557283809933398	0.018291799669363815	0.12649040859429656
52.52269971128197	0.0	5.54820608943721	0.09921507691501233	0.021852539585223565	0.1252278975319044
52.6736019150414	0.0	5.559305413057471	0.10310113603275356	0.024858061543230604	0.12372156616744934
52.82450411880083	0.0	5.572035678046818	0.10720572038285403	0.027412430121085598	0.12199670957063508
52.97540632256026	0.0	5.5863059542041045	0.11150353489561005	0.029564334649616424	0.12007862281116521
53.12630852631968	0.0	5.602025311328177	0.11596928450131785	0.031338395924942336	0.11799260095874353
53.27721073007911	0.0	5.61910281921789	0.12057767413027413	0.032747495161047795	0.11576393908307343
53.428112933838534	0.0	5.637447547672086	0.1253034087127749	0.03379845552739139	0.11341793225385877
53.57901513759795	0.0	5.656968566489619	0.13012119317911647	0.03449495398740488	0.11097987554080321
53.72991734135738	0.0	5.677574945469342	0.13500573245959585	0.03483913374247712	0.10847506401361
53.88081954511681	0.0	5.699175754410096	0.139931731484509	0.034832552108093086	0.105928792741983
54.03172174887624	0.0	5.721680063110738	0.14487389518415233	0.03447676566284065	0.1033663567956259
54.18262395263566	0.0	5.74499694137011	0.14980692848882193	0.033773707343023	0.10081305124424242
54.33352615639509	0.0	5.769035458987063	0.15470553632881456	0.03272593966068581	0.09829417115753594
54.484428360154524	0.0	5.793704685760446	0.1595444236344267	0.03133683220721144	0.09583501160521017
54.635330563913946	0.0	5.8189136914891	0.16429829533595391	0.029610692212486342	0.09346086765696902
54.78623276767337	0.0	5.844571545971876	0.16894185636369308	0.027552866029411385	0.09119703438251592
54.9371349714328	0.0	5.870587319007622	0.1734498116479408	0.02516982307002811	0.08906880685155441
55.08803717519223	0.0	5.896870080395179	0.1777968661189932	0.022469229928787988	0.08710148013378823
55.23893937895165	0.0	5.923328899933396	0.18195772470714638	0.019460020125250704	0.08532034929892109
55.38984158271108	0.0	5.949872847421116	0.18590709234269723	0.01615246349605821	0.08375070941665647
55.5407437864705	0.0	5.976410992657182	0.18961967395594162	0.012558238432326093	0.08241785555669814
55.69164599022992	0.0	6.00285240544044	0.19307017447717614	0.00869050970265592	0.08134708278874966
55.84254819398935	0.0	6.029106155569734	0.19623329883669743	0.00456401441450926	0.08056368618251467
55.993450397748774	0.0	6.055081312843905	0.19908375196480133	0.00019515868818840407	0.08009296080769683
56.1443526015082	0.0	6.080703170480936	0.1980884849684197	3.3602009534016694e-07	0.0793510193623507
56.29525480526764	0.0	6.105970950396157	0.19692653799950344	3.4932640611388787e-07	0.0785889632333341
56.44615700902706	0.0	6.130904921321914	0.1957645910305844	3.6253513815388837e-07	0.07782690710432051
56.59705921278649	0.0	6.155525353505917	0.19460264406166242	3.7564629146016965e-07	0.07706485097530981
56.74796141654592	0.0	6.179852517195866	0.1934406970927375	3.8865986603273044e-07	0.076302794846302
56.898863620305335	0.0	6.203906682639464	0.19227875012380988	4.015758618715694e-07	0.07554073871729707
57.04976582406477	0.0	6.22770812008442	0.19111680315487928	4.14394278976689e-07	0.07477868258829484
57.200668027824186	0.0	6.2512770997784335	0.1899548561859461	4.27115117348085e-07	0.07401662645929549
57.351570231583615	0.0	6.274633891969214	0.18879290921701003	4.3973837698576014e-07	0.07325457033029881
57.502472435343044	0.0	6.297798766904462	0.18763096224807133	4.5226405788971266e-07	0.07249251420130483
57.653374639102466	0.0	6.320791994831881	0.18646901527912998	4.6469216005994173e-07	0.07173045807231353
57.80427684286189	0.0	6.343633845999179	0.18530706831018603	4.770226834964476e-07	0.07096840194332486
57.95517904662132	0.0	6.366344590654059	0.18414512134123945	4.892556281992299e-07	0.07020634581433875
58.10608125038075	0.0	6.388944499044229	0.18298317437229025	5.013909941682881e-07	0.0694442896853552
58.25698345414017	0.0	6.411453841417386	0.18182122740333861	5.134287814036213e-07	0.06868223355637419
58.407885657899605	0.0	6.433892888021245	0.18065928043438442	5.253689899052307e-07	0.0679201774273956
58.55878786165903	0.0	6.456281909103504	0.17949733346542784	5.372116196731136e-07	0.06715812129841951
58.70969006541846	0.0	6.4786411749118695	0.17833538649646882	5.489566707072714e-07	0.06639606516944582
58.860592269177886	0.0	6.500990955694051	0.17717343952750744	5.606041430077033e-07	0.06563400904047449
59.01149447293731	0.0	6.523351521697747	0.17601149255854373	5.72154036574408e-07	0.06487195291150556
59.162396676696744	0.0	6.545743143170671	0.17484954558957766	5.836063514073872e-07	0.06410989678253884
59.31329888045616	0.0	6.568186090360516	0.17368759862060945	5.949610875066378e-07	0.06334784065357452
59.46420108421559	0.0	6.5907006335150005	0.17252565165163888	6.062182448721622e-07	0.06258578452461233
59.61510328797502	0.0	6.613307042881823	0.17136370468266615	6.173778235039587e-07	0.06182372839565234
59.76600549173445	0.0	6.636025588708692	0.17020175771369128	6.284398234020276e-07	0.06106167226669454
59.91690769549386	0.0	6.658876541243308	0.16903981074471433	6.394042445663669e-07	0.060299616137738904
60.06780989925329	0.0	6.681880323811698	0.16633245254799706	0.0018105088710998593	0.0596162431156748
60.21871210301272	0.0	6.70506188375546	0.16152273262550124	0.005618538443488097	0.05923794527292145
60.36961430677214	0.0	6.728451331808391	0.15645211346628526	0.009111437599470817	0.05912054666688851
60.520516510531564	0.0	6.752079060358847	0.1511537052449272	0.01227638171592672	0.059230937122997596
60.67141871429099	0.0	6.775975461795185	0.14566061813600528	0.015102815392530455	0.059536006466670365
60.822320918050416	0.0	6.80017092850576	0.1400059623140983	0.017582394202343837	0.0600026445233284
60.97322312180985	0.0	6.824695852878927	0.1342228479537839	0.01970894555206152	0.06059774111839344
61.12412532556928	0.0	6.84958062730304	0.12834438522964114	0.021478447948946496	0.061288186077287
61.2750275293287	0.0	6.8748556441664554	0.12240368431624844	0.02288902858554415	0.062040869225430714
61.425929733088125	0.0	6.900551295857528	0.11643385538818397	0.023940979789163024	0.06282268038824626
61.576831936847555	0.0	6.926697974764615	0.11046800862002579	0.02463679558929354	0.0636005093911553
61.72773414060698	0.0	6.953326073276072	0.10453925418635275	0.02498123049257448	0.06434124605957939
61.878636344366406	0.0	6.980465983780255	0.09868070226174273	0.0249813836023944	0.06501178021894025
62.029538548125835	0.0	7.008148098665521	0.09292546302077435	0.024646812594312863	0.06557900169465944
62.18044075188527	0.0	7.036402810320228	0.08730664663802574	0.02398968393218536	0.06600980031215864
62.331342955644686	0.0	7.065260511132722	0.0818573632880763	0.023024968351233563	0.0662710658968594
62.482245159404115	0.0	7.094751593491373	0.07661072314550309	0.021770694471016847	0.06632968827418342
62.63314736316353	0.0	7.124906449784526	0.07159983638488546	0.02024827913309003	0.06615255726955235
62.78404956692296	0.0	7.155755472400546	0.06685781318080086	0.018482961852998154	0.06570656270838779
62.934951770682396	0.0	7.1873290537277885	0.06241776370782791	0.01650438460002779	0.06495859441611132
63.08585397444182	0.0	7.2196575861546055	0.0583127981405456	0.0143473802016466	0.06387554221814468
63.23675617820125	0.0	7.252771462069358	0.054576026653531715	0.012053067625608364	0.06242429593990941
63.38765838196067	0.0	7.2867010738604	0.05124055942136493	0.009670402094716441	0.060571745406827256
63.53856058572009	0.0	7.321476813916091	0.048339506618623455	0.007258355150284298	0.05828478044431979
63.689462789479514	0.0	7.357129074624786	0.04590597841988567	0.004888520475104111	0.055530290877808655
63.84036499323895	0.0	7.393688248374847	0.04397308499972973	0.0026427680867852944	0.05227516653271516
63.99126719699838	0.0	7.431184727554627	0.04257393653273437	0.0003930431049663494	0.04848629723446136
64.14216940075781	0.0	7.469643607182629	0.04299792878576086	0.0017692442212740521	0.048970866544182416
64.29307160451724	0.0	7.509064766933476	0.04367680590370364	0.0028616930020061693	0.04957503541370417
64.44397380827665	0.0	7.549440591996441	0.04451076870283336	0.0038651086661474114	0.05002411860203888
64.59487601203608	0.0	7.590763466333079	0.04548891877099931	0.004811222409316398	0.05032901452133747
64.74577821579551	0.0	7.633025773904932	0.04660035769605057	0.00569930373912784	0.050500621583750765
64.89668041955494	0.0	7.676219898673549	0.04783418706583627	0.006521992507206708	0.050549838201429616
65.04758262331436	0.0	7.720338224600469	0.0491795084682054	0.0072706077976455365	0.05048756278652489
65.19848482707378	0.0	7.765373135647251	0.0506254234910074	0.00793666846489126	0.050324693751187456
65.34938703083321	0.0	7.811317015775435	0.05216103372209124	0.008512383700413075	0.05007212950756816
65.50028923459263	0.0	7.858162248946565	0.053775440749305924	0.00899080451475318	0.0497407684678179
65.65119143835206	0.0	7.905901219122193	0.05545774616050089	0.009365852346645602	0.04934150904408749
65.80209364211149	0.0	7.954526310263866	0.057197051543525126	0.009632302366821286	0.04888524964852779
65.95299584587092	0.0	8.004029906333125	0.05898245848622778	0.009785751775241639	0.04838288869328969
66.10389804963035	0.0	8.054404391291524	0.060803068576457994	0.009822585481763384	0.047845324590524034
66.25480025338977	0.0	8.1056421491006	0.06264798340206489	0.009739944269540984	0.04728345575238169
66.40570245714919	0.0	8.157735563721898	0.06450630455089744	0.009535697438254687	0.04670818059101356
66.55660466090862	0.0	8.21067701911698	0.06636713361080512	0.009208420584267855	0.046130397518570426
66.70750686466805	0.0	8.26445889924738	0.06821957216963692	0.008757378612053952	0.04556100494720318
66.85840906842748	0.0	8.319073588074646	0.07005272181524196	0.008182513862793844	0.045010901289062676
67.00931127218692	0.0	8.374513469560332	0.07185568413546954	0.007484439202810961	0.04449098495629975
67.16021347594634	0.0	8.43077092766596	0.07361756071816833	0.006664435949803708	0.0440121543610654
67.31111567970576	0.0	8.487838346353103	0.07532745315118794	0.005724456588872714	0.04358530791551034
67.4620178834652	0.0	8.545708109583297	0.07697446302237734	0.004667132325713891	0.04322134403178547
67.61292008722461	0.0	8.60437260131808	0.07854769191958554	0.0034957856347883633	0.0429311611220417
67.76382229098402	0.0	8.663824205519001	0.08003624143066185	0.0022144480855528907	0.042725657598429834
67.91472449474345	0.0	8.72405530614762	0.08142921314345548	0.0008278838733844739	0.04261573187310072
68.06562669850288	0.0	8.7850573550194	0.08218542227416559	-1.4945131460981603e-07	0.0425991796662513
68.2165289022623	0.0	8.84679205218895	0.08222088429208696	-1.5716758181458887e-07	0.04259729338866642
68.36743110602174	0.0	8.909185831200698	0.08225634631000531	-1.6489812956414521e-07	0.042595407111084546
68.51833330978116	0.0	8.97216308049592	0.0822918083279206	-1.7264295785848107e-07	0.04259352083350569
68.66923551354058	0.0	9.035648188515935	0.08232727034583291	-1.8040206669759792e-07	0.04259163455592987
68.82013771730001	0.0	9.099565543702038	0.08236273236374216	-1.8817545608149398e-07	0.04258974827835708
68.97103992105943	0.0	9.163839534495523	0.08239819438164839	-1.9596312601016794e-07	0.04258786200078733
69.12194212481886	0.0	9.228394549337704	0.08243365639955158	-2.0376507648362006e-07	0.04258597572322063
69.27284432857829	0.0	9.293154976669873	0.08246911841745166	-2.115813075018488e-07	0.04258408944565699
69.42374653233772	0.0	9.358045204933331	0.08250458043534872	-2.1941181906485333e-07	0.04258220316809642
69.57464873609715	0.0	9.42298962256938	0.0825400424532427	-2.2725661117263267e-07	0.04258031689053892
69.72555093985657	0.0	9.487912618019317	0.08257550447113356	-2.3511568382518586e-07	0.042578430612984504
69.876453143616	0.0	9.552738579724442	0.08261096648902137	-2.4298903702251226e-07	0.04257654433543319
70.02735534737542	0.0	9.617391896126048	0.08264642850690607	-2.5087667076460984e-07	0.04257465805788496
70.17825755113483	0.0	9.681796955665437	0.08268189052478762	-2.587785850514786e-07	0.042572771780339844
70.32915975489428	0.0	9.745878146783921	0.08271735254266613	-2.6669477988311924e-07	0.042570885502797855
70.48006195865369	0.0	9.80955985792278	0.08275281456054147	-2.7462525525952773e-07	0.042568999225258974
70.63096416241314	0.0	9.872766477523331	0.08278827657841369	-2.8257001118070607e-07	0.04256711294772324
70.78186636617255	0.0	9.93542239402685	0.08282373859628274	-2.9052904764665045e-07	0.04256522667019064
70.93276856993198	0.0	9.99745199587465	0.08285920061414867	-2.985023646573622e-07	0.042563340392661186
71.08367077369141	0.0	10.05877967150803	0.08289466263201145	-3.0648996221283954e-07	0.042561454115134886
71.23457297745084	0.0	10.11932980936828	0.08293012464987104	-3.144918403130815e-07	0.042559567837611764
71.38547518121027	0.0	10.179026797896704	0.08296558666772749	-3.2250799895808737e-07	0.04255768156009181
71.53637738496968	0.0	10.237795025534588	0.08300104868558071	-3.30538438147855e-07	0.04255579528257504
71.68727958872911	0.0	10.29555888072325	0.08303651070343074	-3.385831578823854e-07	0.04255390900506145
71.83818179248854	0.0	10.35224275190397	0.08307197272127761	-3.4664215816167686e-07	0.04255202272755107
71.98908399624797	0.0	10.407771027518057	0.08310743473912127	-3.547154389857282e-07	0.04255013645004389
72.1399862000074	0.0	10.462075894595323	0.0838238011097642	-0.00043083587102104806	0.04157251199379342
72.29088840376681	0.0	10.515128320271849	0.08458261900196326	-0.0009335148330337242	0.04052944512724165
72.44179060752626	0.0	10.566911302882058	0.08532909868395772	-0.0014760748604431446	0.039498716470894445
72.59269281128567	0.0	10.617407844458205	0.08606191425186874	-0.002058283756122592	0.03848165192863071
72.7435950150451	0.0	10.666600947032576	0.08677973980181801	-0.0026798798002300056	0.037479577404328696
72.89449721880453	0.0	10.714473612637448	0.08748124942992698	-0.0033405715606141563	0.036493818801867035
73.04539942256396	0.0	10.761008843305088	0.088165117232317	-0.004040037675190304	0.03552570202512424
73.19630162632339	0.0	10.806189641067776	0.08883001730510966	-0.004777926605621111	0.03457655297797888
73.3472038300828	0.0	10.849999007957779	0.08947462374442629	-0.005553856361536542	0.03364769756430955
73.49810603384223	0.0	10.892419946007376	0.09009761064638849	-0.006367414194418126	0.032740461687994604
73.64900823760166	0.0	10.933435457248844	0.09069765210711772	-0.007218156260157102	0.03185617125291268
73.79991044136109	0.0	10.973028543714452	0.09127342222273538	-0.008105607249177617	0.0309961521629423
73.95081264512051	0.0	11.011182207436475	0.09182359508936289	-0.009029259982884813	0.030161730321962076
74.10171484887994	0.0	11.047879450447194	0.09234684480312184	-0.009988574975062522	0.029354231633850387
74.25261705263938	0.0	11.083103274778884	0.0928418454601337	-0.010982979956695832	0.028574982002485767
74.4035192563988	0.0	11.116836682463811	0.0933072711565198	-0.012011869362538036	0.027825307331746974
74.55442146015821	0.0	11.149062675534253	0.09374179598840168	-0.013074603777570123	0.027106533525512386
74.70532366391764	0.0	11.179764256022493	0.09414409405190087	-0.014170509341313642	0.026419986487660477
74.85622586767707	0.0	11.208924425960793	0.09451283944313876	-0.015298877107760919	0.025766992122069843
75.00712807143648	0.0	11.236526187381438	0.09484670625823682	-0.01645896235846675	0.02514887633261908
75.15803027519591	0.0	11.2625525423167	0.09514436859331658	-0.01764998386610731	0.024566965023186598
75.30893247895534	0.0	11.286986492798853	0.09540450054449948	-0.018871123105550544	0.02402258409765099
75.45983468271477	0.0	11.309811040860176	0.09562577620790692	-0.020121523409200023	0.023517059459890802
75.61073688647419	0.0	11.331009188532937	0.09580686967966041	-0.021400289063056178	0.023051717013784587
75.76163909023363	0.0	11.350563937849419	0.0959464550558815	-0.022706484339596638	0.02262788266321078
75.91254129399306	0.0	11.368458290841893	0.09604320643269153	-0.02403913246319119	0.022246882312048015
76.06344349775247	0.0	11.38467498555139	0.09661460132373538	-0.02431094210900102	0.022575558966113216
76.2143457015119	0.0	11.39918763540443	0.09786120737819899	-0.02310378955681999	0.023861644722017832
76.36524790527133	0.0	11.411958619946274	0.0990706112453529	-0.021913221291616086	0.025184932665232182
76.51615010903076	0.0	11.422949627150361	0.10024377920945236	-0.020740070128234867	0.026544456511500898
76.66705231279019	0.0	11.432122344990107	0.10138167755475286	-0.01958513704019802	0.027939249976568638
76.8179545165496	0.0	11.439438461438947	0.1024852725655096	-0.018449192033087192	0.0293683467761799
76.96885672030903	0.0	11.444859664470302	0.10355553052597813	-0.01733297496270896	0.03083078062607961
77.11975892406846	0.0	11.448347642057602	0.10459341772041368	-0.016237196301665285	0.03232558524201225
77.27066112782789	0.0	11.449864082174274	0.10559990043307167	-0.015162537857630318	0.03385179433972249
77.42156333158732	0.0	11.449370672793743	0.10657594494820741	-0.014109653446349022	0.03540844163495496
77.57246553534674	0.0	11.446829101889442	0.1075225175500762	-0.013079169522109349	0.03699456084345417
77.72336773910617	0.0	11.442201057434792	0.10844058452293356	-0.012071685768201362	0.03860918568096504
77.8742699428656	0.0	11.435448227403224	0.10933111215103476	-0.011087775649662714	0.040251349863232075
78.02517214662501	0.0	11.426532299768166	0.11019506671863506	-0.01012798693040881	0.04192008710599976
78.17607435038443	0.0	11.415414962503043	0.1110334145099899	-0.00919284215666864	0.04361443112501289
78.32697655414387	0.0	11.40205790358128	0.11184712180935481	-0.008282839108481283	0.04533341563601642
78.47787875790328	0.0	11.386422810976315	0.11263715490098485	-0.007398451220856214	0.04707607435475439
78.62878096166271	0.0	11.368471372661565	0.11340448006913556	-0.006540127976058915	0.04884144099697188
78.77968316542214	0.0	11.348165276610466	0.11415006359806226	-0.005708295268360084	0.050628549278413405
78.93058536918157	0.0	11.32546621079644	0.11487487177202033	-0.004903355742460668	0.052436432914823604
79.08148757294099	0.0	11.300335863192922	0.11557987087526497	-0.0041256891066995555	0.05426412562194693
79.23238977670043	0.0	11.272735921773334	0.11626602719205181	-0.003375652422044792	0.056110661115528544
79.38329198045986	0.0	11.24262807451111	0.11693430700663597	-0.002653580367775736	0.05797507311131259
79.53419418421927	0.0	11.209974009379678	0.11758567660327285	-0.0019597854846692894	0.05985639532504371
79.6850963879787	0.0	11.174735414352464	0.1182211022662179	-0.001294558396423126	0.06175366147246688
79.83599859173813	0.0	11.1368739774029	0.11884155027972644	-0.0006581680099659054	0.06366590526932657
79.98690079549756	0.0	11.096351386504411	0.11944798692805378	-5.0861695228095694e-05	0.06559216043136741
80.13780299925699	0.0	11.05314815244796	0.11955512119992107	4.581754522549182e-07	0.06544822071396279
80.28870520301642	0.0	11.00734258494425	0.11961548208164961	4.376622599019076e-07	0.06510680447773227
80.43960740677585	0.0	10.959044657666379	0.11967584296336285	4.167965118807342e-07	0.0647653882415171
80.59050961053526	0.0	10.908364360454955	0.11973620384506031	3.955782081914082e-07	0.06442397200531776
80.74141181429471	0.0	10.855411683150582	0.11979656472674152	3.740073488339323e-07	0.06408255576913459
80.89231401805412	0.0	10.800296615593886	0.119856925608406	3.520839338083241e-07	0.0637411395329682
81.04321622181355	0.0	10.74312914762547	0.1199172864900533	3.298079631145871e-07	0.06339972329681896
81.19411842557298	0.0	10.68401926908595	0.11997764737168294	3.0717943675273324e-07	0.06305830706068737
81.3450206293324	0.0	10.623076969815934	0.12003800825329447	2.8419835472277515e-07	0.06271689082457392
81.49592283309183	0.0	10.560412239656028	0.12009836913488749	2.6086471702471974e-07	0.06237547458847901
81.64682503685125	0.0	10.49613506844685	0.12015873001646141	2.3717852365857995e-07	0.06203405835240312
81.79772724061067	0.0	10.430355446029015	0.12021909089801583	2.1313977462436992e-07	0.061692642116346785
81.9486294443701	0.0	10.363183362243126	0.12027945177955034	1.8874846992209738e-07	0.06135122588031037
82.09953164812953	0.0	10.294728806929797	0.12033981266106437	1.6400460955177683e-07	0.06100980964429439
82.25043385188896	0.0	10.22510176992964	0.12040017354255751	1.3890819351342132e-07	0.0606683934082993
82.40133605564837	0.0	10.154412241083275	0.1204605344240293	1.1345922180704658e-07	0.060326977172325595
82.5522382594078	0.0	10.082770210231292	0.12052089530547927	8.765769443266146e-08	0.05998556093637368
82.70314046316722	0.0	10.010285667214323	0.12058125618690696	6.150361139028496e-08	0.05964414470044408
82.85404266692666	0.0	9.937068601872951	0.12064161706831193	3.499697267992423e-08	0.05930272846453718
83.00494487068607	0.0	9.86322900404782	0.12070197794969366	8.137778301604167e-09	0.05896131222865354
83.1558470744455	0.0	9.788876863579516	0.12076233883105168	-1.907397174466746e-08	0.05861989599279354
83.30674927820493	0.0	9.714122170308658	0.12082269971238561	-4.663827745887231e-08	0.0582784797569577
83.45765148196436	0.0	9.639074914075852	0.12088306059369493	-7.45551388409943e-08	0.05793706352114646
83.60855368572379	0.0	9.563845084721706	0.12094342147497915	-1.0282455589101681e-07	0.05759564728536027
83.7594558894832	0.0	9.48854267208684	0.12100378235623785	-1.3144652860892008e-07	0.05725423104959967
83.91035809324265	0.0	9.413277666011844	0.12106414323747057	-1.6042105699469506e-07	0.05691281481386498
84.06126029700205	0.0	9.338158649388765	0.12146756178202582	-1.7535964031677973e-07	0.05646021113896059
84.21216250076148	0.0	9.263241387978134	0.12237297500461534	-1.690124948093145e-07	0.055844907403098616
84.36306470452092	0.0	9.188514103319333	0.12327838822720406	-1.6218764179098133e-07	0.05522960366723743
84.51396690828035	0.0	9.113960608620804	0.1241838014497916	-1.5488508126178136e-07	0.05461429993137737
84.66486911203978	0.0	9.039564717090956	0.12508921467237782	-1.4710481322171403e-07	0.05399899619551862
84.81577131579921	0.0	8.965310241938207	0.12599462789496257	-1.388468376707794e-07	0.05338369245966141
84.96667351955864	0.0	8.89118099637099	0.12690004111754552	-1.301111546089777e-07	0.05276838872380596
85.11757572331805	0.0	8.817160793597727	0.12780545434012644	-1.2089776403631002e-07	0.052153084987952535
85.26847792707748	0.0	8.743233446826828	0.12871086756270517	-1.1120666595277483e-07	0.051537781252101275
85.41938013083691	0.0	8.669382769266724	0.12961628078528153	-1.0103786035837355e-07	0.05092247751625243
85.57028233459633	0.0	8.595592574125844	0.13052169400785513	-9.039134725310752e-08	0.050307173780406306
85.72118453835576	0.0	8.521846674612595	0.13142710723042594	-7.926712663697527e-08	0.049691870044563005
85.87208674211519	0.0	8.448128883935409	0.13233252045299362	-6.766519850997838e-08	0.049076566308722806
86.02298894587462	0.0	8.374423015302709	0.133237933675558	-5.558556287211745e-08	0.04846126257288596
86.17389114963404	0.0	8.30071288192292	0.13414334689811883	-4.302821972339331e-08	0.047845958837052636
86.32479335339346	0.0	8.226982297004469	0.13504876012067574	-2.999316906380793e-08	0.04723065510122316
86.47569555715289	0.0	8.153215073755767	0.13595417334322876	-1.6480410893359784e-08	0.04661535136539764
86.6265977609123	0.0	8.079395025385251	0.13685958656577749	-2.4899452120523104e-09	0.046000047629576414
86.77749996467173	0.0	8.005505965101335	0.1377649997883218	1.1978227980116091e-08	0.04538474389375959
86.92840216843118	0.0	7.931531706112438	0.13867041301086155	2.6924108683144498e-08	0.04476944015794737
87.07930437219059	0.0	7.8574560616270075	0.13957582623339623	4.234769689702741e-08	0.0441541364221402
87.23020657595002	0.0	7.783262844853449	0.14048123945592583	5.824899262176796e-08	0.04353883268633809
87.38110877970945	0.0	7.708935869000193	0.14138665267845008	7.462799585736338e-08	0.042923528950541336
87.53201098346887	0.0	7.63445894727567	0.14229206590096866	9.148470660381074e-08	0.042308225214750216
87.6829131872283	0.0	7.559815892888295	0.14319747912348152	1.088191248611117e-07	0.041692921478964855
87.83381539098774	0.0	7.48499051904649	0.14410289234598847	1.26631250629265e-07	0.04107761774318546
87.98471759474715	0.0	7.409966638958707	0.14500830556848895	1.4492108390826386e-07	0.04046231400741245
88.13561979850658	0.0	7.334733664295325	0.14796835873843203	1.5515526372772946e-07	0.040334902496699
88.28652200226601	0.0	7.259311405518933	0.15115994034796262	1.647238380502209e-07	0.04026246943887581
88.43742420602544	0.0	7.1837299418701726	0.15435152195749194	1.745787013928058e-07	0.040190036381053895
88.58832640978486	0.0	7.108019360600472	0.15754310356701964	1.84719853755483e-07	0.0401176033232333
88.73922861354428	0.0	7.032209748961239	0.1607346851765463	1.951472951382543e-07	0.040045170265414064
88.89013081730371	0.0	6.956331194203904	0.16392626678607156	2.0586102554111866e-07	0.03997273720759621
89.04103302106316	0.0	6.880413783579878	0.16711784839559565	2.1686104496407697e-07	0.03990030414977976
89.19193522482257	0.0	6.804487604340607	0.17030943000511775	2.28147353407126e-07	0.03982787109196482
89.34283742858199	0.0	6.728582743737494	0.1735010116146383	2.3971995087026765e-07	0.039755438034151366
89.49373963234142	0.0	6.652729289021955	0.17669259322415762	2.5157883735350284e-07	0.03968300497633945
89.64464183610086	0.0	6.576957327445414	0.17988417483367566	2.6372401285683167e-07	0.039610571918529104
89.79554403986027	0.0	6.50129694625931	0.18307575644319152	2.7615547738025036e-07	0.039538138860720384
89.9464462436197	0.0	6.425778232715046	0.18626733805270593	2.8887323092376236e-07	0.03946570580291331
90.09734844737912	0.0	6.350431274064053	0.18945891966221845	3.0187727348736514e-07	0.03939327274510794
90.24825065113856	0.0	6.275286157557736	0.1926505012717298	3.1516760507106207e-07	0.03932083968730428
90.39915285489798	0.0	6.200372970447538	0.19584208288123878	3.2874422567484824e-07	0.0392484066295024
90.5500550586574	0.0	6.1257217999848645	0.19903366449074622	3.4260713529872703e-07	0.03917597357170232
90.70095726241684	0.0	6.051362733421141	0.2022252461002519	3.5675633394269734e-07	0.039103540513904085
90.85185946617625	0.0	5.977325858007791	0.20541682770975533	3.7119182160675735e-07	0.03903110745610774
91.0027616699357	0.0	5.90364126099622	0.20860840931925753	3.859135982909113e-07	0.03895867439831329
91.15366387369511	0.0	5.830339029637873	0.21179999092875706	4.009216639951531e-07	0.03888624134052081
91.30456607745454	0.0	5.757449251184148	0.214991572538255	4.1621601871948706e-07	0.038813808282730324
91.45546828121397	0.0	5.685002012886474	0.21818315414775086	4.3179666246391153e-07	0.03874137522494186
91.60637048497338	0.0	5.613027401996275	0.22137473575724437	4.4766359522842477e-07	0.03866894216715547
91.7572726887328	0.0	5.541555505764964	0.2245663173667357	4.63816817013028e-07	0.03859650910937119
91.90817489249223	0.0	5.470616411443954	0.22775789897622528	4.802563278177228e-07	0.038524076051589036
92.05907709625166	0.0	5.400239785812591	0.23007366263379228	4.891045220407553e-07	0.03860096035457471
92.20997930001109	0.0	5.330438097225516	0.23102811907257204	4.857721600796774e-07	0.038909932616770775
92.3608815037705	0.0	5.261200966541339	0.2319825755113516	4.824063261006199e-07	0.039218904878966905
92.51178370752993	0.0	5.192516435684298	0.23293703195013116	4.790070201035819e-07	0.03952787714116317
92.66268591128936	0.0	5.124372546578643	0.23389148838891063	4.755742420885643e-07	0.039836849403359506
92.81358811504879	0.0	5.056757341148623	0.23484594482768997	4.7210799205556645e-07	0.04014582166555595
92.96449031880822	0.0	4.989658861318487	0.23580040126646926	4.6860827000458905e-07	0.04045479392775249
93.11539252256765	0.0	4.92306514901248	0.23675485770524848	4.650750759356316e-07	0.04076376618994915
93.26629472632709	0.0	4.856964246154847	0.2377093141440276	4.6150840984869383e-07	0.041072738452145915
93.4171969300865	0.0	4.791344194669854	0.23866377058280647	4.57908271743777e-07	0.041381710714342754
93.56809913384593	0.0	4.726193036481734	0.2396182270215853	4.542746616208798e-07	0.04169068297653972
93.71900133760536	0.0	4.661498813514743	0.2405726834603641	4.506075794800029e-07	0.0419996552387368
93.86990354136478	0.0	4.597249567693136	0.24152713989914262	4.4690702532114627e-07	0.04230862750093396
94.0208057451242	0.0	4.533433340941155	0.24248159633792113	4.4317299914430947e-07	0.04261759976313128
94.17170794888364	0.0	4.4700381751830545	0.24343605277669952	4.394055009494927e-07	0.042926572025328714
94.32261015264307	0.0	4.40705211234309	0.24439050921547778	4.3560453073669603e-07	0.04323554428752626
94.4735123564025	0.0	4.344463194345511	0.2453449656542559	4.317700885059195e-07	0.043544516549723945
94.62441456016192	0.0	4.2822594631145785	0.246299422093034	4.279021742571633e-07	0.04385348881192175
94.77531676392135	0.0	4.220428960574542	0.2472538785318118	4.24000787990427e-07	0.04416246107411968
94.92621896768077	0.0	4.158959728649664	0.24820833497058947	4.200659297057112e-07	0.044471433336317735
95.0771211714402	0.0	4.09783980926419	0.24916279140936703	4.1609759940301505e-07	0.04478040559851594
95.22802337519961	0.0	4.03705724434239	0.25011724784814443	4.120957970823396e-07	0.045089377860714264
95.37892557895904	0.0	3.9766000758085114	0.25107170428692177	4.0806052274368376e-07	0.04539835012291275
95.52982778271847	0.0	3.91645634558682	0.25202616072569894	4.03991776387048e-07	0.04570732238511138
95.6807299864779	0.0	3.8566140956015773	0.2529806171644761	3.9988955801243264e-07	0.04601629464731016
95.83163219023734	0.0	3.79706136777704	0.25393507360325296	3.9575386761983677e-07	0.04632526690950911
95.98253439399676	0.0	3.7377862040374903	0.2548895300420297	3.9158470520926196e-07	0.04663423917170817
96.13343659775619	0.0	3.6787770650493203	0.25464305710102225	3.7861825642739907e-07	0.046884832922367406
96.2843388015156	0.0	3.6200247881441014	0.25423939370598675	3.6457843001946966e-07	0.04712778547039915
96.43524100527502	0.0	3.561521048096776	0.2538357303109493	3.506189120857841e-07	0.047370738018432765
96.58614320903445	0.0	3.5032575206213012	0.25343206691590997	3.367397026263415e-07	0.047613690566468275
96.73704541279388	0.0	3.4452258814316523	0.25302840352086886	3.229408016411431e-07	0.04785664311450563
96.88794761655329	0.0	3.387417806241801	0.2526247401258259	3.0922220913019064e-07	0.04809959566254481
97.03884982031272	0.0	3.3298249707657077	0.25222107673078104	2.9558392509348147e-07	0.048342548210585826
97.18975202407215	0.0	3.272439050717352	0.25181741333573443	2.820259495310172e-07	0.04858550075862865
97.34065422783158	0.0	3.2152517218107097	0.25141374994068605	2.68548282442798e-07	0.04882845330667327
97.49155643159101	0.0	3.158254659759761	0.2510100865456359	2.5515092382882403e-07	0.04907140585471966
97.64245863535044	0.0	3.1014395402784887	0.2506064231505839	2.418338736890955e-07	0.04931435840276781
97.79336083910985	0.0	3.044798039080883	0.2502027597555303	2.2859713202361376e-07	0.049557310950817675
97.9442630428693	0.0	2.9883218318809197	0.24979909636047487	2.1544069883237533e-07	0.04980026349886933
98.09516524662871	0.0	2.9320025943926136	0.24939543296541775	2.0236457411538523e-07	0.05004321604692265
98.24606745038814	0.0	2.8758320023299477	0.2489917695703589	1.8936875787264e-07	0.05028616859497769
98.39696965414757	0.0	2.8198017314069324	0.2485881061752984	1.7645325010414104e-07	0.050529121143034414
98.54787185790698	0.0	2.7639034573375816	0.24818444278023624	1.6361805080988968e-07	0.05077207369109279
98.69877406166643	0.0	2.708128855835898	0.24778077938517235	1.5086315998988247e-07	0.05101502623915287
98.84967626542584	0.0	2.652469602615923	0.24737711599010692	1.3818857764412443e-07	0.05125797878721454
99.00057846918526	0.0	2.5969173733916793	0.24697345259503986	1.2559430377261323e-07	0.05150093133527785
99.1514806729447	0.0	2.541463843877196	0.24656978919997113	1.1308033837534675e-07	0.05174388388334279
99.30238287670412	0.0	2.4861006897865416	0.24616612580490083	1.0064668145232978e-07	0.0519868364314093
99.45328508046354	0.0	2.430819586833762	0.2457624624098289	8.829333300355902e-08	0.052229788979477394
99.60418728422297	0.0	2.375612210732932	0.24535879901475544	7.602029302903573e-08	0.05247274152754707
99.75508948798239	0.0	2.3204702371981427	0.24495513561968044	6.382756152876127e-08	0.052715694075618276
99.90599169174182	0.0	2.2653853419434835	0.2445514722246039	5.171513850273345e-08	0.05295864662369105
100.05689389550126	0.0	2.2103494703218427	0.2446513198047205	4.4900462339404607e-08	0.05289551001396005
100.20779609926068	0.0	2.1553666261703524	0.2455831409129353	4.6747802634440614e-08	0.052326608705786565
100.3586983030201	0.0	2.1004574560159623	0.24651496202115025	4.8618376193807815e-08	0.05175770739761308
100.50960050677952	0.0	2.045643822807024	0.24744678312936502	5.051218301750582e-08	0.05118880608943966
100.66050271053896	0.0	1.9909475894918873	0.24837860423758	5.242922310553518e-08	0.050619904781266205
100.8114049142984	0.0	1.9363906190189493	0.24931042534579478	5.436949645789535e-08	0.050051003473092805
100.96230711805782	0.0	1.8819947743366134	0.25024224645400955	5.633300307458651e-08	0.04948210216491946
101.11320932181725	0.0	1.8277819183933115	0.25117406756222427	5.8319742955608674e-08	0.04891320085674614
101.26411152557667	0.0	1.773773914137513	0.2521058886704389	6.032971610096163e-08	0.04834429954857293
101.4150137293361	0.0	1.7199926245177037	0.2530377097786536	6.236292251064577e-08	0.04777539824039969
101.56591593309554	0.0	1.6664599124824173	0.25396953088686836	6.441936218466112e-08	0.04720649693222644
101.71681813685495	0.0	1.613197640980246	0.25490135199508285	6.649903512300702e-08	0.046637595624053334
101.86772034061437	0.0	1.5602276729598037	0.2558331731032973	6.860194132568394e-08	0.04606869431588026
102.01862254437381	0.0	1.5075718713697617	0.25676499421151183	7.072808079269222e-08	0.04549979300770714
102.16952474813323	0.0	1.4552520991588835	0.2576968153197262	7.28774535240311e-08	0.04493089169953414
102.32042695189266	0.0	1.4032902192759704	0.25862863642794065	7.505005951970118e-08	0.044361990391361156
102.47132915565209	0.0	1.3517080946699271	0.2595604575361551	7.724589877970225e-08	0.0437930890831882
102.62223135941151	0.0	1.30052758828975	0.26049227864436936	7.94649713040343e-08	0.043224187775015285
102.77313356317093	0.0	1.2497705630845535	0.2614240997525836	8.170727709269712e-08	0.042655286466842475
102.92403576693037	0.0	1.1994588820035632	0.2623559208607979	8.397281614569134e-08	0.04208638515866959
103.0749379706898	0.0	1.1496144079961887	0.2632877419690121	8.626158846301633e-08	0.04151748385049681
103.22584017444922	0.0	1.1002590040120053	0.2642195630772262	8.857359404467211e-08	0.040948582542324134
103.37674237820865	0.0	1.0514145330007951	0.2651513841854403	9.090883289065908e-08	0.04037968123415144
103.52764458196809	0.0	1.0031028579126064	0.26608320529365453	9.326730500097728e-08	0.039810779925978736
103.67854678572749	0.0	0.9553458416978134	0.26701502640186836	9.564901037562576e-08	0.03924187861780625
103.82944898948692	0.0	0.908165347307121	0.2679468475100823	9.805394901460567e-08	0.03867297730963369
103.98035119324634	0.0	0.8615832376917228	0.26887866861829623	1.0048212091791635e-07	0.03810407600146124
104.13125339700576	0.0	0.8156193364473777	0.2687670252203148	1.0025601231645553e-07	0.03774189879357231
104.2821556007652	0.0	0.7702813651558039	0.26849917380864186	9.963025395685834e-08	0.03741066845632032
104.43305780452462	0.0	0.7255725984753468	0.26823132239696895	9.90041372664363e-08	0.03707943811906834
104.58396000828405	0.0	0.6814963042237526	0.2679634709852959	9.837766224518938e-08	0.036748207781816346
104.73486221204348	0.0	0.6380557502203135	0.267695619573623	9.775082889311769e-08	0.03641697744456438
104.8857644158029	0.0	0.5952542042863544	0.2674277681619501	9.712363721022113e-08	0.03608574710731243
105.03666661956233	0.0	0.5530949342458936	0.2671599167502771	9.649608719649974e-08	0.03575451677006047
105.18756882332175	0.0	0.5115812079266325	0.2668920653386041	9.586817885195345e-08	0.035423286432808496
105.33847102708117	0.0	0.4707162931613562	0.2666242139269312	9.523991217658237e-08	0.035092056095556566
105.4893732308406	0.0	0.43050345779003996	0.26635636251525824	9.461128717038639e-08	0.0347608257583046
105.64027543460001	0.0	0.39094596966314993	0.2660885111035853	9.398230383336564e-08	0.03442959542105268
105.79117763835944	0.0	0.3520470966468511	0.2658206596919123	9.335296216551995e-08	0.03409836508380072
105.94207984211889	0.0	0.31381010663175934	0.26555280828023925	9.272326216684937e-08	0.03376713474654874
106.0929820458783	0.0	0.27623826754822267	0.2652849568685663	9.209320383735405e-08	0.03343590440929683
106.24388424963773	0.0	0.23933484739466135	0.26501710545689333	9.146278717703381e-08	0.033104674072044885
106.39478645339716	0.0	0.20310311429434805	0.2647492540452203	9.083201218588875e-08	0.03277344373479294
106.54568865715657	0.0	0.16754633662023227	0.26448140263354736	9.020087886391889e-08	0.03244221339754104
106.696590860916	0.0	0.13266778330702356	0.26421355122187434	8.95693872111241e-08	0.03211098306028912
106.84749306467543	0.0	0.09847072478748574	0.2639456998102014	8.89375372275045e-08	0.03177975272303718
106.99839526843485	0.0	0.06495843673746811	0.2636778483985284	8.830532891306011e-08	0.03144852238578528
107.14929747219429	0.0	0.032134226290280794	0.26340999698685535	8.76727622677907e-08	0.03111729204853332
107.30019967595372	0.0	0.00010000577370724132	0.2631421455751824	8.703983729169656e-08	0.03078606171128141
