Q20	Q30	EHFB	M22	M23	M33
32.0	0.0	0.0001	0.23009999999999997	1.2870000000000003e-07	0.13119999999999998
32.15185983957049	0.00012095055205804282	0.009885539456428404	0.23434253458087576	3.1393199109388392e-06	0.13092425089557108
32.30371967914098	0.00024190110411608564	0.015861334278009172	0.23858474527669316	6.350590683029046e-06	0.13064864677644428
32.455579518711474	0.0003628516561741284	0.018039384182648485	0.24282663207650787	9.754703067986528e-06	0.13037318765356404
32.607439358281965	0.0004838022082321713	0.016530784838611663	0.24706819497091928	1.334384942868837e-05	0.13009787353633095
32.75929919785246	0.0006047527602902141	0.011446800718787646	0.25130943395202543	1.7110223739304248e-05	0.12982270443264707
32.91115903742295	0.0007257033123482568	0.0028997291728385024	0.25555034901337836	2.1046021585417855e-05	0.12954768034896022
33.060055486748595	0.02800088285221729	0.012459675671364051	0.25904821360573255	0.0008317131579592062	0.12884149255481675
33.20836676169942	0.06063815029100407	0.021341306370465017	0.26230761369713657	0.0018381113112825637	0.12809866134783068
33.35667803665025	0.09327541772979082	0.02529064661279292	0.2654666898749673	0.002879796151356422	0.12740900783040368
33.50498931160108	0.1259126851685776	0.02445396681726615	0.26852527398252724	0.003952186393955532	0.12677270015923378
33.65330058655191	0.15854995260736438	0.018986588388641652	0.271483347522986	0.0050508196593139236	0.126189756831151
33.80161186150274	0.1911872200461511	0.009052408868852098	0.27434103122461073	0.006171354868460294	0.1256600571178885
33.93023073563246	0.2651464117203256	0.02052709502338165	0.27513530511580453	0.00859295497652099	0.12480933642140318
34.04899398602701	0.35978633912485025	0.036069583452216454	0.2746676288062253	0.01163553542921646	0.12395172484466212
34.16775723642156	0.454426266529375	0.042392403983333694	0.2738900345671753	0.014630617602215113	0.12329455607723795
34.2865204868161	0.5490661939338997	0.04004899123726226	0.27280971195101433	0.01755804551535501	0.12283064056677093
34.40528373721065	0.6437061213384244	0.02958826798691925	0.2714350020954501	0.020398706310088586	0.12255163717555352
34.524046987605196	0.738346048742949	0.011552751203901535	0.26977528116251476	0.02313456156513477	0.12244816974155337
34.654705234790214	0.8130092511929989	0.0197029728029964	0.2690442112223595	0.025255225873118393	0.12253122425397224
34.79450112121588	0.8723264969304294	0.060154280743167164	0.2690488189060837	0.026920352687184602	0.12273236258171583
34.93429700764154	0.9316437426678599	0.10412992630942922	0.26889081500971146	0.028517875930993804	0.12301534541988021
35.0740928940672	0.9909609884052903	0.15130723429118315	0.2685746394732678	0.03004135211466934	0.12337573282844062
35.21388878049286	1.050278234142721	0.20136665241772692	0.26810482712768013	0.031484774696304216	0.12380898997646969
35.35368466691852	1.1095954798801515	0.2539927090800675	0.26748597502665855	0.03284256775833121	0.12431051981025727
35.49745427578855	1.154413055211702	0.30963114021141525	0.26762046898563047	0.033831035799859924	0.12481687403567947
35.647959126457955	1.1746544837282622	0.36784966285357673	0.26920103930910055	0.03429900910607892	0.1252533651098748
35.79846397712736	1.1948959122448222	0.42685847718384656	0.27073675609453957	0.03473881165633536	0.12570503746296502
35.948968827796776	1.2151373407613821	0.4864738449788511	0.2722279755277635	0.03514989899595892	0.126171534909134
36.099473678466175	1.235378769277942	0.5465185090921795	0.27055334443452644	0.03402159547910061	0.12619849957371224
36.24997852913559	1.2556201977945023	0.6068909243812323	0.2673199243860811	0.032129055422737494	0.12600489570218537
36.40082326211039	1.271320533284731	0.6673850870052176	0.26438101227105804	0.03018507349483075	0.12581068206733395
36.55266437403998	1.2737084678314714	0.7277194422049531	0.26212490254889664	0.02807206058865205	0.1256156057341383
36.70450548596956	1.2760964023782115	0.788358375397837	0.25982194755490157	0.02601418530462431	0.12547598157306716
36.85634659789915	1.278484336924952	0.8492764816065189	0.25747395365006104	0.024012580792339967	0.12539000322313246
37.008187709828725	1.280872271471692	0.9104484792579981	0.2550827476652468	0.022068341295882386	0.1253558438534622
37.1600288217583	1.2832602060184322	0.9718492094663246	0.2526501768112763	0.020182521912466455	0.12537165625323915
37.3118309256183	1.2845317012682387	1.0334112354394724	0.25021923680331304	0.018345130245170514	0.1254387247531265
37.463135095258664	1.2715519573243004	1.094762954302072	0.2482334990912018	0.016439481301141836	0.12560480998200899
37.61443926489903	1.258572213380362	1.1565513011129656	0.24613522820053924	0.014617756324492026	0.1258368105652948
37.7657434345394	1.245592469436424	1.218749814418212	0.24392889448960514	0.012881403503792457	0.1261302561447045
37.91704760417977	1.2326127254924857	1.2813317622170861	0.24161885453157644	0.011231644033076908	0.12648079014706087
38.06835177382014	1.2196329815485474	1.3442701240940935	0.23920934713308845	0.009669481741785292	0.1268841737657286
38.2196559434605	1.206653237604609	1.4075375731993438	0.2367044895866	0.008195712364527671	0.12733628970824915
38.36926401738203	1.1807931598025498	1.471114186268042	0.23439105652864592	0.0067606733832316105	0.12792037923598357
38.518770533452404	1.154161840723122	1.5352779557657064	0.2319504598804738	0.005430947200891643	0.12856062866336607
38.66827704952277	1.127530521643694	1.5999990066065015	0.22936948102706278	0.0042103363611054505	0.1292467481167535
38.81778356559315	1.1008992025642663	1.6652383571013085	0.2266532064041372	0.0030986212724087754	0.12997365116042123
38.96729008166352	1.0742678834848385	1.730956691657506	0.22380640478504685	0.0020951347353249257	0.13073656902101993
39.116796597733895	1.0476365644054106	1.7971142920202918	0.22083351765539153	0.001198780641411541	0.13153106021294944
39.26453819660216	1.0128046835553235	1.8640201872578102	0.21783501493312896	0.00041315645559174296	0.1324198851676707
39.41176345608135	0.9755736685987699	1.9316171721448052	0.21471165205186066	-0.00025645630816607156	0.1333552400564931
39.55898871556055	0.9383426536422166	1.999780222803539	0.211434684960365	-0.0008134184765158784	0.13431408570872144
39.706213975039745	0.9011116386856632	2.0684556188823193	0.208007537270586	-0.001261678743826413	0.13529299851241197
39.853439234518945	0.86388062372911	2.1375889751313597	0.20443311718729978	-0.001605807119966162	0.13628907026278825
40.00066449399814	0.8266496087725569	2.2071251084387162	0.20072847672322514	-0.001842253373695085	0.13728605925690432
40.14713917048169	0.786627832836956	2.2772787158448398	0.20009657156873464	-3.960868254828631e-05	0.13529102893389378
40.293177780432615	0.7449847072696689	2.3480081257606993	0.1992840908582652	0.0018994254718509638	0.13335629446644523
40.43921639038354	0.7033415817023818	2.419171148793853	0.19827574196083617	0.003973958989356809	0.13147697584710719
40.58525500033447	0.6616984561350947	2.490758436774068	0.19705197031310465	0.0061809121961219245	0.12967262763922255
40.73129361028539	0.6200553305678076	2.562759900656892	0.19559185742266036	0.00851540115268054	0.12796416833520172
40.87733222023632	0.5784122050005208	2.6351645070820697	0.1938730801923809	0.010970451667925433	0.1263739210321669
41.02309558615349	0.5358281573192281	2.7080947432239904	0.19186421397280742	0.013537704900014848	0.12493526557148493
41.16855379519693	0.4922009304386962	2.7815753714541382	0.18953554642976203	0.016205605564281945	0.1236736251306908
41.31401200424037	0.44857370355816445	2.8554476827277284	0.1868669753989156	0.018957456393997898	0.12260532873294624
41.45947021328381	0.4049464766776326	2.9296914050774103	0.18382946893027294	0.02177349566498028	0.12175940832824629
41.604928422327255	0.36131924979710084	3.0042841574103267	0.18039231785842544	0.024629244791823445	0.12116657308199948
41.750386631370695	0.31769202291656895	3.0792011909353736	0.1765230918299358	0.027494592587828243	0.12085925334764344
41.89634400905446	0.27585193080296166	3.1540765172072245	0.1722190384690073	0.030330320565626886	0.12085353303906927
42.04335627414783	0.23778857026392308	3.2284698082191365	0.1674941855096291	0.03309184797331684	0.12116167112424786
42.19036853924122	0.19972520972488453	3.3030538741751387	0.16225404510209462	0.03573305918638978	0.12185586209885375
42.3373808043346	0.16166184918584647	3.3778020623950806	0.15646175921700806	0.038190133635181735	0.12297296399228314
42.48439306942797	0.12359848864680792	3.4526844175666795	0.1500787578186378	0.040383876468873633	0.12455154684026773
42.631405334521354	0.08553512810776935	3.5276674477570347	0.143064721814518	0.04221451992798678	0.12663192973527307
42.77922450018556	0.05269188638232685	3.601362154136113	0.13557631368177703	0.04358072735091049	0.12916431488969665
42.93086813692937	0.044590470547754536	3.6686868501868837	0.12844592900879076	0.044537009309477335	0.13177516634681258
43.08251177367317	0.03648905471318222	3.7360514401899376	0.12079656831330443	0.04488915001373286	0.13487662096857522
43.234155410416975	0.028387638878609914	3.8034616852831693	0.11260572241740907	0.044462223966442685	0.1384911879328932
43.38579904716078	0.0202862230440376	3.870922495807083	0.10385051216056643	0.04300633243463534	0.14264174640030486
43.53744268390459	0.012184807209465286	3.9384379190908154	0.09450768607276067	0.04013069495504824	0.14735154784082607
43.68908844650808	0.004163510989770456	4.005987216757876	0.08455951678321506	0.03513187215181454	0.15264109230805498
43.84094832653734	0.004211893949881081	4.071225263724704	0.07462062350935827	0.027171020961114796	0.15818666518043084
43.99280820656659	0.004260276909991706	4.136607302879999	0.0641276960124758	0.008300810378666841	0.16428644196474015
44.14466808659586	0.00430865987010233	4.202126540434976	0.07616890523757548	0.025887406025724338	0.160479471557857
44.296527966625106	0.004357042830212954	4.267675046195341	0.0886679323236717	0.03388828913348031	0.1568422625866454
44.44838784665436	0.004405425790323579	4.333115750584312	0.10049729851928141	0.03827705105105248	0.15387455703211605
44.60024772668363	0.004453808750434204	4.398311575437909	0.11168125506920551	0.04063247831777722	0.1515521036494682
44.752107179660165	0.0041208541119710975	4.463227103540247	0.12222459584928172	0.041620176891995604	0.14985829832111963
44.90396657041864	0.003732341723339488	4.5276319023982365	0.13217288544415493	0.041629463165132566	0.14875899761179112
45.055825961177106	0.0033438293347078777	4.591373160333379	0.14155283150996464	0.04090520675780517	0.1482293049330507
45.20768535193558	0.002955316946076267	4.6543133432398225	0.15038800055430193	0.0396203975612279	0.1482456537773082
45.35954474269406	0.0025668045574446575	4.716314964282634	0.1587020032103079	0.037905521453347885	0.1487844335114225
45.51140413345254	0.0021782921688130474	4.777240583936821	0.16651849426411514	0.03586323017477121	0.1498219893492602
45.66326379140547	0.0019308583151262635	4.836922658262732	0.17386457222063595	0.03357720094869205	0.15133422093054494
45.815123564358494	0.0017441444529204004	4.895244342121007	0.180761040257776	0.031116301906406532	0.15329805934551322
45.96698333731152	0.001557430590714537	4.952082006330237	0.18723024753335538	0.028538921285080655	0.1556897662261068
46.11884311026455	0.0013707167285086762	5.007298491606992	0.19329622969913685	0.0258951744289399	0.15848530592056326
46.27070288321758	0.0011840028663028127	5.060756661469191	0.19898304370487707	0.023228354023806165	0.16166062147912566
46.422562656170605	0.0009972890040969493	5.112319402245118	0.20431476780466312	0.02057612844512039	0.16519163464770628
46.574422486426236	0.0008795786924587876	5.161839014061809	0.20931629590451256	0.017971748005717342	0.1690542399083911
46.72628236003555	0.0008140746827806752	5.209182981485058	0.21401134239323139	0.015444105921864746	0.1732242214113629
46.878142233644866	0.0007485706731025629	5.254222827360116	0.21842345248877393	0.013018306835695215	0.1776773525058185
47.03000210725418	0.0006830666634244503	5.296821517047077	0.22257685033090663	0.010716518515230337	0.18238940905199047
47.18186198086348	0.000617562653746338	5.336842023910904	0.2264957675421495	0.008558081986145466	0.18733615942735887
47.3337218544728	0.0005520586440682255	5.374147329322513	0.23020444322855538	0.0065597668654274795	0.19249336452587204
47.485581726097074	0.0005416187816596681	5.408595333592133	0.2337275208057157	0.004736324757493808	0.19783646961440307
47.63744159458891	0.0006180717382269621	5.440048045093313	0.23708941581279608	0.0031001276532579857	0.20334078978889755
47.78930146308073	0.0006945246947942562	5.468377299558985	0.24031374350074025	0.0016606739787780234	0.20898242844828974
47.94116133157257	0.0007709776513615503	5.493446018414828	0.24342477154901238	0.00042602764265839497	0.21473711791311625
48.0930212000644	0.0008474306079288433	5.515130382437667	0.24188817629102133	0.0006532366432193703	0.21400246772744855
48.24488106855623	0.0009238835644961374	5.533495562398412	0.23738643819494795	0.0017404671332036038	0.2091888000413999
48.39674093047165	0.0010107297222353875	5.548747105534284	0.232798423363701	0.0028575287782292374	0.204461646327892
48.548600774111044	0.0011264588444564515	5.561094033021943	0.22812003383552812	0.003999262483779984	0.19982518407928462
48.70046061775045	0.0012421879666775154	5.570746878866694	0.22334678385532525	0.0051597744988533985	0.1952839388275337
48.85232046138984	0.0013579170888985792	5.5779148642839775	0.21847439441207236	0.006332867031992876	0.19084218958366148
49.00418030502924	0.0014736462111196431	5.582807200422498	0.213498585239326	0.007511807727806028	0.18650421661410932
49.15604014866864	0.0015893753333407071	5.585633088363587	0.20841507481602856	0.008689259897951789	0.1822743014399359
49.307899994654115	0.001701135787563582	5.586601685170946	0.2032195355587541	0.009857162596122149	0.17815673432612036
49.45975986898237	0.0017649512899739217	5.58592145630706	0.1979071606276916	0.011006275994627541	0.1741558225090753
49.61161974331063	0.0018287667923842616	5.583801741744202	0.19247418745137823	0.01212727448273615	0.17027570554373078
49.76347961763888	0.0018925822947946013	5.5804517780741545	0.18691633562394183	0.013209344659199953	0.16652066383595987
49.915339491967124	0.001956397797204941	5.576080796328195	0.1812293240481708	0.01424039153381514	0.16289497848297405
50.06719936629538	0.00202021329961528	5.570898021976897	0.17540887093575913	0.015206773606075882	0.15940293127307859
50.21905924062363	0.0020840288020256195	5.5651126749299555	0.16945069380755212	0.016092951568643904	0.15604880468542845
50.37091912770629	0.0020920864783818597	5.558931707930635	0.16334974519708564	0.016880317951795672	0.1528365218834803
50.52277901533756	0.002097745736006379	5.552566223821098	0.15710245472507114	0.01754852822168272	0.14977055371122966
50.67463890296884	0.0021034049936308986	5.546225623468416	0.1507045798935278	0.018072663378444664	0.1468551873338741
50.82649879060011	0.002109064251255418	5.540119217079263	0.14415184577128692	0.018422351466245324	0.14409469768258212
50.97835867823139	0.0021147235088799375	5.534456314366435	0.1374399773657602	0.018559559853077643	0.14149335974994215
51.13021856586267	0.0021203827665044568	5.529446224548805	0.1305646996229413	0.018434887725453406	0.13905544858996
51.282078450772545	0.002096202644655861	5.525296909480914	0.12352132716195982	0.017980483553177485	0.1367847726939599
51.43393833484528	0.002062843596840732	5.522218723183435	0.11630588382762426	0.01709817163712439	0.13468580929532017
51.585798218918015	0.0020294845490256043	5.520421483399799	0.10891423033711198	0.015628786423912862	0.13276295327838794
51.73765810299075	0.001996125501210476	5.520114588038496	0.1013421002098373	0.013267083294854418	0.13102047112374887
51.889517987063485	0.0019627664533953476	5.521507437921863	0.09358522732850481	0.009181969202705798	0.12946262894869834
52.04137787113622	0.0019294074055802193	5.524808419072532	0.08859703969791247	0.0059530435638225415	0.1283257265306142
52.1932377425177	0.0019724138977563264	5.530128140208699	0.09164209167348115	0.013016673150194856	0.12767510501934573
52.34509760711392	0.002056248431253674	5.537391455360377	0.09499003239725178	0.01762793073066426	0.126722913873072
52.49695747171015	0.0021400829647510214	5.54650446863182	0.09861451112548628	0.02132496599187985	0.12549401765846285
52.648817336306365	0.002223917498248369	5.557374501923037	0.1024897055524721	0.024431136793558093	0.12401423868123063
52.800677200902584	0.0023077520317457165	5.5699089014257925	0.106589801735616	0.027068197629532713	0.12230939088396874
52.95253706549881	0.002391586565243062	5.584015037620889	0.11088899409446151	0.02929181758604599	0.1204052798471337
53.10439692374134	0.0023893573923445418	5.599602259301944	0.11535974313476471	0.031128921578622317	0.11832691221536468
53.25625677430401	0.0022831006606391533	5.616580933648886	0.11997594846213816	0.03259421377699632	0.11610013486616022
53.40811662486669	0.0021768439289337658	5.634857206084452	0.12471406708258026	0.03369658083764429	0.11375165597027143
53.559976475429366	0.0020705871972283778	5.654338627637905	0.12954844741810795	0.03444010268043036	0.11130712710568123
53.71183632599204	0.0019643304655229898	5.67493271855667	0.13445342731088317	0.03482710343695733	0.10879221043022781
53.86369617655472	0.001858073733817602	5.696546968301954	0.13940333402163554	0.03485919666790612	0.10623257868318162
54.015555955552166	0.0016945366296806147	5.719093401109528	0.14437156506702845	0.03453771678134225	0.10365348997055418
54.16741559753113	0.001421330794501562	5.742485747765676	0.14933186744402493	0.03386450193094662	0.10108019115382308
54.31927523951012	0.001148124959322509	5.766623625546574	0.15426046972274876	0.032842451577076326	0.09853913687398419
54.47113488148909	0.0008749191241434561	5.79141425903711	0.15913168842066122	0.031474774958545074	0.09605601061357577
54.622994523468066	0.0006017132889644032	5.816764793515663	0.1639198128339681	0.029765622424025008	0.09365652307639225
54.77485416544705	0.00032850745378535035	5.8425822949252035	0.16859910502718942	0.027720195214477276	0.0913664121979139
54.92671023127275	0.00048578180902039464	5.8687161483923465	0.17314697110207308	0.025345985523013228	0.08921573688437122
55.078544375436124	0.0032818808033648105	5.894752698051017	0.17754893080536208	0.022658202576380338	0.0872537859375458
55.230378519599505	0.006077979797709227	5.920937271420592	0.18175638221565452	0.019661225735316135	0.08548077221429158
55.38221266376288	0.008874078792053642	5.947183335139646	0.18574427030348725	0.016366986333961064	0.08392175074407143
55.53404680792626	0.01167017778639806	5.973405139502955	0.1894878160008607	0.012788777686573936	0.08260150059488543
55.68588095208964	0.014466276780742474	5.999517715470145	0.19296251511488763	0.008941306282894702	0.08154452595962049
55.837715888927434	0.017146182524852362	6.02545603205532	0.19614410414022457	0.004839782196589542	0.08077376713769652
55.98957404937241	0.016421883085035952	6.051686786193434	0.19901020709784348	0.00046900875068867553	0.0802777792775027
56.141432209817395	0.01569758364521954	6.0775807205390295	0.19811684656191828	0.00015989649375898986	0.07953026511626117
56.29329037026237	0.014973284205403125	6.103132684107563	0.19695829197533773	0.0001587670168953598	0.07875157427128483
56.44514853070736	0.014248984765586711	6.128360262851523	0.19579867181372845	0.00015699276382666436	0.07797329043153879
56.59700669115233	0.0135246853257703	6.15328122130507	0.19463798601882532	0.00015458006172240505	0.07719541365528815
56.74886485159731	0.012800385885953886	6.177913496822011	0.1934762345116134	0.0001515352863256032	0.07641794402154782
56.900712960513644	0.010976957483505995	6.202448709579627	0.19230905105631965	0.0001344492313676254	0.07563094783300227
57.052558969325766	0.008923883875911854	6.226758325062613	0.19113809666207765	0.00011296510730100039	0.07484297262417645
57.20440497813789	0.006870810268317716	6.250821150728454	0.18996411215502426	8.98129638591039e-05	0.07405616091885112
57.356250986950016	0.004817736660723578	6.27465347120234	0.18878709545968086	6.501334216173724e-05	0.073270514792505
57.508096995762145	0.0027646630531294398	6.298272059691653	0.18760704436343187	3.8587175014784174e-05	0.07248603645775385
57.659943004574274	0.0007115894455353011	6.321694179857957	0.186423956520195	1.0555787155204636e-05	0.07170272826067961
57.81179886306932	0.0003294912116269667	6.3447270377987275	0.18525194658878533	5.276275835134567e-06	0.07093284168475214
57.963658523310485	0.0005923502022242344	6.3675462982614865	0.18408529534155155	9.342209393938108e-06	0.07016771894958454
58.11551818355164	0.0008552091928215022	6.390258429945182	0.18291903109069782	1.3605553247780827e-05	0.06940244822512813
58.267377843792815	0.0011180681834187698	6.412884253179569	0.18175315378870333	1.806397170121552e-05	0.06863702955890316
58.41923750403399	0.0013809271740160378	6.4354445242497516	0.18058766338607782	2.271513545533413e-05	0.06787146300040041
58.57109716427515	0.0016437861646133054	6.457959935427034	0.1794225598314057	2.7556721607084147e-05	0.06710574860103537
58.72295687563381	0.0018728927313126605	6.480453867911199	0.17825740716774469	3.201921965685406e-05	0.06633969448374351
58.874816635436986	0.002070011812063032	6.502945956398581	0.17709215499654377	3.609382403196897e-05	0.06557333864486062
59.02667639524016	0.002267130892813403	6.525453852084	0.17592719287669872	4.030461204243157e-05	0.06480687198717866
59.17853615504334	0.0024642499735637747	6.547998020247047	0.1747625207740832	4.46498447905265e-05	0.06404029454482385
59.33039591484652	0.0026613690543141463	6.57059887825878	0.1735981386536413	4.9127786974235865e-05	0.06327360635285235
59.4822556746497	0.0028584881350645175	6.593276795599063	0.1724340464794121	5.373670688688934e-05	0.06250680744722491
59.6341154454361	0.0030466474214362813	6.6160524205653735	0.17127008900673543	5.830516514998167e-05	0.06173986200273514
59.78597523212003	0.0032218379622072904	6.638945971015739	0.17010617405865827	6.274480962673505e-05	0.0609727626616956
59.937835018803945	0.0033970285029782995	6.661977138296613	0.16894251672829028	6.729522583911257e-05	0.06020556499678092
60.089694805487866	0.0035722190437493086	6.685166497294027	0.1657208751590099	0.002449907125498299	0.05955982898863337
60.24155459217179	0.0037474095845203177	6.7085402342432	0.1608441478797661	0.006235270016420468	0.0592275287766555
60.39341437885571	0.003922600125291327	6.732128987451998	0.15570909616826628	0.009699395539384344	0.0591542796960692
60.54527416014304	0.004102190893702315	6.755963506509044	0.15034954085285115	0.012829757350090338	0.05930639245972215
60.69713391970983	0.004299492001875667	6.780074607838166	0.1447994884553905	0.015616267500826852	0.05965031342456967
60.84899367927662	0.004496793110049025	6.8044932003696035	0.13909228415486824	0.018050606439071512	0.06015220470720893
61.000853438843414	0.004694094218222383	6.829250053232862	0.1332616062854297	0.02012697221310557	0.06077838797349422
61.1527131984102	0.004891395326395741	6.854375946637118	0.1273411120125783	0.021841758963054986	0.06149520605792294
61.304572957976994	0.005088696434569099	6.879901671863535	0.12136443733871899	0.023193555205784543	0.0622690229580892
61.45643272058708	0.005283485620648802	6.905858004156047	0.11536513112911653	0.02418312699948108	0.06306618345948578
61.608292512422196	0.005454152570934678	6.932275491861968	0.10937619099642332	0.024813224678442995	0.06385271456681961
61.76015230425732	0.005624819521220554	6.959185214143585	0.10343180289241014	0.025089535808557842	0.06459540158055288
61.91201209609241	0.005795486471506429	6.986618035204667	0.09756552521912684	0.025019816832327478	0.06526068609863689
62.06387188792753	0.005966153421792304	7.014604828787473	0.09181089809431878	0.024614347006002877	0.06581502800332434
62.21573167976264	0.00613682037207818	7.043176478166992	0.08620144335558194	0.023886087109150748	0.06622490545702073
62.36759147159775	0.006307487322364055	7.072363876145208	0.08077066456450446	0.022850886269698324	0.06645681489813732
62.51945134791612	0.00631850019573505	7.1021961316125255	0.0755471166655973	0.02152507788168297	0.0664731278334329
62.671311235326925	0.006308550902941292	7.132706129983418	0.07056855111852742	0.01993328169966897	0.06624326928934732
62.82317112273774	0.006298601610147532	7.163925197570463	0.06586919287634183	0.01810234443167153	0.06573416217018514
62.97503101014854	0.006288652317353774	7.195884405138712	0.06148262514946624	0.016063404924859977	0.06491222326552136
63.12689089755934	0.006278703024560014	7.228614822900159	0.057442432214505165	0.013853089212662829	0.06374386829875099
63.27875078497015	0.0062687537317662545	7.262147520513714	0.05378219941425742	0.01151470256687645	0.062195511927074995
63.43061060399475	0.006139138147317393	7.296513530425164	0.05053233153709908	0.00909768767256784	0.06022846379183166
63.58247040358746	0.005975519453857822	7.331744675254811	0.04772920960295971	0.0066661504193633835	0.05781170719817586
63.73433020318015	0.005811900760398251	7.36787220662846	0.045407564715139355	0.004296002211873826	0.05491279485961049
63.88619000277285	0.0056482820669386796	7.404927273168269	0.04360119027272428	0.0020634446751595036	0.051497933377048485
64.03804980236555	0.005484663373479108	7.442940912749953	0.04272447656216448	0.0008775934575086748	0.04877791062653052
64.18990960195825	0.005321044680019537	7.481931923814218	0.043305557682290434	0.002204311383546839	0.049461418697440904
64.3417693938348	0.005350207111609353	7.521891820371337	0.044052964175353544	0.0032794438042134627	0.04999316961501851
64.4936291798431	0.005525982317707199	7.562811865169089	0.04495582717562801	0.004279105572640763	0.050379340581718786
64.6454889658514	0.005701757523805041	7.604686463355462	0.04599988774531312	0.0052180674941219585	0.05062338222001311
64.7973487518597	0.005877532729902888	7.647507832066757	0.04717393964323282	0.006093140405398227	0.05073650077107756
64.949208537868	0.006053307936000734	7.6912681940274235	0.04846678577759636	0.0068966412226502075	0.050729893326702816
65.1010683238763	0.006229083142098581	7.735959777548988	0.04986723820627158	0.007620100211092701	0.050614747829021096
65.25292814583878	0.006284509396205503	7.781579892064735	0.05136046225952404	0.008253516267733711	0.05039925990002853
65.4047880097652	0.006199470220394584	7.828123263226054	0.052934601615855184	0.008789621774066173	0.05009518638216228
65.55664787369162	0.006114431044583665	7.875576867789625	0.05458289832565874	0.00922430967917228	0.04971740629145095
65.70850773761804	0.006029391868772745	7.92393301267039	0.056294388500112216	0.009551964765805939	0.04927688351671698
65.86036760154445	0.005944352692961825	7.973184002070153	0.0580581038271748	0.00976778834790637	0.04878458637000126
66.01222746547087	0.005859313517150906	8.023322137477294	0.0598630715716511	0.009867773863113919	0.04825148758649912
66.1640872740366	0.005727218374580783	8.074342942567835	0.06169699588199636	0.009848316296517171	0.0476880349041284
66.3159469176738	0.005454935809021431	8.126246188579154	0.0635465509678265	0.009706518216014788	0.047104517386610846
66.467806561311	0.005182653243462079	8.179015229445177	0.0654049127770747	0.009441852067536087	0.04651363647489959
66.61966620494819	0.004910370677902728	8.232642370078635	0.06726118208253198	0.009053198787990836	0.04592629139620353
66.77152584858538	0.004638088112343376	8.287119906664918	0.06910444550659674	0.008540115268101863	0.04535339552812443
66.92338549222258	0.004365805546784025	8.342440126659541	0.07092377552192938	0.007902827735841224	0.04480587639800178
67.07524506406725	0.00406440354851733	8.398598116007	0.07270768161569094	0.007142221838719442	0.04429454361461623
67.22710420416476	0.003587882555078885	8.455601327561828	0.07444292246739417	0.0062600442269204245	0.04382984306161256
67.37896334426227	0.0031113615616404403	8.513425965910187	0.07612222172333527	0.0052587024179364126	0.04342361006263022
67.53082248435977	0.0026348405682019957	8.572064269956655	0.0777346473097714	0.004141055379308316	0.04308677669141186
67.68268162445727	0.0021583195747635507	8.631508463225604	0.07926924241916662	0.0029106633534850593	0.042830299755493635
67.83454076455479	0.001681798581325106	8.691750753853297	0.08071502551219599	0.0015718114331938111	0.04266516079420048
67.98639990465229	0.0012052775878866613	8.75278333457993	0.08206099031975024	0.00012953913430520804	0.04260236607664151
68.13825974207946	0.0011633411715231395	8.81453342116015	0.0822087228436746	-4.462727227214116e-06	0.042600384176452274
68.29011962943049	0.0011525179354700543	8.876987025142068	0.08224428795887287	-4.39994125169265e-06	0.042598467137976805
68.44197951678153	0.0011416946994169692	8.940071040258404	0.08227985427558794	-4.337677379643168e-06	0.042596550083442174
68.59383940413255	0.001130871463363884	9.003708463646696	0.08231542179382527	-4.27593744308959e-06	0.04259463301284288
68.74569929148359	0.0011200482273107989	9.067822290045449	0.08235099051359034	-4.214723274175263e-06	0.04259271592617351
68.89755917883464	0.0011092249912577137	9.132335511794054	0.0823865604348885	-4.154036705162995e-06	0.04259079882342863
69.04941906616186	0.0010980737985058478	9.197171169044356	0.0824221299102663	-4.092716849813787e-06	0.04258888110750331
69.20127895348392	0.0010868514698608202	9.262252211929846	0.08245770027019868	-4.031695530587339e-06	0.04258696324543852
69.353138840806	0.0010756291412157928	9.327501614332306	0.08249327187598386	-3.971228749760264e-06	0.042585045366690714
69.50499872812806	0.0010644068125707652	9.392842358318742	0.08252884472762748	-3.9113184074622145e-06	0.042583127471254305
69.65685861545013	0.0010531844839257376	9.45819742346853	0.08256441882513503	-3.851966403951255e-06	0.04258120955912376
69.80871850277218	0.0010419621552807102	9.52348978687336	0.08259999416851194	-3.793174639613878e-06	0.04257929163029362
69.96057839034764	0.0010371594144126348	9.588641393524966	0.08263560086793498	-3.756667627933816e-06	0.04257738540125205
70.11243827808244	0.0010363938561960963	9.653575617289862	0.08267122681227289	-3.7339280264261175e-06	0.04257548653640395
70.26429816581722	0.0010356282979795573	9.718216102592448	0.08270685284158774	-3.711185685771655e-06	0.04257358767042968
70.41615805355202	0.0010348627397630187	9.782485844592673	0.0827424789558796	-3.6884407359624215e-06	0.04257168880332921
70.56801794128683	0.0010340971815464802	9.846307838280774	0.0827781051551485	-3.6656933069910154e-06	0.042569789935102464
70.71987782902161	0.0010333316233299414	9.909605078477282	0.08281373143939452	-3.642943528850636e-06	0.042567891065749375
70.87173771630263	0.001041255347112147	9.972299343902863	0.08284939567005115	-3.6481732933571884e-06	0.042566008093277104
71.02359760312912	0.001057882405234216	10.034313808447141	0.08288509646034997	-3.6807119833078204e-06	0.042564141063032634
71.17545748995559	0.0010745094633562847	10.095572795220228	0.08292079540444577	-3.712291321244779e-06	0.04256227405784702
71.32731737678209	0.001091136521478354	10.155999362200157	0.08295649250234327	-3.7429084732094517e-06	0.042560407077715655
71.47917726360856	0.0011077635796004229	10.215516571049596	0.08299218775404694	-3.772560605525193e-06	0.04255854012263399
71.63103715043506	0.0011243906377224919	10.274047487115872	0.08302788115956115	-3.801244884797327e-06	0.042556673192597684
71.78289703752861	0.001136097206781199	10.331515571705697	0.08306355291820931	-3.8139277828433257e-06	0.0425547972626772
71.93475692526528	0.0011359560454713624	10.387844130157111	0.08309917635796708	-3.790048514956473e-06	0.04255289961094354
72.08661681300194	0.0011358148841615259	10.442956902791755	0.0835570755722317	-0.00026606054925366456	0.041946447027167405
72.2384767007386	0.0011356737228516893	10.496809780481799	0.08432451429390213	-0.0007577841432980925	0.040893155300952395
72.39033658847525	0.0011355325615418528	10.549384488470537	0.08507992690194259	-0.0012899424903692449	0.03985188963846093
72.54219647621191	0.0011353914002320165	10.600663538603554	0.085821963543687	-0.001862309376804579	0.03882399989235898
72.69405636382929	0.0011378010890083583	10.650629516798421	0.08654928211756856	-0.0024746354533156543	0.037810844969208675
72.84591625088846	0.001152146351442262	10.699265581073561	0.08726055813864352	-0.0031266577274201048	0.03681381419219193
72.99777613794764	0.001166491613876166	10.746554181584852	0.08795440351247646	-0.0038180236473956725	0.03583421913407326
73.1496360250068	0.0011808368763100699	10.792477854752956	0.0886294687713871	-0.004548384000063026	0.03487340926253309
73.30149591206597	0.0011951821387439735	10.837019128714935	0.0892844045212972	-0.005317358493812944	0.033932733971649476
73.45335579912515	0.0012095274011778775	10.880160523324404	0.08991786144172884	-0.006124535455865217	0.033013542581900424
73.60521568618434	0.0012238726636117814	10.92188455015167	0.090528490285803	-0.006969471497431576	0.03211718434016498
73.7570755661686	0.0012720520506948527	10.962180222362239	0.09111500778197741	-0.007851737459625825	0.03124520729374087
73.90893544594692	0.0013212162936161345	11.001025354048515	0.09167599364083229	-0.008770760337881732	0.030398786799365227
74.06079532572525	0.001370380536537416	11.038402234907258	0.0922100985268599	-0.009725995318400585	0.02957926465945229
74.21265520550358	0.0014195447794586977	11.07429329207335	0.09271597539341324	-0.010716865875374956	0.02878798792064891
74.36451508528191	0.0014687090223799765	11.10868092430205	0.09319227744598392	-0.011742761649954974	0.02802630337746355
74.51637496506024	0.0015178732653012578	11.1415475019708	0.09363765814218254	-0.012803037902310105	0.027295557572285595
74.66823483346026	0.00159369394043315	11.172884116498562	0.09405081360967014	-0.013896996030614497	0.026597291266174487
74.82009469987204	0.0016741725623801258	11.202667015152223	0.09443036359271986	-0.015023912156985933	0.025932699467650328
74.97195456628381	0.0017546511843271016	11.230876942943521	0.09477495712052876	-0.016183034401555812	0.025303092576954768
75.12381443269558	0.0018351298062740775	11.25749602983309	0.0950832510904225	-0.01737357251273566	0.024709813696762124
75.27567429910737	0.0019156084282210537	11.28250635935956	0.09535390281209297	-0.018594698537600738	0.024154205517380536
75.42753416551915	0.0019960870501680296	11.30588996864435	0.09558557000754618	-0.019845545986881888	0.02363761031680394
75.57939402117862	0.0020939578629592588	11.3276362794027	0.0957769466705213	-0.0211251486502926	0.023161507114007333
75.73125387101568	0.002201246613930852	11.347724303894173	0.09592668278580471	-0.022432565189155988	0.02272717441222869
75.88311372085275	0.0023085353649024455	11.366131873132248	0.09603342183902647	-0.023766834801076234	0.022335876703606965
76.0349735706898	0.0024158241158740395	11.382840618448906	0.09638171240347265	-0.024528545912992063	0.022355887823017825
76.18683342052688	0.0025231128668456327	11.39782576708662	0.09764439255849766	-0.02330989830484672	0.0236433560959938
76.33869327036393	0.0026304016178172267	11.411049536334257	0.09886925103227069	-0.022107855354237267	0.024968668294838407
76.49055312873308	0.0027239345945269805	11.422466279105606	0.10005721927288096	-0.020923345374294373	0.026330744950692615
76.64241299481702	0.0028050294618061815	11.432037407897543	0.10120927243984625	-0.01975718917460797	0.027728620941477627
76.79427286090097	0.0028861243290853825	11.439729581431736	0.10232643502326423	-0.018610113411695623	0.02916140432954364
76.94613272698491	0.0029672191963645827	11.445503787568988	0.1034096900895468	-0.017482878174855953	0.03062811204847833
77.09799259306887	0.0030483140636437837	11.449321062037026	0.10446002085442477	-0.0163762133782582	0.03212776088255126
77.2498524591528	0.0031294089309229847	11.451142488424283	0.10547841068293247	-0.01529081950198753	0.033659367466727784
77.4017123310955	0.003194914630182395	11.450922513515897	0.10646576259055651	-0.01422746303741717	0.03522185127582358
77.5535722152359	0.0032279641585465178	11.448615675286367	0.10742295949410219	-0.013186898280209894	0.036814130736168516
77.70543209937634	0.003261013686910641	11.444197506220938	0.10835114695511472	-0.012169548116024676	0.038435426491343
77.85729198351675	0.003294063215274763	11.437629369399867	0.10925131030044853	-0.011176001537921965	0.04008475321449161
78.00915186765715	0.0033271127436388867	11.42887264739402	0.11012443491778678	-0.010206821091950468	0.04176112551793173
78.16101175179757	0.00336016227200301	11.41788874226382	0.11097150625563817	-0.009262543378412735	0.04346355795315483
78.3128716366468	0.0033870743689252856	11.40463683928818	0.1117934710845347	-0.008343721366830774	0.04519103002001674
78.46473152437	0.003389101866715659	11.38907198463664	0.11259119064118053	-0.00745097321458311	0.04694245141789633
78.61659141209319	0.0033911293645060327	11.371164990465939	0.1133658040968342	-0.006584593323244419	0.04871697933713762
78.76845129981638	0.003393156862296406	11.350877312045174	0.11411829776877967	-0.0057450185570782535	0.05051362746045666
78.92031118753957	0.0033951843600867797	11.328170405838884	0.11484965797803252	-0.004932661845020527	0.05233140946683784
79.07217107526276	0.0033972118578771532	11.30300572950702	0.11556087104934007	-0.0041479125068649226	0.05416933903153389
79.22403096298596	0.0033992393556675263	11.275344741905007	0.11625292331118124	-0.0033911365541031127	0.05602642982606605
79.37589084647801	0.0033633547083135006	11.24513792247442	0.11692652400735326	-0.002662963033734648	0.057901489507824276
79.52775072996572	0.003327431017933335	11.212358299749967	0.11758292711309021	-0.0019634330261018265	0.05979373883834818
79.67961061345343	0.0032915073275531703	11.176967218079845	0.11822311970207545	-0.0012928433858237119	0.061702191237416146
79.83147049694114	0.003255583637173005	11.138925988969653	0.11884808850137929	-0.0006514689020878229	0.0636258599779575
79.98333038042884	0.0032196599467928396	11.098195902735783	0.11945882017192022	-3.956219760452099e-05	0.06556375839905403
80.13519026391654	0.0031837362564126745	11.0547559094735	0.1195774809533367	2.557244777264393e-05	0.06547162910471842
80.28705009374006	0.0030559791872090294	11.008659424145023	0.1196357966715043	2.458597074035344e-05	0.06512773596517213
80.43890991549796	0.0029144197644577225	10.960038399335577	0.11969414891325006	2.3484508571758414e-05	0.06478373064317317
80.59076973725585	0.0027728603417064143	10.909007692124806	0.11975263909750458	2.2377218190216216e-05	0.06443968902555923
80.74262955901376	0.0026313009189551074	10.85567858522458	0.11981126722453544	2.1264369194113678e-05	0.06409561111206274
80.89448938077166	0.0024897414962037996	10.80016241586449	0.11987003329464269	2.0146231425812653e-05	0.06375149690238366
81.04634920252957	0.0023481820734524927	10.74257057580361	0.11992893730815836	1.9023074971648553e-05	0.06340734639618996
81.19820899503425	0.002179193971015938	10.683006769046612	0.11998787123225328	1.7676561386586463e-05	0.06306298423386693
81.35006877327403	0.0019968306617231626	10.621585992008873	0.12004692365069958	1.621834456463963e-05	0.0627184915289799
81.5019285515138	0.0018144673524303871	10.55842340218911	0.12010615375918093	1.4755240742824852e-05	0.06237395208018818
81.6537883297536	0.0016321040431376116	10.493630533123742	0.12016556155853683	1.328759552359028e-05	0.06202936588665219
81.80564810799336	0.0014497407338448362	10.42731898865575	0.12022514704965244	1.1815754914237097e-05	0.06168473294748693
81.95750788623315	0.001267377424552061	10.359600442954056	0.12028491023345747	1.03400653269176e-05	0.06134005326176244
82.10936340787406	0.0020244325888305334	10.290901834730782	0.12034580327106607	1.639055799448971e-05	0.06100206688578076
82.26121529803774	0.0035829437785865653	10.221315591315546	0.12040637606959063	2.887219777678204e-05	0.06067013198929135
82.41306718820142	0.005141454968342597	10.150693435385419	0.12046542458963325	4.136070707995903e-05	0.06033860233911923
82.56491907836511	0.00669996615809863	10.079147551236634	0.12052294892691634	5.385189721662496e-05	0.060007477839541884
82.71677096852878	0.008258477347854662	10.006789521075483	0.12057894918057632	6.634160915324131e-05	0.059676758391422995
82.86862285869246	0.009816988537610694	9.93373032644144	0.12063342545302672	7.88257135104895e-05	0.059346443892348937
83.02044217967583	0.012760474546478344	9.860642700594726	0.12068369210331568	0.00010239265991940057	0.05902762718528227
83.17219947226828	0.018341661554319502	9.788198183625127	0.12072464762332995	0.000147017594828504	0.058731074487173636
83.32395676486075	0.023922848562160662	9.715456722859132	0.12076010476322264	0.00019152861282365928	0.058436015297672374
83.47571405745322	0.029504035570001818	9.642520362077951	0.12079006507839742	0.00023590207114718308	0.05814244806137491
83.62747135004568	0.03508522257784298	9.569489067094368	0.12081453018075484	0.00028011470978565075	0.057850371166380574
83.77922864263815	0.04066640958568414	9.496460743795675	0.12083350173524847	0.00032414365148472716	0.057559782947735866
83.93096801253127	0.046661242054498085	9.423724586770899	0.12084494179829183	0.00037122624819535625	0.057274358823257945
84.08263930741597	0.054227206065106726	9.351926588510825	0.12131902838683048	0.0004373344221449184	0.05685054687656239
84.23431060230067	0.06179317007571537	9.280364746135639	0.12218979904504769	0.0005117579477531745	0.05629835927840465
84.38598189718536	0.06935913408632402	9.209005271604193	0.12306037825083214	0.0005895727549949707	0.05574611641167459
84.53765319207007	0.07692509809693267	9.137813065773141	0.12393075349178762	0.0006708166591157764	0.05519383078876847
84.68932448695477	0.08449106210754131	9.0667536482904	0.12480091192285588	0.0007555274554346516	0.05464151525474442
84.84099344719937	0.09209699220088143	8.995813086499219	0.12567061583947184	0.0008441024284590898	0.05408954770988735
84.99251407729304	0.10224214668117626	8.92620793907528	0.1265257382170451	0.0009595980759644969	0.053560779707976486
85.14403470738671	0.11238730116147111	8.85663879403141	0.1273804528049074	0.0010797390744603514	0.053032088997733824
85.29555533748038	0.12253245564176593	8.787068267285091	0.12823473545060124	0.0012045745744213117	0.05250349973161674
85.44707596757405	0.13267761012206078	8.717459854134868	0.12908856139361424	0.001334153661113765	0.05197503667013764
85.59859659766772	0.1428227646023556	8.647777924376499	0.129941905259332	0.0014685253509658415	0.05144672518791095
85.75011722776138	0.15296791908265045	8.57798771741893	0.13079474105298738	0.00160773858785584	0.050918591279703766
85.9013995622714	0.1661499727817084	8.509588530683748	0.13162885452743298	0.0017834715959337405	0.050419041400360715
86.05264814781516	0.17976213184727793	8.441213808366346	0.13245953002582547	0.001969942418781587	0.04992393729375185
86.2038967333589	0.1933742909128474	8.37260823699759	0.13328927747909647	0.002162820532846687	0.04942931858600641
86.35514531890266	0.20698644997841695	8.303735826204752	0.13411804894018045	0.0023621681081860556	0.048935233224189995
86.50639390444641	0.22059860904398648	8.23456182454562	0.13494579534161869	0.002568047105884139	0.048441730275761236
86.65764248999015	0.234210768109556	8.165052710151425	0.13577246648485453	0.002780519268481084	0.04794885993927682
86.80858782571885	0.25073356123625123	8.096623554861523	0.1365791264424422	0.003033367801205647	0.04748490288772321
86.95939405226451	0.26859154372207256	8.028429098957245	0.1373754417585965	0.003309785977151723	0.047035019600765615
87.1102002788102	0.2864495262078939	7.959767055622537	0.1381698993217095	0.0035946358804678853	0.046586415051434626
87.26100650535588	0.30430750869371526	7.890606177808461	0.13896241171141197	0.003887991222425978	0.04613917666009941
87.41181273190156	0.3221654911795366	7.820916912529274	0.13975288957421356	0.00418992515798684	0.04569339378025034
87.56261895844725	0.3400234736653579	7.75067138361048	0.1405412416054888	0.004500510262882512	0.0452491577165128
87.71307229358654	0.360500950080991	7.681121690532856	0.14130856170863537	0.0048530195112986545	0.04483338244595784
87.86322799105696	0.3831877749047435	7.612013985438534	0.1420569398699974	0.005243648814030668	0.044442605850888134
88.01338368852737	0.40587459972849604	7.542239061434706	0.14297388243754164	0.00564109161449513	0.04409664066851984
88.1635393859978	0.42856142455224866	7.471789412867852	0.145624937931212	0.006003624389262625	0.044178731128245934
88.31369508346822	0.4512482493760012	7.400699336727893	0.1482356938207157	0.00636322538490851	0.04425422994873265
88.46385078093863	0.47393507419975367	7.329014547942693	0.15080635851210383	0.006718821970467932	0.04432292872392857
88.61392926012627	0.4971173438215038	7.257023393532034	0.15333057184590487	0.00707584061165267	0.04438938706578456
88.76386709025631	0.5212020401930413	7.184971428026891	0.15580144266377488	0.007438512057448139	0.04445710935010152
88.91380492038634	0.5452867365645788	7.112479876417711	0.1582303637041489	0.007793954908082428	0.04451707314599978
89.06374275051638	0.5693714329361164	7.039610353969446	0.1606175749653597	0.008141123716040519	0.04456903845514707
89.21368058064641	0.5934561293076539	6.966427743086707	0.16296331563924757	0.008478998614255032	0.044612766085702596
89.36361841077644	0.6175408256791914	6.892999968754964	0.16526782266283102	0.00880658511525935	0.044648019100648105
89.51361397853323	0.641251813295082	6.819220053822134	0.16753827078423164	0.009118197697219417	0.04467122854684826
89.66382929406758	0.6635404759361369	6.744662179455451	0.1697962492488211	0.009399920902094521	0.044673110573586985
89.81404460960192	0.6858291385771904	6.670076352178737	0.17201677341465732	0.009669008293054605	0.044666360323343875
89.96425992513628	0.7081178012182452	6.5955379259581	0.17420002777075494	0.009924631735087988	0.04465079330710444
90.11447524067061	0.7304064638593001	6.52112414168289	0.17634618849301334	0.010165983901797768	0.044626233348968994
90.26469055620498	0.752695126500355	6.446913947334598	0.1784554224539658	0.010392278123728334	0.04459251357640492
90.41491948421982	0.7748812739696551	6.37293966412743	0.18053027831689256	0.010601545706415562	0.04454866171194665
90.56574607116944	0.79256647039318	6.2972085850987565	0.1826774741972836	0.010742277862769878	0.04446038406995223
90.71657265811908	0.8102516668167048	6.221905753886822	0.18479584865163	0.010867438238260833	0.044364211123064066
90.8673992450687	0.8279368632402297	6.147108883364792	0.18688546346903204	0.010976457576962681	0.04426008108218166
91.01822583201833	0.8456220596637547	6.07289658158849	0.18894636985023258	0.011068779162557458	0.04414794274656234
91.16905241896794	0.8633072560872794	5.999348243814575	0.19097860793812088	0.01114385878890165	0.0440277559733163
91.31987900591758	0.8809924525108044	5.9265439456150935	0.19298220636645752	0.011201164739412867	0.043899492128683985
91.47128707260815	0.8924521620455442	5.851686380772068	0.19513444337981328	0.01117577270040321	0.04372260995552832
91.62277988750022	0.9030045333189505	5.777284517016104	0.19729478571375694	0.011125092038831729	0.043534610731494235
91.77427270239228	0.9135569045923566	5.703829487324612	0.19943808580769004	0.011058385942487209	0.043341648902459395
91.92576551728433	0.9241092758657625	5.631395152414651	0.20156428223787204	0.010975346499994954	0.043143785892164076
92.0772583321764	0.9346616471391687	5.560053455116244	0.20309303707963997	0.010927489596286543	0.043150763745390334
92.22875114706846	0.9452140184125749	5.489825532913475	0.20406560656592854	0.010922414537934992	0.043355202435042844
92.38048148488699	0.950291990945314	5.418249564823513	0.20520600484921642	0.010862448735004969	0.043528087622727286
92.53231896771089	0.9529004987774741	5.346613908521612	0.20642143482312605	0.010776519341596827	0.043687098347422376
92.68415645053479	0.9555090066096343	5.275974375584022	0.20763865027108283	0.010687784557931563	0.04384522861633638
92.8359939333587	0.9581175144417944	5.206291251627311	0.2088576432263319	0.010596217696515194	0.0440024863962246
92.9878314161826	0.9607260222739548	5.137524635418668	0.21007840552347065	0.010501791984859728	0.04415887985248949
93.13966889900651	0.9633345301061149	5.069634440809074	0.21130092879638368	0.010404480566144268	0.04431441735124643
93.29149828320757	0.9627317281665113	5.001232820541685	0.21261113974484155	0.01027566611947361	0.04445623130570404
93.44332067792544	0.95935741852726	4.93247335865869	0.21399394020922852	0.010119850026189653	0.04458781927405233
93.59514307264331	0.9559831088880086	4.86447978916073	0.21537415583407535	0.00996192383508158	0.044720821486106475
93.74696546736119	0.9526087992487573	4.797209836618874	0.2167517797503673	0.009801930214137887	0.044855244810881205
93.89878786207908	0.9492344896095061	4.730621417112675	0.2181268054182737	0.009639911694006529	0.044991095788207244
94.05061025679694	0.9458601799702546	4.664672641393124	0.2194992266227862	0.009475910666531662	0.04512838063309272
94.20238221694845	0.9410628437962634	4.598765944032242	0.2209036182329011	0.009297910164568674	0.0452629756489378
94.35406255923834	0.9336804819635649	4.53242253201322	0.2223662408546005	0.009096532244740552	0.04539254527263377
94.50574290152827	0.9262981201308668	4.466618747374341	0.22382333684032663	0.00889397542478733	0.04552508288260055
94.65742324381816	0.9189157582981684	4.401313615786379	0.22527490705132994	0.00869034068972269	0.04566058761758706
94.80910358610805	0.9115333964654703	4.336466598858917	0.22672095307960247	0.008485728260183343	0.04579905788560171
94.96078392839796	0.9041510346327719	4.27203760936096	0.22816147722527247	0.008280237589407794	0.045940491386516194
95.11244095793435	0.8963493844625517	4.207837145913658	0.2296056880571022	0.008070638523343712	0.04608413724830372
95.26400476746335	0.8868711386086401	4.143388504487121	0.23108028669316422	0.007847304744529595	0.046228221842204945
95.41556857699237	0.8773928927547285	4.07926067044851	0.2325478661395273	0.00762384058778173	0.04637604308837779
95.56713238652137	0.8679146469008171	4.015416156950888	0.23400843614161823	0.007400375266540514	0.046527591241394904
95.71869619605036	0.8584364010469054	3.95181815736679	0.23546200723201993	0.007177036704480693	0.046682855768673724
95.87026000557937	0.8489581551929939	3.88843057096781	0.2369085906934753	0.006953951533207128	0.04684182538747143
96.02182277974627	0.8394640177874457	3.8252129596088515	0.23815601958512111	0.006746719036014558	0.04700834056162834
96.17333515546731	0.829196325409047	3.7619046613996847	0.23826735574104224	0.006627074021240947	0.04719958248930972
96.32484753118834	0.8189286330306482	3.698766752339953	0.23837091738367913	0.006508082614837029	0.04739210201137916
96.47635990690938	0.8086609406522494	3.635812210067183	0.2384667068036572	0.0063897593850896104	0.04758589683721116
96.62787228263043	0.7983932482738507	3.573053453284766	0.23855472631567093	0.0062721186674429465	0.04778096465211134
96.77938465835146	0.788125555895452	3.5105023281133514	0.23863497825718358	0.006155174564493755	0.04797730311861637
96.93089703407252	0.7778578635170533	3.4481700943664406	0.23870746498714185	0.006038940945989515	0.048174909877779414
97.08242097041105	0.7677624449609343	3.3861143396971096	0.23876914898051002	0.005924666275716367	0.0483738277019053
97.23394674642661	0.7576944408739621	3.3243030163931655	0.23882272941772129	0.0058113167235009896	0.048573992754391435
97.38547252244217	0.74762643678699	3.2627378527907367	0.23886870276406558	0.005698707821571894	0.048775393768890014
97.53699829845772	0.7375584327000178	3.2014276079802766	0.23890707138315245	0.005586852013391455	0.048978028381791265
97.68852407447326	0.7274904286130461	3.1403803981166787	0.23893783765280513	0.005475761518549933	0.049181894215272214
97.84004985048881	0.717422424526074	3.0796036827862263	0.23896100396392905	0.00536544833278162	0.049386988878427164
97.99162290276657	0.7081072148782448	3.0192786762372577	0.2389649983274375	0.0052612024891308075	0.04959321953527751
98.14321774250627	0.6991389336770699	2.959304846045259	0.23895676249170872	0.005160135059379053	0.04980051744600321
98.29481258224598	0.6901706524758953	2.8996050162890796	0.2389417635595183	0.005059812475600135	0.050008900652751896
98.4464074219857	0.6812023712747204	2.840184138278239	0.23892000357824053	0.004960243494578484	0.050218367108149406
98.5980022617254	0.6722340900735455	2.781046523417248	0.23889148459931592	0.004861436695465691	0.050428914760754846
98.7495971014651	0.6632658088723707	2.7221958320654305	0.23885620867750032	0.0047634004798058635	0.0506405415558128
98.90125169928639	0.6554488356044242	2.663863363494743	0.23879909339588104	0.004673997536034789	0.05085266499885727
99.05296040396667	0.6486742929890934	2.6060118737896723	0.23872282688695978	0.004592375745654465	0.05106513477701823
99.20466910864693	0.6418997503737625	2.5484316400707283	0.23864146110719442	0.0045113917213849535	0.05127841165549716
99.35637781332719	0.6351252077584317	2.491124900227989	0.23855499741860597	0.004431049662580939	0.051492494272273044
99.50808651800747	0.6283506651431008	2.434093375316313	0.23846343718075644	0.004351353667236042	0.05170738126778391
99.65979522268773	0.62157612252777	2.3773382630687525	0.23836678175043866	0.004272307732001592	0.05192307128523688
99.8115484665972	0.6162343346930933	2.321118841051858	0.23824952752763984	0.0042033756697736225	0.052138284335426076
99.96338502811034	0.6135727390674989	2.2656464334028636	0.2381002583425217	0.004152575067817277	0.052351579691847526
100.11522158962349	0.6109111434419044	2.210432786917117	0.23808716518107328	0.004522809665026447	0.05194862505581343
100.26705815113664	0.60824954781631	2.1554799250053067	0.23812251060907316	0.005026088897775175	0.051352391246204276
100.41889471264979	0.6055879521907157	2.1007896052100117	0.23816331719179007	0.005528588749601373	0.050759092536430205
100.57073127416295	0.6029263565651213	2.046363815887269	0.23820962570654738	0.006030310046543206	0.05016868814916776
100.72257210275372	0.6006927912750869	1.9922831716585059	0.23825383621439872	0.006535691616232389	0.04958070029598671
100.8744315494854	0.6003268107322025	1.9388148050330347	0.23826591300915956	0.007061810940367311	0.04899370172275116
101.02629099621709	0.599960830189318	1.8856208311060394	0.23827618786750018	0.007590767623440021	0.048409659780105224
101.17815044294876	0.5995948496464336	1.832705044845809	0.23828464210487368	0.008122551493074316	0.04782859315259555
101.33000988968044	0.5992288691035493	1.7800712749089174	0.23829125707954626	0.008657152281294675	0.047250520481956174
101.48186933641213	0.5988628885606648	1.727723383672025	0.23829601419291344	0.009194559624712972	0.04667546036679138
101.63372877690361	0.5984948253284096	1.675664865855248	0.23829895246413818	0.009734731753551797	0.04610343274950166
101.78558769015898	0.5979507956317365	1.62386589493849	0.2383051599580067	0.010274904482124723	0.045534556428561364
101.93744660341434	0.5974067659350633	1.5723641121751761	0.23831004977857473	0.010817577180733139	0.04496871422657445
102.08930551666971	0.5968627362383903	1.5211635271714676	0.23831360837959717	0.01136274027469624	0.044405919689785946
102.24116442992506	0.596318706541717	1.470268199941924	0.23831582227580933	0.011910384111070153	0.043846186303460634
102.39302334318045	0.595774676845044	1.4196822409798284	0.23831667804360213	0.012460498959041857	0.04328952749120745
102.54488225643581	0.5952306471483708	1.3694098113276225	0.2383161623216941	0.0130130750103275	0.04273595661430791
102.69672215432132	0.5928876585354608	1.3190984625020328	0.2383852794328216	0.013531317107714673	0.04218531462752456
102.8485586369179	0.5902215647434592	1.269043452076852	0.23847250645716409	0.014042374572862469	0.04163718784490141
103.00039511951448	0.5875554709514577	1.2193139516969749	0.23856568297840283	0.014552599198238992	0.0410915220054532
103.15223160211107	0.5848893771594561	1.169915505351303	0.2386648501585916	0.015061984165785549	0.040548275947126095
103.30406808470767	0.5822232833674547	1.120853915211684	0.23877004919020317	0.015570521917600286	0.04000740847744738
103.45590456730424	0.5795571895754531	1.072135243338956	0.23888132130708725	0.016078204151905685	0.03946887836256745
103.60765510452508	0.574125116613686	1.023245755591303	0.23913668334628332	0.01651518696365075	0.03892996872196384
103.75936420069105	0.5673593465973885	0.9744754378767908	0.23947672823733226	0.016912012388383295	0.038390839646076876
103.91107329685704	0.5605935765810909	0.9260878491756146	0.2398373650615215	0.017301190410929174	0.037852443979528236
104.06278239302301	0.5538278065647932	0.8780943273097499	0.2400556414767326	0.017478804747962377	0.03741405432425014
104.21449148918899	0.5470620365484957	0.8305136689479852	0.24005075050205954	0.017364032311936527	0.037115912961226745
104.36620058535496	0.5402962665321982	0.783373087869746	0.24004828488901914	0.01724727353699398	0.03681680119947123
104.51777862147846	0.5313102692191071	0.7363513361674023	0.24017043410681055	0.017066197911175286	0.036513319825857815
104.66923010874798	0.5201804665587393	0.6895226591687287	0.24041389206672745	0.016821401470936213	0.036205390975010084
104.82068159601751	0.5090506638983715	0.6432637208184946	0.24066094268063792	0.016572517115600392	0.0358962588438415
104.97213308328705	0.4979208612380037	0.5976027423905307	0.24091156090895438	0.016319500714010463	0.035585948471939535
105.12358457055659	0.48679105857763594	0.5525669584934252	0.2411657211376299	0.016062307732770092	0.03527448547335128
105.27503605782611	0.4756612559172682	0.5081825882644333	0.24142339716841774	0.015800893239818332	0.0349618960463234
105.42641870254904	0.46368963904684857	0.4643830140371269	0.24173151059850653	0.01551016913550559	0.03464692075198969
105.57766617228414	0.45006508759956015	0.4211301732457701	0.24213559354916797	0.015164942468103373	0.034328380230716674
105.72891364201925	0.4364405361522718	0.3786410708223295	0.24254357837686533	0.014813816680665271	0.03400885884479471
105.88016111175435	0.42281598470498344	0.336938344801563	0.24295541723459885	0.014456721050743087	0.03368840444122379
106.03140858148944	0.409191433257695	0.2960432321451852	0.243371061140037	0.014093584354704742	0.03336706600233516
106.18265605122455	0.39556688181040667	0.2559755243218535	0.24379045995596424	0.013724334876961772	0.03304489366534457
106.33389058898669	0.38180300595495403	0.21674595453651202	0.24422140080064755	0.01334447452850747	0.03272175309009434
106.48506184070631	0.3673573091238071	0.17835039376757542	0.24469441276957118	0.012936357432615711	0.032397015350522605
106.63623309242593	0.3529116122926603	0.14084711663750615	0.24517111962042407	0.012521321906332181	0.03207167822876857
106.78740434414553	0.3384659154615134	0.10424955989685897	0.2456514577888071	0.012099285236474862	0.03174580528923139
106.93857559586515	0.32402021863036656	0.06856938997551087	0.2461353622268269	0.011670164244080728	0.03141946157980428
107.08974684758476	0.30957452179921974	0.033816475944786754	0.24662276637831554	0.011233875298029964	0.031092713656655405
107.24091809930438	0.295128824968072	0.00010001129647193084	0.2471136021538224	0.01079033432905233	0.03076562960923521
