Q20	Q30	EHFB	M22	M23	M33
32.0	0.0	0.0001	0.032384600000000006	0.0	0.05990849999999999
32.28042841360631	0.12979294899614002	0.02323338172505866	0.03324124687977022	0.0007930043888233285	0.05936915514865458
32.56085682721262	0.25958589799228005	0.03832178243008884	0.03401505666364948	0.00102985621737839	0.058834775116438545
32.84128524081893	0.38937884698842	0.04531748777238933	0.034706690521003135	0.0011560563734977598	0.058304698734618826
33.11885129691316	0.5249414379964499	0.044209678677269	0.035298108484158174	0.0012286449503783618	0.05776629869677102
33.39185122866034	0.6697079466678082	0.0352417672283237	0.03577389727400728	0.001269323919493663	0.05721210512818256
33.66485116040753	0.8144744553391663	0.018544048718608316	0.036162165848294965	0.0012776368825276724	0.05666087656120348
33.93785109215472	0.9592409640105246	0.005943471463869938	0.03646338444882011	0.0012622315522944026	0.05611214275403493
34.23122746906236	1.0512421272994759	0.03961561450344596	0.03688393661814598	0.0011870359387600009	0.0556776581462868
34.53066950871318	1.127536095977354	0.08280325702059217	0.03731213173783288	0.0010918966099934188	0.055277263941021997
34.830111548364	1.203830064655232	0.13525909104817552	0.03769104778883406	0.0009902424445558833	0.054877270882589854
35.13095232440406	1.2712121103745844	0.19716240776313407	0.038059613401810966	0.000876651384997414	0.054497720478236415
35.43936941964274	1.2903223205095646	0.26992066974914064	0.038610811063420326	0.0007323521051093901	0.0542270346445732
35.74778651488141	1.3094325306445445	0.35295365638331505	0.03915026824046724	0.0005803363559117259	0.053955479336929825
36.056203610120086	1.3285427407795245	0.4462350026561674	0.040052360133306306	0.002426448649765269	0.054588930056482673
36.364697466010504	1.3282967148320404	0.5497255986462892	0.04361067138572374	0.007828611175363763	0.05844992754404725
36.673256428281874	1.311633234736849	0.6629054091670045	0.048610909891833004	0.012438615780851113	0.060976636790080335
36.98181539055324	1.2949697546416574	0.784747728357694	0.05480293587015646	0.016578827475945895	0.062298317231119935
37.29037435282461	1.278306274546466	0.9143064816893708	0.06201529425917446	0.02010379243099207	0.06258642392868607
37.59808993806557	1.2502519459558556	1.0506246883431496	0.07010222474678122	0.022842460183459246	0.06202667841705646
37.90573843457027	1.2212915011170056	1.192822032801679	0.07885970405935858	0.02468565206875566	0.06077697542900157
38.21338693107496	1.192331056278156	1.3399338571606727	0.08810669829997375	0.02553293760380873	0.05901481252392884
38.52088708326444	1.1619135887695389	1.490980364312944	0.09766212494456955	0.02530279439313405	0.05692370169594922
38.828059493759085	1.1282770759036833	1.644983055789933	0.1073398278489789	0.02393343382841545	0.05469033458350193
39.13523190425373	1.0946405630378275	1.801003721606357	0.11694178108591764	0.021400050995938925	0.05250610860135355
39.44240431474837	1.061004050171972	1.9580762594438152	0.1262695252411363	0.0176928978877032	0.05056948316375365
39.74952269804373	1.0268793013553925	2.115231713436897	0.13511915938078375	0.012823445078840118	0.04908430743298463
40.056617587446894	0.9925422416484055	2.2715168586839223	0.14235135101695426	0.007917822616842266	0.04830067172509168
40.36371247685006	0.9582051819414188	2.4262133589318693	0.14513492967294528	0.007368916774224712	0.04801958871144353
40.67078390286827	0.9236656224839721	2.579138991190008	0.1479124414652622	0.006809401475612665	0.04773992554261593
40.97759395745996	0.8868703079953769	2.730150462286061	0.1506853847930535	0.006228326206173787	0.047462295498766294
41.28440401205164	0.8500749935067816	2.8792164551630908	0.1534524159224602	0.005646095968840341	0.04718535993892475
41.59121406664332	0.8132796790181862	3.0262709284536724	0.15621408199790168	0.005065985659014618	0.04690857171867216
41.89801619597263	0.7764184095290141	3.171256738476108	0.1589710344365017	0.004490914149373541	0.04663133256249114
42.20480931414171	0.7394821480647664	3.314128451249995	0.16172396094929337	0.003924238088184766	0.046352947583139244
42.511602432310795	0.7025458866005188	3.454853230215537	0.1644735780817876	0.003369755956398387	0.046072634572025394
42.818395550479885	0.6656096251362713	3.5934037057591084	0.1672206794271709	0.0028308265754367332	0.0457895999359632
43.12532887158171	0.6298605524667283	3.729814126440698	0.1699656341610796	0.002315108604614405	0.04550283059909333
43.43228622584397	0.5943149840907083	3.864029592201652	0.17270961112317018	0.0018209325838049078	0.04521187151238986
43.73924358010624	0.5587694157146882	3.996029393371198	0.175453488988153	0.0013507455097853916	0.04491596860718563
44.04626123586846	0.5237617908236123	4.125831286105727	0.17693941617173933	0.0009872894311704727	0.0446043010359561
44.353470283001954	0.4904615486893945	4.253483827379649	0.17131073173802655	0.0010633927239622786	0.0442323360190149
44.660679330135444	0.45716130655517706	4.378872312232457	0.16565416797395974	0.0011092332076194369	0.04385865224818179
44.96788837726894	0.42386106442095944	4.501956132123377	0.15996978990853605	0.001127416040635939	0.043483184694459255
45.27497091808309	0.38942508361022216	4.622628223296791	0.1542597289758123	0.0011173286500914847	0.043105649478367716
45.581977789936246	0.3543097678376951	4.740861303931377	0.14852191739676635	0.0010825537448338719	0.042726077246254976
45.88898466178941	0.31919445206516794	4.8566404308123605	0.14275478255299162	0.001027759472780121	0.04234463745229005
46.195992490567804	0.2840875874412592	4.969913097912636	0.13695826131355	0.000955835344473544	0.041961390283578835
46.50307826113011	0.24966907084017384	5.080667042562192	0.1311321406859257	0.0008718550974659411	0.041576621140350024
46.81016403169242	0.2152505542390882	5.1888092098650755	0.12527706264356733	0.0007765571851738557	0.04119022965336675
47.117249802254726	0.18083203763800257	5.294288108018114	0.11939293577418787	0.0006728337386888284	0.04080230723491619
47.4245419809819	0.14840047238879425	5.397178896144493	0.11348210363967147	0.0005699078903505193	0.04041367914558694
47.73214529085046	0.11896395553011915	5.497510108651679	0.10754867991156075	0.0004734412246564678	0.04002490446125505
48.03974860071902	0.08952743867144403	5.595058902520997	0.10200068879721103	0.00037135050556924483	0.03956673019613195
48.34735191058758	0.0600909218127689	5.689832455932624	0.09919528913473309	0.0002475047061560069	0.038642416510328514
48.655787155329996	0.04228829005633829	5.7826215969280215	0.09641627822107346	0.00017062341764324096	0.03771575639164862
48.96444910314551	0.027655903456830232	5.873110344715473	0.09363830670421398	0.00011206281252555426	0.036785515823432625
49.27311105096103	0.013023516857322186	5.961262435933505	0.09084934712592087	6.282776254245781e-05	0.03585006327932392
49.58183297187782	0.0010258570890409643	6.047332201410081	0.08806455512954414	2.6422524605181302e-05	0.03491292330714818
49.890841024924434	0.0015984993973836112	6.131867188112553	0.08534761237272402	1.3340290035661814e-05	0.033990733326691516
50.19984907797103	0.0021711417057262575	6.214452840514183	0.08263108896351395	9.027065393402169e-07	0.03306875870225921
50.508857131017635	0.002743784014068901	6.29521552046	0.07991498521802558	-1.0867855925537275e-05	0.03214699911773953
50.817865470053064	0.003058939421492816	6.374274206059524	0.0771973868100849	-2.212045390359326e-05	0.031224900024684532
51.12687403274998	0.0031727236514557076	6.451758813028545	0.07447844518396368	-3.265999809318133e-05	0.030302451046009052
51.43588259544689	0.0032865078814185984	6.527802467223979	0.07175958353189633	-4.230730371267463e-05	0.029380048209325323
51.74489115814381	0.00340029211138149	6.602532050998925	0.06904080252862592	-5.1057922485939195e-05	0.02845769083989002
52.05389879444553	0.0026608670408646254	6.676060927301388	0.066309643050713	-5.7125738185037896e-05	0.0276742577999923
52.36290638146711	0.0018760549792555166	6.74856632824742	0.06355546783038248	-5.46659552261829e-05	0.027559718755549252
52.67191396848868	0.0010912429176464082	6.8202785138899245	0.06080237581849007	-5.2655325176574696e-05	0.027445493252577644
52.98027304873354	0.012190929885074838	6.8913109232856815	0.05813526129340842	-3.620749882903006e-05	0.02735812978077877
53.287360496899275	0.04659447542792693	6.961530882846335	0.0556032673898685	2.0932167807435366e-05	0.02731393239597722
53.59444794506501	0.08099802097077854	7.031297519625506	0.053023686547701794	9.064417073793759e-05	0.027256473557531073
53.90153539323075	0.11540156651363065	7.10085344312155	0.05039628247721432	0.0001661289189746894	0.027185989555134352
54.20332234086756	0.17927133696225772	7.168632674135889	0.04788381585258553	0.0002963910956049165	0.02714868479038716
54.50314843120199	0.25404178782108316	7.235666353083967	0.04533572608500464	0.0004396425364019465	0.027104407990963163
54.802974521536434	0.3288122386799086	7.302869642617436	0.04268429094841076	0.000560175158108271	0.027034359609767897
55.10125678126425	0.40838551388127425	7.370030502666136	0.03995393907332704	0.0006499510605330823	0.026943461581205606
55.38849332139884	0.522321788958032	7.434003273577269	0.03726405402680179	0.0007368925198780921	0.02685964943431095
55.675729861533455	0.6362580640347899	7.498783721420308	0.03443075038768139	0.0007295200270856967	0.02673076708244406
55.96296640166806	0.7501943391115478	7.564759507544177	0.031464033220012025	0.0005998251119015238	0.026546809461559042
56.249864029807675	0.86497793558296	7.632185112207035	0.03054780435272287	0.0008593744599055339	0.02630214930034961
56.536443540595286	0.9805568643009358	7.701342909426753	0.029923679576074225	0.0011495909667322145	0.02608350541895415
56.82302305138291	1.0961357930189117	7.772568838493642	0.02928232804177111	0.0014020950041143513	0.025889486217400344
57.10960256217053	1.2117147217368878	7.846044227104841	0.02862800356041805	0.0016209961570212287	0.025715837885083727
57.39521084404327	1.3296704714777305	7.921508536959394	0.027964802733856542	0.0018102416994145568	0.025562151948492304
57.68072260125992	1.4478624393009478	7.999390364841111	0.02729200259240823	0.0019721580469906643	0.025425962571689956
57.96623435847657	1.5660544071241649	8.079771824276564	0.026608862556339284	0.002108219915263191	0.02530765007913762
58.251030937672766	1.685927553270168	8.162331945464892	0.025915667885857606	0.002219027593267324	0.02520975425333266
58.534190096857195	1.809649804045188	8.24656560428939	0.025213118401727873	0.002304255300134084	0.025135405792354286
58.81734925604161	1.9333720548202076	8.333066773989596	0.024495549322688128	0.0023600346418810843	0.025083901566611645
59.10050841522603	2.057094305595227	8.42168128912928	0.023761109904636056	0.0023814854486207543	0.025057092320207
59.380168212774116	2.188420379279801	8.510465667716009	0.023018551568535682	0.002367045079624651	0.02506054816845584
59.65832141679303	2.323020155880204	8.600005099880175	0.022262858238503495	0.0023073464479807953	0.025091586123092556
59.936474620811936	2.4576199324806067	8.690733256988555	0.02149053555592482	0.0021886613889323275	0.025147615511145
60.21548745218707	2.5902644159262587	8.782817567043253	0.021998583844657773	0.002821402220210932	0.025474400444499952
60.50271299588988	2.7042284094132207	8.88031398289175	0.023023689181606088	0.003595075241716474	0.025735309760553073
60.78993853959267	2.8181924029001806	8.978325374571714	0.024146008122376446	0.004258128844374434	0.025865174716554716
61.077164083295465	2.9321563963871426	9.076601414516688	0.025333889836539746	0.004810871947158228	0.02589564614293411
61.36852471687032	3.034297409095354	9.17808316061652	0.026580003033190167	0.005258738674041679	0.025851994133935338
61.664168510271566	3.1241920818529074	9.283176683049726	0.02787110221029003	0.0056055082923090315	0.02575285079245411
61.959812303672805	3.2140867546104603	9.388830478670256	0.02917097588802281	0.005852584793764884	0.025617465160983316
62.25545609707406	3.3039814273680137	9.49513694211912	0.030463795515914036	0.006006353624433647	0.02546166578999752
62.55707376820551	3.3706201225535417	9.608113979738782	0.031790283840453404	0.006073304176454393	0.025284375496606983
62.85944131957693	3.434339575191757	9.723060106274755	0.033105795322891894	0.006056183010569566	0.02510270470215458
63.161808870948356	3.4980590278299717	9.83942074286357	0.034394968647945307	0.0059612835242696	0.024927459454267824
63.465483731828726	3.553774137655124	9.95915315207296	0.03567170683519695	0.0057915431269650345	0.02475909240094899
63.77241223431693	3.589567979684399	10.085071144076952	0.036971235739905975	0.005540325677213641	0.024589256101350713
64.07934073680512	3.625361821713674	10.212929853587013	0.03763761183092215	0.0053857022086179875	0.0245537492333335
64.38626923929331	3.6611556637429485	10.342320393445702	0.036576051985075235	0.005640502170499035	0.02485154634517125
64.69439074478498	3.6823471403529187	10.474243031761564	0.035553422563706374	0.005823891086644372	0.02513548856173822
65.00305894117056	3.6968471164541814	10.605464409009919	0.034551316696466355	0.005946595325057181	0.02541092689688333
65.31172713755616	3.711347092555443	10.733110804748923	0.033561788546168085	0.006013291666187111	0.02567888621142226
65.62042261969842	3.7249236982436216	10.855582067152623	0.03258937122431904	0.00602627537311936	0.025935252011853805
65.92940842634378	3.72867550561876	10.972020314978414	0.03164002011096594	0.00598807589531067	0.026176053135205386
66.23839423298915	3.7324273129938987	11.079434574715128	0.030707569246468273	0.005900350359199128	0.026401274633258552
66.5473800396345	3.736179120369037	11.17606829021485	0.02979566036321355	0.005764578108383739	0.026607274773625803
66.8563458433282	3.7411629466911354	11.260109247092144	0.02890846010925921	0.005582636855545158	0.02679015798215386
67.16529058851424	3.747443805613146	11.329869248718023	0.028050454751242397	0.005356839011873222	0.026946114020387563
67.47423533370026	3.7537246645351567	11.383681881695631	0.027224621174828254	0.005089211184617036	0.02707210882439922
67.7831800788863	3.7600055234571674	11.419799238690821	0.02643409670890178	0.00478195794550272	0.02716500506530377
68.09140252050388	3.781379941584337	11.437071138045283	0.025864053959638766	0.00453830413610237	0.027177525100573516
68.39953523299653	3.8046293772503885	11.435395802128392	0.02568252650301918	0.004489243238434028	0.027090036073857356
68.70766794548916	3.827878812916439	11.416600290970148	0.02548239967659985	0.004436119008120294	0.027009940178542538
69.0156867087066	3.852499490708195	11.382902970563828	0.025263690914735216	0.004379157757624694	0.026937385051363023
69.32343051288808	3.880428968948354	11.336750801514986	0.025023759321709062	0.0043182213995775435	0.026873797456378704
69.63117431706956	3.9083584471885127	11.279845670293813	0.024761767187216333	0.004249870844376998	0.026818825372875832
69.93891812125106	3.9362879254286716	11.214165167811826	0.02447782920422857	0.00417267635093135	0.026772354107882913
70.2472743284064	3.9555180250720263	11.139542789605628	0.024188088018860736	0.004083892453624431	0.026725626262793595
70.55589591591973	3.9709783125085805	11.058429814289417	0.023892660639652553	0.003985951688060867	0.02667941709632309
70.86451750343306	3.986438599945134	10.973507929264228	0.023586359661687414	0.003878652839092896	0.026636617840216446
71.17317912604177	4.000238768286914	10.886114809764631	0.023277639464329092	0.003765333793009802	0.026599518192163274
71.4821871919562	3.999673112307679	10.79367664390388	0.02300525791843839	0.0036446770898833337	0.02653007094744783
71.79119525787064	3.9991074563284443	10.702245287624951	0.022738956173295355	0.0035237366818114207	0.026462869925154918
72.10020332378507	3.9985418003492095	10.613728949554432	0.022714470447227932	0.003623251132119433	0.026476297161734615
72.40921064769498	3.998828082817875	10.52946117102785	0.023226449043222422	0.004181223334971551	0.026622736505824265
72.7182172594732	3.999932005009272	10.449039027841808	0.023795101571736546	0.004723949521290338	0.026710605332053498
73.02722387125144	4.001035927200668	10.371606033283781	0.024436705353418166	0.005264011649538892	0.026757905073190966
73.33623048302967	4.002139849392066	10.296606278067788	0.025132481003381772	0.005778678766857224	0.02674626066226724
73.64523833087179	4.001656893059483	10.222838340351794	0.025861575008751317	0.0062430341837771035	0.02665846520401028
73.9542462874344	4.001034359634785	10.150332040245404	0.026637094961737395	0.006676518247167447	0.02652466624449259
74.26325424399701	4.000411826210087	10.078598665817472	0.027457754081976884	0.007078112078899914	0.026349741924382747
74.57226238257	4.000065512798049	10.007205665057151	0.028322511667410226	0.007447222140814039	0.02613827913446108
74.88127089120982	4.000280815032561	9.93572326894971	0.029228506520667427	0.007781830129774269	0.025893211601305845
75.19027939984966	4.0004961172670725	9.863372824554277	0.030167988910194683	0.00807445028913843	0.025613268360494525
75.49928790848949	4.0007114195015845	9.789606507110232	0.031137564579280422	0.008323083368883233	0.02530184366873868
75.80813023692289	4.00949515175795	9.71745737163092	0.03212000157726228	0.008543442059158707	0.024975332595458366
76.11691471674605	4.021261620523486	9.644115125366351	0.032787584576253206	0.008742471591696943	0.024863131485287245
76.4256991965692	4.033028089289022	9.568123044904782	0.03297488671689445	0.008991828762305743	0.02515578941755469
76.73451845993964	4.042963069410168	9.488853105188369	0.03316452416554107	0.009239448917517653	0.02545468290102712
77.04352704178356	4.042929697785618	9.40287330839184	0.033377243845892676	0.009475465615671782	0.025747904454700266
77.3525356236275	4.042896326161068	9.314609230445056	0.033584109672012454	0.00971209660712516	0.026046963338080067
77.66154420547144	4.042862954536519	9.224212248008614	0.03378505524850928	0.009949241523365853	0.026351925946557647
77.97051615690472	4.039256256722682	9.13021459963962	0.033987835834387976	0.01018254081753953	0.026656690055523416
78.27946048572718	4.032954950881354	9.033083947886636	0.034189005863241945	0.010413073195939539	0.026961858708928588
78.58840481454963	4.026653645040026	8.93416080562357	0.034382153359465054	0.01064398617068005	0.0272719303454287
78.89734914337208	4.0203523391986975	8.833587885659252	0.03456715350497703	0.010875176075500885	0.02758702978310411
79.20631373700328	4.015140018277542	8.732038155188887	0.03474217153367157	0.011107778957448331	0.02790958070412873
79.51527861009865	4.00994271512654	8.629160063910401	0.03490911704182883	0.01134042011539131	0.028237635382317425
79.824243483194	4.004745411975536	8.525097447866644	0.03506789658390523	0.011572961435038193	0.02857128285791459
80.13314796099928	3.9972336903003542	8.418818465594464	0.03500438700539907	0.01169124450058627	0.02877747045200153
80.44196339936055	3.986309872442155	8.30979112500354	0.034670321785574734	0.011649330917978212	0.028798700514848178
80.75077883772182	3.9753860545839546	8.199775520271595	0.03433536052342411	0.011602155912380105	0.028816228321219876
81.05959427608309	3.964462236725755	8.088816370306496	0.033999637958178876	0.011549748561405787	0.028829919131884985
81.36700549193336	3.934372249420641	7.966830001283268	0.0337433641003425	0.011441925618556358	0.028750868909082388
81.67411541091344	3.9001698747822324	7.841542993616741	0.03350009024803191	0.011314631400650055	0.0286434940443776
81.98122532989353	3.8659675001438236	7.715153882574723	0.03325226646126812	0.011178343394011326	0.02852635139501247
82.28730899253163	3.825196758385704	7.584368492935047	0.03302530900884385	0.011013875974632258	0.028367580786331434
82.59021513275135	3.7640888621361244	7.442175674826043	0.03286663651786199	0.010776987095380853	0.028099467140830947
82.8931212729711	3.7029809658865425	7.298973584593558	0.032693241702539524	0.01052487335358827	0.027820845128686364
83.19602741319082	3.6418730696369606	7.154827522306149	0.03250427956567995	0.01025763035553557	0.027532559747094273
83.49437462604524	3.562512475317554	7.001245405416548	0.03235394347556256	0.009912335440221397	0.027150202635196373
83.79044019824275	3.4740168159537625	6.8427505335650025	0.03219966874232043	0.009514400696005103	0.02672269690661754
84.08650577044025	3.385521156589972	6.6837378377244345	0.031854049962863076	0.009085034290695362	0.026385851305788945
84.38172938698744	3.294616052738115	6.523326997807771	0.031104459781061668	0.00863446893600713	0.02628566580209495
84.66847658184747	3.1794537715572737	6.352962789591113	0.030379963972417157	0.008137473026161936	0.026135274528864636
84.95522377670748	3.064291490376432	6.183024046613893	0.029617392157876905	0.007673001607486978	0.026035293150752283
85.2419709715675	2.9491292091955903	6.013738254490519	0.028825617767733704	0.007234173854491851	0.025976848237465107
85.52489217099749	2.8252091628739935	5.842440079552755	0.028026903870786088	0.0067949937558204	0.025927774746773193
85.80422257675045	2.693069732011168	5.669900690115044	0.027221800460550477	0.006355066067794404	0.025889232072625393
86.08355298250342	2.560930301148343	5.499267795933126	0.02640168443976986	0.00592554971397929	0.02587948810350478
86.36288338825638	2.4287908702855177	5.330867638879075	0.02557241551461795	0.005497446121709767	0.025892683133237726
86.63793290000808	2.2879774675796876	5.162790241351699	0.02474992507178787	0.005050100461102438	0.02590547503412783
86.91272360718278	2.146639673563741	4.997722806582296	0.023926023986181773	0.004585423402188347	0.025933715141962195
87.18751431435749	2.0053018795477953	4.836134143340182	0.023103010265155745	0.00408854364276758	0.025975573994895366
87.46195366740263	1.8632865214659047	4.678184119311947	0.022283372574278284	0.0035354498281989703	0.02602809350492492
87.73579932932014	1.7201262678484046	4.524067027164794	0.02146778868960767	0.002883031213487268	0.026090365759236657
88.00964499123765	1.576966014230904	4.374238733065314	0.020680332507952745	0.0020487137125651004	0.02615636290576303
88.28349065315516	1.4338057606134038	4.228768285641237	0.020622565753910183	0.0017858098497241617	0.025944657912173208
88.56038935047063	1.2966849059784749	4.088478419773646	0.020541234387437855	0.0015537201389336356	0.025716296661823495
88.83804054491262	1.1610526126563805	3.95213098901266	0.02043277031291758	0.0013452633673922323	0.025468394155004195
89.11569173935456	1.0254203193342861	3.8190625346571365	0.020294255153618983	0.001156934465261539	0.025201362656363725
89.39495306324983	0.893321157171509	3.689420575105907	0.020125396576957118	0.0009891972242821955	0.02492346420318895
89.67947225923234	0.7727594224281564	3.5640172605460707	0.01993043284659626	0.0008446532346457779	0.024651221274927464
89.96399145521485	0.6521976876848006	3.440423874214158	0.01970242992356579	0.0007116210322004128	0.0243672206754944
90.24851065119738	0.5316359529414446	3.3182217219835946	0.019440139364055285	0.0005876887032966819	0.024072710848700208
90.5398507228697	0.4295864137623865	3.200665329354705	0.019161890512161005	0.0004814829470369564	0.02380365369576661
90.83457575381178	0.33672382224644165	3.085810461438919	0.018863130813152554	0.00038391058281586404	0.02354480622617983
91.12930078475385	0.24386123073049687	2.9717388912170106	0.018535092334750584	0.0002873047344061809	0.023279495081651266
91.42516774720208	0.155971142615317	2.8596617531474235	0.018185361605858097	0.0001926869335732097	0.023017965903935133
91.73087819669914	0.11094419695862598	2.759657887337581	0.017881033448172236	0.00011976743442813169	0.02283881186166271
92.0365886461962	0.06591725130193497	2.661210551143513	0.017755465330209354	0.0006725287671602252	0.022629362747862924
92.34229909569326	0.020890305645243967	2.5644968938055577	0.01900371857074563	0.0017994580007262805	0.022281192109800507
92.64979489880419	0.0002843389131538598	2.4774203734124813	0.020213318154399695	0.0021423545981989834	0.022094643730775822
92.95880347035643	0.0003707918426964369	2.399000816742906	0.021359226514187046	0.002220160795989418	0.02205520202864513
93.26781204190868	0.000457244772239014	2.3227114847169825	0.022407741744365255	0.0021497248904710415	0.022113088360089315
93.57682061346092	0.0005436977017815912	2.24852658200672	0.023365522093370755	0.001987040327948987	0.022261644476671838
93.88582919667198	0.0005353399076945877	2.176389810059364	0.0242391695768762	0.0017659634920080649	0.02249408901656992
94.19483778014101	0.0005248841334583675	2.10630649211139	0.025035414148767348	0.001509697067500839	0.022803939582474675
94.50384636361005	0.0005144283592221472	2.038251925132183	0.025760904099189023	0.0012352631286970438	0.023184552642681766
94.81285494706152	0.0005034811008616357	1.9722005655298744	0.026422286284468337	0.0009557112872306469	0.023629280965987754
95.12186353048844	0.0004918472150985988	1.9081269670430503	0.02702620796650357	0.0006813115007923273	0.024131477770223606
95.43087211391537	0.0004802133293355619	1.8460059368664812	0.027579316792895298	0.00042025964327647774	0.024684496190012745
95.73988069734231	0.00046857944357252507	1.78581206327581	0.028088260392712353	0.00017911934518269551	0.02528168859628629
96.04888928023902	0.00044741418380579376	1.7275174206425816	0.028448744977141775	2.825897350519911e-05	0.025766281888857528
96.35789786304785	0.00042466900656765416	1.6711114179739541	0.028185814798527116	0.0002402080471032954	0.025485231575190597
96.66690644585668	0.00040192382932951456	1.6166129464773025	0.027888403703249662	0.00045692569562349707	0.025238659878036696
96.97591502865671	0.0003790601853839553	1.5640452680254753	0.02755435795058283	0.0006739638576783138	0.025028720600221557
97.28492361143626	0.0003559204460184161	1.5134316294813208	0.027181523878982924	0.0008862326898993931	0.024857567459975836
97.5939321942158	0.00033278070665287757	1.4647953686226092	0.026767747820700887	0.001087775448152513	0.024727353966361616
97.90294077699531	0.0003096409672873383	1.418159744427816	0.026310876172096518	0.0012714334134853445	0.02464023372301919
98.21194935994616	0.0002889648718953153	1.3735485134811696	0.02580875460988015	0.001428315097230737	0.02459836026012121
98.52095794295576	0.0002691342497356792	1.3309845422009563	0.025259229803500143	0.001546872973925474	0.024603887721045277
98.82996652596539	0.00024930362757604314	1.2904908861208448	0.02466014848716305	0.00161115257195445	0.024658969686516645
99.13897510903215	0.00023050394140359376	1.2520909672308886	0.02400935671029101	0.0015969342729709314	0.024765759931634317
99.44798369234158	0.00021608291107452646	1.2158086121401364	0.02330469897883537	0.0014611535671253755	0.024926413706276393
99.756992275651	0.00020166188074545915	1.181666200179339	0.022544023750143645	0.0010975874019509067	0.02514308351980018
100.06600085896042	0.00018724085041639182	1.1496869071996563	0.021827277531082417	5.179124192203412e-07	0.025347999499806317
100.37500944247296	0.00017987411714777283	1.119887000634829	0.021463069836505904	1.1811554076067739e-06	0.02531884803771004
100.68401802610047	0.00017650175868574273	1.0922633643852226	0.021098859656488663	1.695937702159395e-06	0.025289699682550716
100.993026609728	0.00017312940022371263	1.0668104593872927	0.020734649808767488	2.175013769806007e-06	0.025260551840397775
101.30203519335696	0.00016994748745626293	1.0435235089142127	0.020370440124011437	2.643417202854225e-06	0.025231404574443846
101.6110437770005	0.0001687343005507944	1.0223980442520058	0.020006228946627794	3.1268744807434373e-06	0.025202258254745494
101.92005236064406	0.00016752111364532596	1.0034288977764412	0.01964201791544667	3.616729360051477e-06	0.02517311209293741
102.22906094428761	0.00016630792673985747	0.9866112659736597	0.019277807029477553	4.11476199694211e-06	0.025143966090010114
102.53806952792803	0.00016453569715410934	0.9719402330435281	0.018913596868517908	4.6139716806387475e-06	0.025114820257982996
102.84707811156579	0.00016228679279399732	0.9594110079332541	0.01854938741039615	5.11312197988179e-06	0.025085674731699103
103.15608669520353	0.00016003788843388524	0.9490188856015792	0.018185178177436135	5.617967209158746e-06	0.025056529543955253
103.46509527884128	0.0001577889840737732	0.9407590680881418	0.017820969167801654	6.1281974225043465e-06	0.025027384696587624
103.77410386248684	0.00015733766861796879	0.9346271450454414	0.017456758224762923	6.681679430380229e-06	0.024998239542201827
104.08311244613245	0.00015689873795221126	0.9306176799590747	0.017251643240449886	6.978071213129695e-06	0.02497486533743431
104.39212102977807	0.0001564598072864537	0.9286990531366075	0.01747894425520018	6.552800785024056e-06	0.024967176231658363
104.70112961342325	0.00015661908549630853	0.9287908105928099	0.017706244562908736	6.146875300816642e-06	0.024959486864913116
105.01013819706789	0.0001575142985550843	0.9308071178504382	0.017933544016252526	5.760443941784558e-06	0.024951797250520203
105.31914678071252	0.00015840951161386006	0.9346619519713716	0.018160843510126628	5.378101132327048e-06	0.024944107670137987
105.62815536435716	0.0001593047246726358	0.9402694494079151	0.01838814304492115	4.999829898634622e-06	0.024936418123376363
105.93716394800082	0.0001582903730890456	0.9475433550076277	0.018615444847069347	4.59792479060662e-06	0.024928729039153146
106.24617253164436	0.00015707660006426946	0.9563981712263641	0.018842746881668048	4.20176791288488e-06	0.024921039907021766
106.55518111528791	0.00015586282703949328	0.9667480784436764	0.019070048913674593	3.814109952759677e-06	0.02491335067641624
106.86418969893096	0.00015453912726500987	0.9785071934400175	0.019297351067233202	3.433193125154906e-06	0.02490566136232124
107.17319828257317	0.00015302362960268023	0.991589639280523	0.019524653430215574	3.0577824470073685e-06	0.024897971963347046
107.48220686621539	0.00015150813194035059	1.0059095907088438	0.019751955782387184	2.689024613573285e-06	0.02489028244899387
107.7912154498576	0.00014999263427802097	1.0213811836670224	0.019979258123087606	2.3250327485327015e-06	0.024882592819922084
108.10022403350192	0.00015043867023915262	1.0379187539149968	0.020265086069066022	2.429358338923836e-06	0.024893954712168632
108.40923261714664	0.0001513006802919349	1.0554259133343458	0.020672837209815765	3.106036878316808e-06	0.024945005019762437
108.71824120079138	0.00015216269034471722	1.0737904937945622	0.0210805881646665	3.4663502173334202e-06	0.02499605597432916
109.02724978443199	0.0001536673620203182	1.092899097349876	0.021488338220142348	3.6366748189672623e-06	0.02504710814566537
109.33625836806239	0.00015676420830903372	1.1126383805347981	0.02189608630655893	3.6766882225910907e-06	0.02509816316073501
109.6452669516928	0.00015986105459774925	1.132894548896998	0.022303834170574126	3.5989485669500713e-06	0.02514922005465423
109.95427553532322	0.00016295790088646477	1.1535540934524648	0.022711581804426128	3.420008074252339e-06	0.025200278835184813
110.26328411892607	0.00016799599658658826	1.1745038576981695	0.023119326997241858	3.1648303847784985e-06	0.025251343355853797
110.57229270251983	0.00017367462106584425	1.1956301060808088	0.023527071176268493	2.828018866317133e-06	0.025302412298408846
110.88130128611358	0.00017935324554510025	1.2168192185033309	0.02393481504891111	2.409530119702951e-06	0.025353484584743444
111.19030986969625	0.0001855334580903014	1.2379577852470198	0.02434255801673044	1.9151330665793896e-06	0.025404561640162582
111.49931845323917	0.00019351246780336848	1.2589325581271156	0.024750298522088914	1.3493893195347868e-06	0.025455647910110193
111.80832703678209	0.0002014914775164355	1.2796297005010158	0.025158038620703142	7.048984617112463e-07	0.025506738854632886
112.11733562032498	0.00020947048722950252	1.299936526103289	0.02537409237477683	4.006369584444091e-07	0.025567090130489006
112.42634420387711	0.00021708132240491255	1.3197761135308352	0.02527701902693267	7.453736618441598e-07	0.02564258162545067
112.73535278743341	0.00022452361849458093	1.3391207698998853	0.02517994598449363	1.0746647589784043e-06	0.025718101564069146
113.04436137098972	0.0002319659145842493	1.357946350535493	0.025082873038756507	1.3860987948567404e-06	0.025793650676848332
113.35336995454125	0.00023959240813834016	1.376228716344842	0.024985799971954072	1.677397151115686e-06	0.025869231200747585
113.6623785380668	0.00024821776419241607	1.3939438785047469	0.024888725864488998	1.948211960953835e-06	0.025944855674549024
113.97138712159236	0.000256843120246492	1.4110674327539938	0.024791651857947142	2.192364045070913e-06	0.026020513971314337
114.2803957051179	0.0002654684763005679	1.4275751925157716	0.024694577943198518	2.405479394941287e-06	0.02609620610017351
114.589404288645	0.00027403861860246444	1.4434429548011847	0.02459750417146141	2.5821686416715943e-06	0.02617193097033323
114.898412872173	0.00028257593999920323	1.4586465330334442	0.02450043050758448	2.716190519771685e-06	0.026247688756860635
115.207421455701	0.00029111326139594207	1.473161741752106	0.024403356906281388	2.79969080899815e-06	0.026323480058457284
115.51643003923192	0.0002995371833836521	1.4869643537868322	0.02430628347892231	2.821643865444293e-06	0.026399301959640475
115.82543862278905	0.00030694530537397023	1.500029913956571	0.024209211162709663	2.7638721566519847e-06	0.026475128765272596
116.13444720634618	0.00031435342736428834	1.512334978100218	0.02388880257407105	2.9848666833920445e-06	0.02652183049438612
116.4434557899033	0.0003217615493546064	1.5238712062783966	0.023278423397430546	3.6531248388540014e-06	0.026530725068992924
116.75246437348488	0.00032798562239307874	1.534648123084186	0.022668046732646493	4.299781024101333e-06	0.026539627442778706
117.0614729570845	0.00033333599195341376	1.54467674037262	0.022057671975836617	4.922764292166025e-06	0.026548537841649913
117.3704815406841	0.00033868636151374845	1.5539682535576325	0.02144729835066418	5.5249201686020555e-06	0.02655748587820004
117.67949012428517	0.00034393216198879757	1.5625335679724284	0.020836925901700963	6.104215469350118e-06	0.026566466541158785
117.98849870791301	0.00034727616435771677	1.5703830463783581	0.020226555186181227	6.6440598754437486e-06	0.026575386262609704
118.29750729154085	0.000350620166726636	1.5775282195702713	0.01961618515217786	7.156301515700479e-06	0.026584329533521977
118.60651587516868	0.0003539641690955552	1.5839800280432075	0.019005815798698866	7.63954469033621e-06	0.026593296354887618
118.91552445880365	0.00035643660794650793	1.5897491238112127	0.018395447122718015	8.083117998158987e-06	0.02660223270237795
119.2245330424449	0.0003581378141110656	1.5948464724572957	0.017785078845156874	8.48468802382799e-06	0.02661113596482803
119.53354162608615	0.0003598390202756232	1.5992832686662757	0.017174710881864706	8.850047844813133e-06	0.026620051240120252
119.8425502097274	0.0003615049900995413	1.6030704425787132	0.01656434322056424	9.176784004008625e-06	0.026628975973277597
120.15155879336915	0.0003598958492467729	1.6062174936671292	0.016166116694034855	9.477659249768902e-06	0.026715656094965762
120.46056737701089	0.00035828670839400446	1.6087281691020887	0.01598827821426404	9.828542413237321e-06	0.02688336623496319
120.76957596065265	0.00035667756754123597	1.6105969381369487	0.015810439772298682	1.018125690132438e-05	0.027051088056416334
121.07858454429122	0.00035460118405438525	1.611817734722745	0.01563260120119736	1.0528782952685697e-05	0.027218792760128608
121.38759312792655	0.00035204317684721804	1.6123846477193053	0.015454762509163703	1.0870028087242868e-05	0.0273864846030702
121.69660171156191	0.0003494851696400509	1.6122919410285879	0.01527692387260544	1.1211810381637332e-05	0.027554195020325377
122.00561029519726	0.00034692716243288373	1.6115337104601966	0.015099085291370464	1.1554048461241908e-05	0.027721924012046244
122.3146188788341	0.0003445558242533527	1.6101041182374833	0.014921246824901854	1.1899893363090175e-05	0.027889680372113573
122.62362746247098	0.0003421891059142539	1.6079971945223828	0.014743408411371442	1.224634887356879e-05	0.028057454151820555
122.93263604610783	0.00033982238757515506	1.6052070316963787	0.014565570049120005	1.2593263249784276e-05	0.028225245116893984
123.24164462974771	0.00033796926110615317	1.6017279125744297	0.014387731887510347	1.2950423141113848e-05	0.028393071865884682
123.5506532133911	0.00033671685860860737	1.5975539685479707	0.014209893936547794	1.3320459998262686e-05	0.028560931641446706
123.85966179703449	0.00033546445611106157	1.5926790740762564	0.014032056015663184	1.3692170455484033e-05	0.02872880050809129
124.16867038067788	0.00033421205361351577	1.587099483798158	0.013892927186925405	1.367304294277893e-05	0.028838760852803996
124.47767896432282	0.00033486147379058813	1.5808526320630116	0.0137860058060587	1.3344881235637896e-05	0.02890058483903887
124.78668754796783	0.00033561613957545233	1.574010424081309	0.013679084412025058	1.2987606089170449e-05	0.028962409573092374
125.09569613161284	0.0003363708053603165	1.5666466452399213	0.01357216297724746	1.259585015204177e-05	0.029024232260698852
125.40470471525789	0.00033710280673019565	1.5588351115495676	0.013465241496930153	1.2165299116410768e-05	0.029086052424342958
125.71371329890303	0.00033780546638150584	1.5506496446479014	0.013358319970604712	1.169105060207447e-05	0.02914787002565522
126.02272188254815	0.00033850812603281597	1.5421640807167052	0.013251398404587535	1.1167537549460878e-05	0.02920968572330241
126.33173046619328	0.0003392107856841261	1.5334522438372564	0.013144476798753555	1.0586794890015941e-05	0.0292714995174096
126.64073904983874	0.00033876566583248673	1.5245874636694094	0.013037554981218771	9.921284667514017e-06	0.029333293503351485
126.94974763348421	0.0003382282861368695	1.5156440057687655	0.012930633143610776	9.173951439726406e-06	0.029395087415013066
127.2587562171297	0.0003376909064412524	1.5066957347016308	0.012823711301131841	8.324185843097915e-06	0.02945688281778501
127.56776480077252	0.00033652727810745524	1.4978161982977298	0.012716789386869197	7.329178058769873e-06	0.02951867251375835
127.87677338441173	0.00033448783774098483	1.4890791059072799	0.012609867404720407	6.122915393693872e-06	0.02958045654711478
128.18578196805095	0.00033244839737451453	1.4805557564771752	0.0125200486840609	5.427983297549798e-06	0.029590629618396792
128.49479055169016	0.0003304089570080442	1.472273625400206	0.012441574316579374	5.204854899790301e-06	0.029566568030891725
128.8037991353173	0.00032702816171147124	1.4642262537870232	0.012363099865189242	4.961309199979635e-06	0.029542495398290916
129.11280771894323	0.00032351431145813186	1.4564074775772078	0.01228462543350987	4.705932853366333e-06	0.029518423217234933
129.42181630256917	0.00032000046120479254	1.4488106500231208	0.012206151032191272	4.438004424944581e-06	0.02949435271150337
129.73082488618718	0.00031590669259622166	1.4414288065380023	0.012127676625273606	4.151384992724282e-06	0.029470279099816428
130.03983346979348	0.0003109576283756516	1.4342551226022353	0.012049202204662946	3.841904238116704e-06	0.029446200591867148
130.34884205339978	0.00030600856415508146	1.4272832714260546	0.011970727827279613	3.511190627301578e-06	0.029422124443054015
130.65785063700608	0.00030105949993451133	1.4205065434075619	0.011892253493163198	3.1527645718530787e-06	0.02939805065333745
130.9668592206032	0.0002955683845152117	1.4139179954406846	0.011813779178372563	2.753535147016259e-06	0.02937397527021523
131.27586780419927	0.0002900169197119051	1.40751112580188	0.011735304909363007	2.2971070942058825e-06	0.029349902078725867
131.5848763877953	0.00028446545490859855	1.4012792460705257	0.011656830689117888	1.7399946026755411e-06	0.029325831533251474
131.89388497139896	0.0002793868352922718	1.3952158351551809	0.011578356532269518	9.151237961184296e-07	0.02930176674362238
132.20289355501413	0.0002750264423511815	1.3893148743959458	0.011505221256045176	6.632419443384374e-07	0.029252833952906895
132.5119021386293	0.0002706660494100912	1.3835772650789617	0.011434878156051858	9.740258779927174e-07	0.029190881052199528
132.82091072224446	0.00026630565646900095	1.3780090558857132	0.011364534963863974	1.2007917550007522e-06	0.029128915297491238
133.12991930586713	0.0002625218770811784	1.3726166090186647	0.01129419171868221	1.3869358605368587e-06	0.02906694354169274
133.43892788949074	0.0002588053476086098	1.3674058530022484	0.011223848398782035	1.5467241124108393e-06	0.0290049615300624
133.74793647311432	0.0002550888181360412	1.3623828956620518	0.011153505000301359	1.6875391804211475e-06	0.028942968562475607
134.05694505674006	0.00025156497663673564	1.3575539446599987	0.011083161542452546	1.8144894934663398e-06	0.028880967781017605
134.3659536403691	0.00024833568305286647	1.3529251700017375	0.011012818042581782	1.930986882135639e-06	0.028818961848849214
134.6749622239982	0.0002451063894689973	1.3485025923084768	0.0109424744744327	2.038008326818338e-06	0.0287569463970466
134.98397080762723	0.00024187709588512809	1.3442923453014874	0.010872130838004297	2.136969631103963e-06	0.02869492142561081
135.29297939126056	0.00023909017657746008	1.3403007241661289	0.010801787196119966	2.231002840541773e-06	0.028632896756302758
135.6019879748944	0.0002363542092293807	1.336533716037122	0.01073144350308623	2.319334106216233e-06	0.028570865077789834
135.9109965585282	0.00023361824188130123	1.3329974354489058	0.010661099752205111	2.402385902738073e-06	0.02850882533391874
136.22000514215932	0.00023060842785246958	1.3296975291198634	0.010599062458700537	3.1403135401484474e-06	0.028425546307911193
136.5290137257863	0.00022718657226747637	1.3266358459743188	0.01054038558599464	3.906790195689051e-06	0.02833367887107901
136.8380223094133	0.00022376471668248318	1.3238122322893655	0.010481708789075481	4.522877850229563e-06	0.028241822624673688
137.14703089304027	0.00022034286109749002	1.3212263613175899	0.010423032067996506	5.044186964532529e-06	0.02814997756864179
137.45603947666933	0.00021711689372951542	1.3188779755195725	0.010364355444988578	5.500410321147652e-06	0.028058147203627076
137.76504806029862	0.00021391195366111428	1.3167666881322295	0.010305678895658865	5.905581744635997e-06	0.027966327729741634
138.07405664392795	0.00021070701359271316	1.3148921676269176	0.010247002417440011	6.26956180468026e-06	0.027874518736780162
138.38306522755622	0.00020740211610059754	1.3132540563813662	0.010188326002444216	6.597720375114577e-06	0.027782718928639427
138.69207381118287	0.00020395224011857154	1.3118520172007215	0.01012964965103607	6.89404356188053e-06	0.027690928285402427
139.00108239480954	0.00020050236413654554	1.310685778586753	0.010070973376416463	7.164509967304672e-06	0.02759914892384561
139.31009097843622	0.00019705248815451957	1.3097550198979084	0.01001229717863901	7.412083372747094e-06	0.027507380843915383
139.61909956205977	0.00019333337164631625	1.3090593318648844	0.009953621048531508	7.633803684435714e-06	0.027415622315326453
139.92810814568298	0.00018958902724717835	1.3085984787490221	0.009894945000878261	7.835879348737366e-06	0.027323875827750112
140.23711672930625	0.00018584468284804043	1.3083722094082688	0.009837591519884017	7.915651738780731e-06	0.027228153552455798
140.54612531292943	0.0001820955804699247	1.3083807392766684	0.009780639007972769	7.955891661306786e-06	0.027131223565682924
140.85513389655256	0.00017833995381330505	1.3086245174276179	0.009723686488486814	7.989690290208031e-06	0.027034293577197503
141.16414248017566	0.00017458432715668538	1.3091039956547463	0.009666733961599352	8.017345555262222e-06	0.026937363615724956
141.47315106379875	0.0001708287005000657	1.309819622115774	0.009609781427346252	8.038999517510743e-06	0.0268404336812294
141.7821596474226	0.00016713091790522615	1.3107718608030143	0.009552828887243186	8.056173083049426e-06	0.02674350402765409
142.09116823104642	0.0001634374726266976	1.3119611401695868	0.009495876340065096	8.067758569446372e-06	0.026646574419606855
142.4001768146703	0.00015974402734816908	1.313387902530162	0.00943892378574023	8.073754483698918e-06	0.026549644837993026
142.7091853982976	0.00015636637023538877	1.3150526800477529	0.009381971233230778	8.082414829442767e-06	0.026452716666004503
143.0181939819292	0.0001533908392805946	1.3169559334750816	0.009325018685931719	8.096647272949408e-06	0.026355790278169006
143.32720256556078	0.00015041530832580043	1.3190979864177468	0.009268066132862707	8.106367932635739e-06	0.026258863911641263
143.6362111491924	0.00014743977737100624	1.321479277811192	0.009211113574052177	8.111653624149887e-06	0.026161937566392818
143.9452197328341	0.00014585302953238754	1.324100621495942	0.009154161053700694	8.151475263835559e-06	0.02606501730618051
144.2542283164763	0.00014433852509615987	1.326961768639898	0.009104209613762284	8.196728336085281e-06	0.02597088591417246
144.56323690011854	0.00014282402065993223	1.3300605918047614	0.009055766733939454	8.240163018050567e-06	0.025877355288661155
144.87224548376238	0.00014184031948558893	1.3333941906828537	0.00900732386572014	8.296013101113346e-06	0.025783826925225475
145.18125406740808	0.00014147407930916136	1.3369595435767634	0.008958881017914488	8.367553838528061e-06	0.02569030127227852
145.4902626510538	0.0001411078391327338	1.3407534424848393	0.008910438167257987	8.437020461799067e-06	0.025596775593191727
145.79927123469952	0.0001407415989563062	1.344772844862998	0.008861995313755004	8.504476333068497e-06	0.025503249887960728
146.1082798183454	0.00014080007112414426	1.3490148226852954	0.008813552480052885	8.58293672910139e-06	0.02540972611634246
146.41728840199136	0.00014086944527287135	1.3534762232299085	0.00876510964677311	8.66007892220606e-06	0.025316202400248344
146.72629698563728	0.00014093881942159843	1.3581540015207703	0.008716666813367654	8.735620010588877e-06	0.02522267868977141
147.0353055692832	0.00014093826429549078	1.363045096398601	0.008668223975455067	8.807419127718394e-06	0.025129154654585265
147.34431415292912	0.0001408645289469718	1.368146464646157	0.00861978113217004	8.875363242226195e-06	0.025035630271563136
147.65332273657503	0.00014079079359845283	1.3734550841034041	0.008571338287870408	8.9417620253578e-06	0.024942105883718913
147.96233132022095	0.0001407161113420689	1.3789679124944865	0.008522895442488933	9.006625030403339e-06	0.02484858148647513
148.27133990386668	0.00014034987316724387	1.3846820735227436	0.00848162433663248	9.05812844383778e-06	0.024754793693312044
148.5803484875124	0.00013998363499241888	1.3905962729334274	0.008441348844199842	9.107580816637884e-06	0.02466096949157649
148.8893570711581	0.0001396173968175939	1.3967096462441664	0.00840107334735844	9.155360996682557e-06	0.024567145248412588
149.1983656548033	0.00013899283821631537	1.403021258873944	0.008360797822322536	9.19297149083023e-06	0.0244733196565787
149.50737423844805	0.00013812861011217568	1.4095302529525773	0.008320522266965549	9.220858531356675e-06	0.024379492766973942
149.81638282209275	0.00013726438200803605	1.4162358307834468	0.008280246702152097	9.246918847746686e-06	0.02428566577866183
150.12539140573745	0.00013638890837579048	1.4231371257136811	0.008239971126687347	9.270811017444497e-06	0.024191838632782035
150.4343999893811	0.000135204067544189	1.4302331944068014	0.008199695506894786	9.282338669133038e-06	0.02409800975016822
150.74340857302477	0.00013401922671258754	1.4375232570798184	0.008159419874431527	9.291953734038837e-06	0.024004180731934444
151.05241715666844	0.00013283438588098607	1.4450064499750668	0.008119144229314597	9.299693984491201e-06	0.023910351578063697
151.3614257403119	0.0001315947342545238	1.4526818949345737	0.00807886856456564	9.30365912874441e-06	0.02381652198910537
151.67043432395513	0.0001303106435887804	1.4605487310321583	0.00803859288074642	9.304197857874188e-06	0.023722692012841884
151.9794429075984	0.00012902655292303702	1.4686061058144095	0.007998317183322078	9.302898786386796e-06	0.023628861889471095
152.28845149124172	0.00012775551327984851	1.476852615678104	0.007966547265993827	9.341128044063089e-06	0.023550191445232203
152.5974600748857	0.00012665728138423836	1.4852842420581414	0.00793538354204134	9.385560462078508e-06	0.02347260220156659
152.9064686585297	0.00012555904948862822	1.4938960738196807	0.007904219804774505	9.427090442607496e-06	0.023395012802380908
153.21547724217368	0.00012446081759301807	1.502683243509729	0.007873056054214338	9.465794339836217e-06	0.02331742324765416
153.52448582581815	0.00012352834185365855	1.511640923571244	0.007841892317922096	9.508124403319905e-06	0.0232398345208063
153.83349440946301	0.00012271155324595904	1.5207642330143476	0.007810728590136514	9.552428262301894e-06	0.02316224635659183
154.14250299310783	0.00012189476463825951	1.5300482756979294	0.007779564852308862	9.594369468361635e-06	0.023084658076852154
154.4515115767528	0.00012113410531968152	1.5394881968322227	0.007748401114734667	9.636240210368576e-06	0.02300707002657928
154.76052016039858	0.00012083506987296611	1.5490792229628894	0.007717237454939003	9.694446663728045e-06	0.022929484739063123
155.06952874404436	0.00012053603442625071	1.5588163766595995	0.007686073790995106	9.750853678872318e-06	0.022851899409723615
155.37853732769017	0.0001202369989795353	1.5686947900819879	0.007654910122908697	9.805505965112503e-06	0.022774314038555003
155.68754591133595	0.00012033493597480179	1.578709687431677	0.007623746532351413	9.874748719552619e-06	0.022696731178700535
155.9965544949817	0.00012066745449943517	1.5888561632775824	0.007592582991709884	9.952225312644968e-06	0.022619149858999796
156.30556307862744	0.00012099997302406856	1.5991294242567473	0.007567025461761874	1.0000737955037058e-05	0.022555116882907223
156.61457166227308	0.00012139848255341959	1.6095252768868982	0.007541531160668802	1.0051078852445e-05	0.02249123719054951
156.92358024591806	0.0001221727551076735	1.6200397223504783	0.007516036944405239	1.0116418385290201e-05	0.02242736014682963
157.232588829563	0.00012294702766192745	1.6306686012897929	0.0074905427323987426	1.0181216774770405e-05	0.022363483268391302
157.54159741320797	0.00012372130021618137	1.6414078415353266	0.007465048524641481	1.0245476493413946e-05	0.022299606555242348
157.85060599685295	0.0001244876192447649	1.6522533686819054	0.0074395543193005054	1.0308870566813203e-05	0.022235729950592892
158.15961458049793	0.00012525003565890154	1.6632011108603038	0.007414060117238055	1.0371569098306758e-05	0.022171853481269807
158.46862316414294	0.00012601245207303818	1.6742469958791288	0.007388565919330196	1.0433735964952873e-05	0.02210797717473466
158.7776317477774	0.00012549857500009136	1.6853866370627886	0.007363071421209065	1.0442403278990472e-05	0.02204409150902246
159.0866403313679	0.00011964425873219715	1.6966149562131985	0.007337575630055372	1.0224571408658422e-05	0.021980165322470886
159.39564891495837	0.00011378994246430293	1.7079291924124904	0.007312079803469322	9.998641077806802e-06	0.02191623788946115
159.7046574985488	0.0001079356261964087	1.719325283309597	0.0072865839415103585	9.764130597693924e-06	0.021852309209933803
160.01355572755065	0.007090997222525993	1.7325108880333486	0.007258863203365224	7.959268003760025e-05	0.021828790703358466
160.3224100792411	0.016852872489681696	1.7464205800034074	0.007144974600648768	0.00012190884687229653	0.021507698960451155
160.63126443093157	0.026614747756837392	1.760344921199548	0.007030962281078895	0.00015217356899701833	0.02118785983620136
160.93819135193291	0.05096000704146944	1.7776536762777013	0.006920951375403298	0.00021085872146309388	0.02098950782474094
161.2389769488526	0.12177193719832341	1.8054244330927978	0.006823690066076057	0.0003351783874524218	0.021180019828874307
161.5397625457723	0.1925838673551774	1.8325898203444728	0.0067258788334409745	0.0004335041095880085	0.02137905679239931
161.84054814269197	0.2633957975120314	1.859097013386088	0.006627535528933035	0.0005214526085924438	0.021586600863881006
162.1169108036955	0.3965047404214108	1.8975974404605471	0.006552496405045356	0.0006805315395382724	0.022349342195609107
162.38568053333864	0.5489814179639895	1.9386115598608038	0.006484920521638219	0.0008583068326233748	0.023296463852405292
162.65445026298178	0.7014580955065681	1.9781344575310977	0.006417566710063316	0.001036958006191059	0.024258707945184553
162.90313195729902	0.8780906926617966	2.020454758465078	0.006364632772885293	0.0012502929571798068	0.02546175470578161
163.1020606124398	1.1145514609315903	2.0713636573944534	0.006348628027782255	0.0015501884657313535	0.02723879495856212
163.30098926758058	1.3510122292013844	2.1200740894407923	0.006335670196342348	0.0018653609672612315	0.02903040098523947
163.49991792272135	1.5874729974711783	2.16652088636623	0.006325944958522796	0.002196979071098652	0.030836387105856414
163.64547919872882	1.8583500150030527	2.2153148264264084	0.0063526536935473105	0.0025972282998102053	0.032997748131648214
163.77881397334465	2.1371118177038713	2.26209903164192	0.006392433459388417	0.003030833550186009	0.03524602815804489
163.9121487479605	2.415873620404675	2.305398947349699	0.0064380926217149	0.003486352348198948	0.03750234579617196
164.03587283032581	2.6986611770089244	2.3452263375281905	0.006511471320979227	0.00397579174111194	0.039882810690457494
164.14102084581228	2.98922992895264	2.3813652317134038	0.006634903037147699	0.004513190865512939	0.04250723001763425
164.2461688612987	3.279798680896356	2.4124639816454754	0.006767707560220403	0.005076298172954738	0.04515648936776298
164.35131687678512	3.570367432840072	2.4379817222158464	0.006910083844330549	0.0056649402119516145	0.04783038978671048
164.4476289261279	3.863961080172566	2.4575071611414065	0.007063153986245407	0.006282013614738837	0.05053755140736201
164.54261755382515	4.1580077862841245	2.470263338525178	0.007179347601415246	0.006302827210677406	0.050853216773861364
164.63760618152241	4.452054492395683	2.476254414820635	0.00725971594439693	0.005799158137489546	0.04906947862115405
164.74368149913317	4.7419228410157475	2.4759864353840477	0.00734238493651003	0.005313038192893077	0.04729899259365573
164.86639571175488	5.025520314184154	2.470105908115122	0.007426236183087763	0.00484859440566118	0.04556065916100523
164.98910992437652	5.30911778735256	2.4593731040644657	0.007512313526168905	0.004390109313758738	0.04378221125994498
165.11182413699822	5.592715260520966	2.444378531424394	0.007600824905889038	0.003938362818924042	0.041963440950339534
165.26539809710744	5.860694931621649	2.4256871029210227	0.007685747069426099	0.0035242295984129115	0.04024967878334864
165.4212483953886	6.1275225712929124	2.403888781299661	0.007771681186323988	0.003117560640006013	0.03850016037981672
165.57709869366977	6.394350210964176	2.3795175557124773	0.007859275258684212	0.0027166986098206337	0.03670370819727507
165.75229212602883	6.647626903950871	2.3532730165778992	0.007942297104988939	0.0023442061162374313	0.03497472550398153
165.94983524092996	6.885246394990714	2.325557628895813	0.008018713615193658	0.002000856901190724	0.03332779135903757
166.14737835583105	7.1228658860305565	2.296573063608161	0.008095785123641371	0.0016596597521045676	0.03162909847637912
166.34492147073215	7.3604853770703995	2.266746189259119	0.008173761551503931	0.0013186628889483752	0.02987839693483429
166.5927893687292	7.544971936105094	2.2375760165187244	0.00822491709083298	0.001051082798389919	0.028509532579799855
166.84077490573935	7.729334291808868	2.207824854147973	0.008275460327073195	0.0007691217546071324	0.027092453774731934
167.08876044274953	7.9136966475126425	2.1777193895707763	0.00832565126369918	0.00044031383088576493	0.02562595272150218
167.3406400678963	8.092591523708798	2.1476127936871716	0.008298523487066868	0.0002148335646997261	0.025440595100158503
167.59594062141656	8.266683258547346	2.1174703232160383	0.008200552772740465	0.0002172311100183972	0.02638425155976981
167.85124117493686	8.440774993385894	2.08705649481429	0.008098789745300879	0.00022016942566754357	0.02728791230171319
168.1055057762083	8.61625856567246	2.0562466878996464	0.007992908143052943	0.0002542453673375449	0.02815640688416248
168.34554666521836	8.810852184196083	2.0247522276817485	0.007879988725242376	0.00032597366963788666	0.029083583656630073
168.58558755422843	9.005445802719706	1.9927108091865355	0.007766101573356196	0.00039370620302735346	0.029969938272564323
168.82562844323854	9.20003942124333	1.959961418334656	0.007651239460486879	0.0004593130411207103	0.030815477958872718
169.05476606808134	9.406933769826013	1.92640025082513	0.007532205727065542	0.0005246952847580803	0.031685291773530314
169.2767617202375	9.621885474147309	1.8918376542811413	0.0074100859431812435	0.0005902196403293722	0.03255621987216856
169.49875737239364	9.836837178468608	1.8560251569360058	0.007286959908852915	0.0006553964276366735	0.033385462587449975
169.71789709545735	10.054484455596985	1.8187969425381627	0.007162199491733072	0.0007205261422474576	0.034187601870074934
169.91967631711822	10.288517467099204	1.7801249770225296	0.007032660407593954	0.0007871696277418973	0.03503690295357734
170.12145553877912	10.522550478601422	1.739426899611976	0.00690211783828393	0.0008537549486135347	0.03584495905308003
170.32323476044002	10.756583490103642	1.6964364828683522	0.006770564152901485	0.0009201869690757755	0.03661177779948456
170.5101650570662	11.00229598940102	1.651151517711402	0.006635789741687957	0.0009877656395349472	0.037404713362245066
170.69007503732178	11.253530349653161	1.6029798757207585	0.006498999542083134	0.0010559122301732925	0.03818973518923694
170.86998501757736	11.504764709905302	1.5514501539510834	0.006361237125004645	0.0011239009988661896	0.03893529104398606
171.0447092468853	11.75936276635634	1.4963426927517662	0.0062220528853166755	0.001192059149719987	0.03966289616329682
171.20076004437465	12.02607319616703	1.4373874745321598	0.006125781961600489	0.0014483783762380973	0.040190600024657956
171.35681084186402	12.29278362597772	1.3740251401851908	0.00643069929617019	0.00257721628605706	0.0385243734400327
171.51286163935336	12.55949405578841	1.3068933071062294	0.006705049755928771	0.003145036680848175	0.036921159986295714
171.66611933833548	12.827812962472528	1.2367929955639447	0.006953919688246036	0.0034781214691335864	0.0353741081792411
171.81847721405745	13.096650055285906	1.1644617033731794	0.007177736784472941	0.0036655950688871813	0.03388353433827557
171.97083508977946	13.365487148099284	1.090659221897622	0.007377757627604529	0.0037513905242991365	0.03244868776357259
172.13042189747492	13.629768559069669	1.0161430272336116	0.00761072638455876	0.0038423415003307716	0.03133138986964539
172.30720599479224	13.883212216916085	0.9415566232273833	0.007829291525101163	0.0038974386819681885	0.030330762005634736
172.48399009210954	14.136655874762502	0.8675076373465784	0.008029538651756157	0.00390940411755197	0.02931420268799532
172.6607741894268	14.390099532608922	0.7946106700682939	0.008211615207484934	0.0038833174308620577	0.028281564473765945
172.86366781437664	14.622697257765383	0.7237469790804555	0.008359121743447865	0.0038308241405906624	0.02735271305942023
173.07167874175775	14.851209311838918	0.6547316721583443	0.008486540081194125	0.0037538562653147583	0.026428064511269878
173.2796896691389	15.07972136591247	0.5878903199167127	0.00859735783739222	0.00365333834284125	0.02548368160319667
173.5010543000088	15.29383865447731	0.5239477810420436	0.008682065433601414	0.0035400829074915463	0.024597290715579416
173.74451025058323	15.484142371983708	0.46277819041424045	0.008736104190859538	0.003425492448566753	0.023818718974187338
173.98796620115772	15.674446089490107	0.4037767605570225	0.00877634159294244	0.0032971159863841516	0.023018532803436176
174.23142215173215	15.864749806996503	0.34714669695772393	0.008802924166521701	0.0031556595483007792	0.022196585676654366
174.50586048765078	16.005693906658344	0.29373190870001437	0.008792530056902868	0.0030530441008264735	0.02164535034810416
174.7830781167959	16.14221017256841	0.24177637284812895	0.008788607988176222	0.003131270490333273	0.02183816788293739
175.060295745941	16.27872643847848	0.19112263279835054	0.008801128729846848	0.0031899137458999273	0.022032323048174405
175.3408905119117	16.40785859333671	0.1418130096766365	0.008825161762529149	0.0032252457836762396	0.02222552579059999
175.6254688180897	16.52828073590085	0.09363943949782326	0.00885849244010091	0.0032374075256722643	0.02241746902855072
175.9100471242677	16.64870287846499	0.04637940747233859	0.008905991719988033	0.003230103328479432	0.022611344388653244
176.19462543044568	16.76912502102914	0.00010000054811605674	0.008939688953706833	0.0032669085914625853	0.02256686530451437
