Q20	Q30	EHFB	M22	M23	M33
32.0	0.0	0.0001	0.032384600000000006	0.0	0.05990849999999999
32.30546161164871	0.0	0.0264924608444117	0.0334389465718473	8.741834274935025e-10	0.05967493641519307
32.61092322329741	0.0	0.04217070074878176	0.034493293143694544	1.1152660706650485e-09	0.05944137283038618
32.916384834946115	0.0	0.047158454620576974	0.035547639715541805	1.3191736950634248e-09	0.05920780924557927
33.22184644659482	0.0	0.041579109978493164	0.03660198628738905	1.4143803399846327e-09	0.05897424566077238
33.52730805824353	0.0	0.025556119602251303	0.03765633285923633	1.5067605170924106e-09	0.058740682075965486
33.83276966989223	0.0	0.0007937547127475651	0.038710679431083576	1.560939985442288e-09	0.058507118491158604
34.13823128154093	0.0	0.03732778873230431	0.039765026002930824	1.5601523277039833e-09	0.0582735549063517
34.443692893189635	0.0	0.08394139055689488	0.040819372574778065	1.5608807572928843e-09	0.05803999132154481
34.749154504838344	0.0	0.1405050761732626	0.04187371914662533	1.520203240831285e-09	0.05780642773673793
35.05461611648705	0.0	0.20689538935927357	0.04292806571847256	1.4800705837022221e-09	0.05757286415193105
35.36007772813575	0.0	0.2829889040967044	0.043982412290319794	1.4073768669485504e-09	0.05733930056712417
35.66553933978446	0.0	0.36866219947831824	0.045036758862167056	1.3337423991479059e-09	0.05710573698231729
35.97100095143316	0.0	0.4637918560572824	0.04609110543401428	1.2443928920314221e-09	0.05687217339751042
36.27646256308187	0.0	0.5681662561517443	0.04859427540438198	0.00557912890337474	0.06062141874479631
36.581924174730574	0.0	0.6811040454724294	0.05278039364910432	0.010100428331335435	0.06325745722501522
36.887385786379284	0.0	0.8017681102007315	0.058358622165064336	0.014225350106647489	0.06450138543399661
37.192847398027986	0.0	0.9293212347893706	0.06510677025568061	0.017726207786330595	0.0645753940683216
37.49830900967669	0.0	1.0629262037274394	0.07280264722437207	0.020401939224055924	0.06370167382457137
37.80377062132539	0.0	1.2017458015264395	0.08122406237455762	0.022098771165432483	0.06210241539932707
38.1092322329741	0.0	1.3449428127121594	0.09014882500965629	0.02270473930394252	0.0599998094891698
38.4146938446228	0.0	1.4916800218197508	0.09935474443308652	0.022144054460676688	0.057616046790680844
38.72015545627151	0.0	1.6411202133906995	0.10861962994826757	0.020373184799924882	0.0551733180004412
39.025617067920216	0.0	1.7924261719708416	0.11772129085861784	0.017378437613118147	0.052893813815032165
39.33107867956892	0.0	1.9447606821090964	0.1264375364675564	0.01317472808167842	0.05099972493103483
39.63654029121762	0.0	2.0972865283565905	0.13454617607850214	0.0078053424372578496	0.049713242045030345
39.94200190286632	0.0	2.2491664952660666	0.14182501899487387	0.0013426257254513022	0.04925655585359988
40.24746351451503	0.0	2.3996351783942096	0.1452898805938892	-3.632707310353328e-06	0.04898857235775933
40.55292512616373	0.0	2.5484409734108175	0.14799917560156056	-8.380531638452058e-06	0.04862649782977856
40.85838673781244	0.0	2.69555610156939	0.15070847012912703	-1.3414681730141801e-05	0.048264423781902856
41.163848349461134	0.0	2.8409537086066075	0.15341776413654956	-1.8735157548299455e-05	0.04790235025417094
41.46930996110984	0.0	2.984606940259692	0.15612705758378972	-2.4341959052070296e-05	0.0475402772866215
41.77477157275855	0.0	3.126488942266233	0.15883635043080865	-3.02350861968663e-05	0.04717820491929327
42.08023318440726	0.0	3.266572860364123	0.1615456426375677	-3.641453893436711e-05	0.04681613319222497
42.38569479605596	0.0	3.404831840291472	0.16425493416402798	-4.288031721251946e-05	0.046454062145455284
42.69115640770467	0.0	3.541239027786588	0.16696422497015107	-4.9632420975538475e-05	0.046091991819022904
42.99661801935336	0.0	3.6757675685878954	0.169673515015898	-5.667085016390543e-05	0.04572992225296659
43.30207963100207	0.0	3.8083906084339523	0.1723828042612303	-6.399560471437025e-05	0.045367853487325006
43.60754124265078	0.0	3.9390812930633943	0.17509209266610914	-7.160668455994944e-05	0.04500578556213688
43.913002854299485	0.0	4.067812768214927	0.1778013801904958	-7.950408962992696e-05	0.0446437185174409
44.218464465948195	0.0	4.194556704329856	0.17439019734801758	-6.272892681678198e-05	0.044272811782015906
44.5239260775969	0.0	4.319270323844908	0.16854170598187493	-3.773902730003946e-05	0.04389839337640943
44.8293876892456	0.0	4.441902668841013	0.16269320541104967	-1.471234325773728e-05	0.04352398417548557
45.13484930089431	0.0	4.56240268823427	0.1568446966916668	6.351122863766981e-06	0.0431495831231192
45.440310912543005	0.0	4.680719330940788	0.15099618087985178	2.5451368996879795e-05	0.042775189163185234
45.745772524191715	0.0	4.796801545876724	0.14514765903172924	4.258839345277651e-05	0.0424008012395585
46.05123413584042	0.0	4.910598281958237	0.13929913220342474	5.7762194921394747e-05	0.042026418296113914
46.35669574748913	0.0	5.0220584881015125	0.13345060145106308	7.097277247143931e-05	0.04165203927672632
46.66215735913783	0.0	5.131131113222744	0.12760206783076963	8.222012555037891e-05	0.041277663125270626
46.96761897078653	0.0	5.2377651062381485	0.12175353239866946	9.150425398444836e-05	0.040903288785621696
47.273080582435234	0.0	5.341909416063951	0.11590499621088764	9.882515797864738e-05	0.040528915201654414
47.578542194083944	0.0	5.443512991616384	0.11005646032354913	0.00010418283811674137	0.04015454131724364
47.88400380573265	0.0	5.542524781811689	0.10420792579277938	0.00010757729536126117	0.03978016607626428
48.189465417381356	0.0	5.638900645847009	0.10031871063001362	9.7115481921801e-05	0.03907186212654741
48.49492702903006	0.0	5.732691978722807	0.09762903823165081	7.970608643440558e-05	0.03815912646371325
48.80038864067876	0.0	5.824019894477602	0.09493935633524882	6.31687068808604e-05	0.03724640029891834
49.105850252327464	0.0	5.9130070929084875	0.09224966558269927	4.7503347029525954e-05	0.036333682990270955
49.41131186397617	0.0	5.999776273812576	0.08955996661589394	3.271001033376652e-05	0.03542097389587934
49.716773475624876	0.0	6.084450136986979	0.08687026007672452	1.8788699931950754e-05	0.03450827237385172
50.02223508727358	0.0	6.167151382228813	0.08418054660708289	5.739418647454231e-06	0.03359557778229644
50.32769669892229	0.0	6.248002709335202	0.08149082684886062	-6.437831011341945e-06	0.03268288947932168
50.63315831057099	0.0	6.327126818103278	0.07880110144394963	-1.774304685104781e-05	0.03177020682303575
50.9386199222197	0.0	6.404646408330169	0.07611137103424147	-2.8176226993266197e-05	0.030857529171546882
51.2440815338684	0.0	6.4806841798130135	0.07342163626162805	-3.773736987459016e-05	0.02994485588296337
51.549543145517106	0.0	6.555362832348947	0.07073189776800103	-4.642647424660422e-05	0.029032186315393445
51.85500475716581	0.0	6.628805065735111	0.06804215619525218	-5.42435391758833e-05	0.02811951982694538
52.16046636881451	0.0	6.701136190518651	0.06533939656824123	-5.6836647465566875e-05	0.02762816202157103
52.46592798046322	0.0	6.7725349843600515	0.06262487622448447	-5.504875343503671e-05	0.02751749082880976
52.77138959211192	0.0	6.843230273366063	0.05991035661454999	-5.294394184183034e-05	0.027406818902226238
53.076851203760626	0.0	6.913452809724119	0.057195837796296625	-5.052221280181639e-05	0.027296146183961624
53.382312815409335	0.0	6.9834333456216555	0.05448131982758314	-4.77835664379055e-05	0.027185472616157065
53.68777442705804	0.0	7.053402633246098	0.05176680276626852	-4.472800288005063e-05	0.027074798140953718
53.99323603870674	0.0	7.123591424784888	0.049052286670211546	-4.135552226524672e-05	0.026964122700492723
54.29869765035545	0.0	7.194230472425465	0.046337771597270996	-3.766612473753078e-05	0.026853446236915227
54.60415926200415	0.0	7.265550528355271	0.043623257605305846	-3.3659810447982214e-05	0.026742768692362386
54.909620873652855	0.0	7.337782344761742	0.04090874475217491	-2.9336579554722374e-05	0.026632090008975356
55.21508248530156	0.0	7.411156673832324	0.03819423309573701	-2.4696432222914776e-05	0.026521410128895268
55.52054409695026	0.0	7.485904267754464	0.035479722693851024	-1.9739368624765134e-05	0.026410728994263295
55.82600570859898	0.0	7.56225587871561	0.032765213604375634	-1.446538893952103e-05	0.026300046547220558
56.13146732024768	0.0	7.640441064412615	0.03096187124948092	0.00014986551538494273	0.026082284363062185
56.43692893189639	0.0	7.72065031130102	0.03032596194790543	0.0004979984984178739	0.025761281710366058
56.7423905435451	0.0	7.803027242549859	0.029642425544033693	0.0008047228901684105	0.02548790615996617
57.047852155193794	0.0	7.887712712255821	0.028918879055611017	0.001065237682004177	0.02525454069411726
57.3533137668425	0.0	7.974847574515615	0.028162939500382653	0.00127553792686256	0.025053568295074023
57.6587753784912	0.0	8.064572683425935	0.027382223896093898	0.001432279034886029	0.024877371945091178
57.964236990139895	0.0	8.157028893083485	0.026584349260490057	0.0015326192508774204	0.024718334626423442
58.269698601788605	0.0	8.252357057584968	0.025776932611316365	0.0015739958921085848	0.024568839321325524
58.575160213437314	0.0	8.35069803102708	0.024967590966318128	0.0015537406882030977	0.024421269012052133
58.88062182508602	0.0	8.452192667506527	0.024163941343240666	0.0014682955788525435	0.024268006680858
59.18608343673472	0.0	8.55698182112001	0.023373600759829236	0.0013113033265746297	0.024101435309997823
59.49154504838343	0.0	8.665206345964235	0.022604186233829114	0.001067671942349947	0.023913937881726327
59.79700666003213	0.0	8.7770070961359	0.02186331478298562	0.0006838688122695125	0.023697897378298218
60.102468271680834	0.0	8.892518962340542	0.0215416986809975	0.0005906141270607507	0.023964778300615067
60.407929883329544	0.0	9.011524434412552	0.022289479122265768	0.0017141801276095456	0.024949507391755655
60.713391494978254	0.0	9.133262864888499	0.023437393569488534	0.00280173965076555	0.025534102476941743
61.018853106626956	0.0	9.256927243422028	0.024927976449431306	0.003789614556818887	0.025776029129407803
61.32431471827566	0.0	9.38171055966679	0.026703762188859642	0.0046095759506088125	0.025732752922388292
61.62977632992437	0.0	9.506805803276416	0.028707285214539125	0.005210008193007446	0.025461739429117662
61.93523794157307	0.0	9.63140596390455	0.030881079953235215	0.0055529505180468945	0.025020454222830384
62.24069955322177	0.0	9.754704031204813	0.033167680831713495	0.0056114988005887935	0.024466362876760912
62.546161164870476	0.0	9.875892994830838	0.035509622276739525	0.005368123664394228	0.023856930964143715
62.851622776519186	0.0	9.994165844436251	0.037849438715078884	0.004813632215583135	0.023249624058213215
63.15708438816789	0.0	10.108715569674665	0.040129664573497016	0.003946570078009958	0.022701907732203916
63.4625459998166	0.0	10.218735160199705	0.04229283427875954	0.0027729484112984084	0.02227124755935023
63.7680076114653	0.0	10.323417605664982	0.04428148225763194	0.0013062392856120631	0.022015109112886656
64.073469223114	0.0	10.421956812663316	0.045288068667032014	0.00043684599182657047	0.02200028246730964
64.37893083476271	0.0	10.513668826808047	0.04367046151379152	0.0020628757252736264	0.02227059772659144
64.68439244641142	0.0	10.598113175764954	0.04184270837785704	0.0034255712100060283	0.022751058968567266
64.98985405806012	0.0	10.674878257108269	0.03985761107482572	0.004506229284073133	0.023388864377639963
65.29531566970883	0.0	10.74355246841224	0.037767971420294526	0.005292900532818588	0.02413121213821249
65.60077728135752	0.0	10.803724207251102	0.035626591229860734	0.005780153264488318	0.024925300434687672
65.90623889300623	0.0	10.854981871199099	0.033486272319121255	0.0059690206729391855	0.025718327451468476
66.21170050465493	0.0	10.896913857830473	0.0313998165036734	0.005867117498591484	0.026457491372957734
66.51716211630364	0.0	10.92910856471947	0.029420025599114066	0.005488906942486128	0.027089990383558388
66.82262372795233	0.0	10.951154389440333	0.02759970142104055	0.00485603471743809	0.02756302266767329
67.12808533960106	0.0	10.962639729567318	0.025991645785049727	0.003997331551118048	0.027823786409705387
67.43354695124977	0.0	10.963152982674668	0.02464866050673893	0.0029463784927383657	0.027819479794057505
67.73900856289845	0.0	10.952282546336638	0.023623547401705285	0.0017205797298135107	0.02749730100513261
68.04447017454717	0.0	10.92961757397678	0.023165905772468076	0.0005751716156613638	0.02689474018149835
68.34993178619587	0.0	10.895112476261835	0.02402208936823239	0.0014878605125679268	0.026663256127716785
68.65539339784458	0.0	10.849672628031499	0.024852839921746892	0.0018622289860453264	0.02645720511618506
68.96085500949329	0.0	10.794356198542282	0.02565545317687995	0.002042242250803406	0.026279291403034775
69.266316621142	0.0	10.730221357050663	0.026427224877499968	0.002099016906025936	0.026132219244397535
69.57177823279069	0.0	10.658326272813158	0.027165450767475313	0.00206431020872448	0.026018692896404932
69.8772398444394	0.0	10.579729115086241	0.027867426590674475	0.001956578979829529	0.025941416615188548
70.1827014560881	0.0	10.49548805312643	0.028530448090965783	0.0017883517951677332	0.025903094656879986
70.48816306773682	0.0	10.406661256190198	0.02915181101221773	0.0015691156376970187	0.025906431277610834
70.79362467938552	0.0	10.314306893534049	0.02972881109829862	0.0013066827602201299	0.025954130733512694
71.09908629103421	0.0	10.219483134414475	0.030258744093076922	0.001007931368867619	0.02604889728071715
71.40454790268294	0.0	10.123248148087942	0.030738905740421055	0.0006792545887551782	0.026193435175355804
71.71000951433163	0.0	10.026660103810958	0.031166591784199376	0.00032686366936722294	0.02639044867356024
72.01547112598034	0.0	9.93077714030441	0.03155918078628937	-2.4035725465256563e-05	0.026625481322372562
72.32093273762904	0.0	9.836384945689304	0.03230117733275438	-2.57987692568452e-05	0.026565878379790436
72.62639434927775	0.0	9.743332642033572	0.033043177665646746	-2.6963083497615217e-05	0.026506271650780993
72.93185596092644	0.0	9.651268260879649	0.0337851811141447	-2.7528664808211433e-05	0.026446661806165946
73.23731757257515	0.0	9.559839833769967	0.03452718700742659	-2.7495510310348984e-05	0.026387049516766996
73.54277918422385	0.0	9.468695392246955	0.035269194674670615	-2.6863617626809373e-05	0.026327435453405854
73.84824079587256	0.0	9.377482967853055	0.03601120344505516	-2.563298488143716e-05	0.026267820286904234
74.15370240752125	0.0	9.285850592130698	0.03675321264775844	-2.3803610699137313e-05	0.02620820468808385
74.45916401916998	0.0	9.193446296622321	0.03749522161195885	-2.137549420587237e-05	0.026148589327766404
74.76462563081867	0.0	9.099918112870373	0.03823722966683452	-1.8348635028661872e-05	0.026088974876773616
75.07008724246737	0.0	9.004914072417291	0.03897923614156384	-1.4723033295579716e-05	0.026029362005927197
75.37554885411609	0.0	8.908082206805519	0.03972124036532514	-1.0498689635753884e-05	0.02596975138604885
75.68101046576479	0.0	8.809070547577509	0.040463241667296604	-5.675605179367687e-06	0.02591014368796029
75.98647207741348	0.0	8.707527126275709	0.041205239376656544	-2.5378155765774747e-07	0.025850539582483234
76.29193368906219	0.0	8.603175113336002	0.04117510103457748	6.304832884842416e-07	0.025796730997972524
76.5973953007109	0.0	8.496080992678413	0.04110918270327842	1.2889570730703758e-06	0.02574319092949606
76.9028569123596	0.0	8.386409244355084	0.04104326431563575	1.946369163828838e-06	0.025689650917363225
77.20831852400832	0.0	8.274324355894736	0.04097734587178603	2.6027195571468037e-06	0.02563611096143742
77.51378013565702	0.0	8.159990814826134	0.04091142737186588	3.2580082494229504e-06	0.025582571061582057
77.81924174730572	0.0	8.043573108678022	0.040845508816011886	3.912235237067885e-06	0.025529031217660526
78.12470335895442	0.0	7.925235724979144	0.040779590204360644	4.565400516503776e-06	0.025475491429536257
78.43016497060313	0.0	7.805143151258247	0.040713671537048746	5.217504084164631e-06	0.025421951697072634
78.73562658225183	0.0	7.683459875044091	0.040647752814212776	5.8685459364960475e-06	0.025368412020133086
79.04108819390053	0.0	7.56035038386541	0.040581834035989355	6.518526069955474e-06	0.025314872398581
79.34654980554924	0.0	7.435979165250964	0.04051591520251504	7.167444481011961e-06	0.02526133283227979
79.65201141719795	0.0	7.310510706729502	0.04044999631392644	7.81530116614632e-06	0.025207793321092867
79.95747302884665	0.0	7.184109495829779	0.040384077370360164	8.462096121851045e-06	0.02515425386488363
80.26293464049536	0.0	7.056934534086054	0.039416254168558776	7.339036869526433e-06	0.025121846781544166
80.56839625214405	0.0	6.929111347132646	0.038302557044824756	6.042788214821806e-06	0.025092857835342163
80.87385786379276	0.0	6.800752835798395	0.03718885972724233	4.867960274835186e-06	0.025063869082988514
81.17931947544147	0.0	6.671971877700548	0.03607516223619904	3.8145530693630195e-06	0.025034880504095722
81.48478108709017	0.0	6.542881350456352	0.03496146459208245	2.882566615919588e-06	0.025005892078276297
81.79024269873888	0.0	6.41359413168304	0.03384776681527993	2.0720009297368976e-06	0.024976903785142737
82.09570431038759	0.0	6.284223098997862	0.03273406892617902	1.3828560237649431e-06	0.02494791560430756
82.40116592203628	0.0	6.154881130018068	0.03162037094516728	8.151319086715504e-07	0.024918927515383278
82.70662753368501	0.0	6.025681102360887	0.030506672892632036	3.6882859284230547e-07	0.024889939497982398
83.01208914533369	0.0	5.896735893643597	0.029392974788961038	4.39460823808166e-08	0.02486095153171742
83.3175507569824	0.0	5.768158381483415	0.02827927665454152	-1.5951561889163363e-07	0.024831963596200858
83.62301236863111	0.0	5.640061443497604	0.027165578509761087	-2.415565094357868e-07	0.02480297567104523
83.9284739802798	0.0	5.512557957303417	0.02605188037500726	-2.0217658999457011e-07	0.024773987735863024
84.23393559192851	0.0	5.3857590380351	0.025664285168786705	6.644248397271043e-05	0.024530882460252458
84.53939720357722	0.0	5.259761245369371	0.02548416276809264	0.00017275287963869793	0.024236844437724513
84.84485881522593	0.0	5.13465396454975	0.025282638112741476	0.0002986343142619164	0.023964208669853687
85.15032042687463	0.0	5.010526530443234	0.02505435168135354	0.0004406656816111492	0.023718334678019648
85.45578203852334	0.0	4.887468277916814	0.024793943952549122	0.0005943113963892025	0.023504581983602068
85.76124365017205	0.0	4.765568541837488	0.02449605540494855	0.000753679807403301	0.02332831010798063
86.06670526182074	0.0	4.644916657072262	0.024155326517172178	0.0009111362576506492	0.023194878572535025
86.37216687346945	0.0	4.5256019584881235	0.023766397767840286	0.0010566554060583695	0.023109646898644923
86.67762848511816	0.0	4.407713780952074	0.023323909635573195	0.0011766561524352622	0.023077974607690004
86.98309009676686	0.0	4.291341459331122	0.022822502598991275	0.0012516672084974404	0.02310522122104996
87.28855170841557	0.0	4.176574328492252	0.02225681713671477	0.0012508085461939364	0.02319674626010445
87.59401332006428	0.0	4.063501723302468	0.021621493727364043	0.0011144785128127733	0.02335790924623318
87.89947493171297	0.0	3.952212978628772	0.02091117284955944	0.0006469501207751503	0.02359406970081581
88.20493654336167	0.0	3.842793921278799	0.02049594070535356	8.8346821480185e-10	0.023629437848813994
88.51039815501038	0.0	3.735290218195228	0.020251258317882454	1.4630397125882737e-09	0.02354051033712296
88.81585976665907	0.0	3.6297219187403647	0.0200065759304114	1.9371587066318796e-09	0.023451582825431895
89.1213213783078	0.0	3.5261086582464682	0.019761893542940355	2.3730064956871167e-09	0.023362655313740783
89.42678298995651	0.0	3.4244700720458243	0.019517211155469363	2.793219749028383e-09	0.02327372780204964
89.73224460160522	0.0	3.3248257954707	0.0192725287679984	3.2052962446100106e-09	0.023184800290358458
90.03770621325391	0.0	3.227195463853375	0.019027846380527492	3.6148039765048645e-09	0.023095872778667245
90.34316782490261	0.0	3.131598712526114	0.01878316399305662	4.02466825723103e-09	0.02300694526697599
90.6486294365513	0.0	3.0380551768211963	0.018538481605585782	4.4367320279910955e-09	0.022918017755284712
90.95409104820001	0.0	2.946584492070885	0.018293799218114973	4.852210218729187e-09	0.022829090243593378
91.25955265984872	0.0	2.8572062936074616	0.018049116830644196	5.271929441129193e-09	0.022740162731902016
91.56501427149742	0.0	2.7699402167631937	0.017804434443173468	5.696464329791253e-09	0.022651235220210623
91.87047588314613	0.0	2.684805896870342	0.017559752055702774	6.126219730602707e-09	0.022562307708519178
92.17593749479484	0.0	2.6018215597162366	0.018251392194970708	0.0013928837263769184	0.02235909922389376
92.48139910644355	0.0	2.520982194430174	0.01954511563872407	0.002001192606549574	0.02215898944216511
92.78686071809224	0.0	2.442263737384946	0.02073365293698528	0.002200341689185711	0.02206406580592856
93.09232232974095	0.0	2.3656415625399756	0.021823427912461866	0.002203846374559353	0.022067904492476687
93.39778394138966	0.0	2.2910910438546943	0.022820864387861184	0.0020901312661337893	0.022164081679102082
93.70324555303836	0.0	2.2185875552885324	0.02373238618589061	0.0019019548954083813	0.022346173543097318
94.00870716468707	0.0	2.1481064708009114	0.024564417129257644	0.0016669637732950686	0.02260775626175499
94.31416877633576	0.0	2.079623164351265	0.02532338104066963	0.0014047913213053372	0.02294240601236766
94.61963038798447	0.0	2.013113009899013	0.02601570174283405	0.0011301905376714856	0.023343698972227947
94.9250919996332	0.0	1.948551381403579	0.026647803058458323	0.0008546404126145068	0.023805211318628443
95.23055361128189	0.0	1.8859136528243918	0.027226108810249765	0.0005872580089776614	0.024320519228861654
95.53601522293059	0.0	1.825175198120864	0.02775704282091587	0.00033535513847356374	0.024883198880220215
95.84147683457931	0.0	1.7663113912524004	0.028247028913164086	0.00010479603842956865	0.025486826449996763
96.146938446228	0.0	1.709298479700437	0.02836890513506417	9.445765564660438e-05	0.025673806056890274
96.4524000578767	0.0	1.654134710711623	0.028098625602719536	0.00030589294079685876	0.025406312785387086
96.75786166952541	0.0	1.6008414470625631	0.02779400605595264	0.0005207191241850832	0.02517315952830614
97.06332328117412	0.0	1.549441148376034	0.02745296630668053	0.0007344722795809434	0.024976426473730405
97.36878489282282	0.0	1.4999562742747683	0.027073426166820253	0.0009420204128873428	0.02481819380974286
97.67424650447151	0.0	1.452409284381447	0.02665330544828884	0.0011373268496738616	0.02470054172442645
97.97970811612024	0.0	1.4068226383186933	0.026190523963003275	0.001313094038361199	0.024625550405864144
98.28516972776893	0.0	1.3632187957090853	0.025683001522880684	0.0014601883109217422	0.02459530004213892
98.59063133941764	0.0	1.3216202161751176	0.025128657939838032	0.0015666310122839952	0.02461187082133373
98.89609295106634	0.0	1.2820493593392215	0.024525413025792406	0.0016156299468092833	0.024677342931531537
99.20155456271505	0.0	1.2445286848237427	0.023871186592660784	0.001581111558289087	0.02479379656081531
99.50701617436374	0.0	1.2090806522509518	0.02316389845236027	0.0014148086516132022	0.02496331189726801
99.81247778601247	0.0	1.175727721243025	0.022401468416807787	0.0009849889448226463	0.02518796912897262
100.11793939766116	0.0	1.1444920917601862	0.021766193677431184	1.1456032843407072e-09	0.02534298126328593
100.42340100930986	0.0	1.1153849884235	0.02140616898540075	2.3683401333083354e-09	0.025314183869848735
100.72886262095857	0.0	1.088402846808193	0.02104614429337047	3.370560091795259e-09	0.025285386476411372
101.03432423260728	0.0	1.0635410587558995	0.020686119601340366	4.3277691166192455e-09	0.025256589082973836
101.33978584425597	0.0	1.0407950161082165	0.020326094909310456	5.2822311185204794e-09	0.025227791689536122
101.6452474559047	0.0	1.020160110706711	0.01996607021728069	6.2488442075859e-09	0.025198994296098228
101.95070906755339	0.0	1.0016317343929502	0.019606045525251126	7.234782606468962e-09	0.025170196902660164
102.25617067920209	0.0	0.9852052790085053	0.019246020833221748	8.244148710902373e-09	0.02514139950922192
102.56163229085081	0.0	0.9708761363949795	0.0188859961411925	9.277438048836786e-09	0.025112602115783506
102.8670939024995	0.0	0.9586396983940348	0.018525971449163466	1.0337024055785116e-08	0.025083804722344918
103.17255551414821	0.0	0.9484913568474032	0.01816594675713459	1.142287740679099e-08	0.02505500732890615
103.47801712579692	0.0	0.9404265035969165	0.017805922065105895	1.253558323643382e-08	0.025026209935467204
103.78347873744563	0.0	0.9344405304845231	0.01744589737307737	1.3674150304225284e-08	0.024997412542028086
104.08894034909433	0.0	0.930528507009844	0.01725612229733667	3.52183237045989e-08	0.024974785385255945
104.39440196074304	0.0	0.9286586835066563	0.017480812222484546	6.713291122401278e-08	0.024967179390966515
104.69986357239173	0.0	0.9287527519877733	0.01770550214760472	8.583378242132062e-08	0.024959573396704775
105.00532518323041	6.928731136739382e-06	0.9307292336376971	0.017930183784391786	1.2132412764885471e-06	0.024951965194603642
105.3107867865292	7.835103762788698e-05	0.9345172912291041	0.018154789040574954	3.79061050352628e-06	0.024944338804332448
105.61624838982802	0.00014977334411903458	0.9400199688873313	0.01837939572211458	4.862613828539672e-06	0.02493671686750681
105.9217100003505	0.00015835107556068275	0.9471413093887491	0.018604077157148968	4.6179675795066425e-06	0.024929113580715517
106.22717161199685	0.00015715123489622832	0.9558096724383729	0.018828770092988726	4.225877834570274e-06	0.024921512714151446
106.53263322364319	0.00015595139423177397	0.965944159617745	0.019053463026327277	3.842119830808558e-06	0.024913911751329145
106.83809483528916	0.00015466710657348684	0.977461815580557	0.01927815605250564	3.465241630262523e-06	0.02490631070408494
107.1435564469342	0.00015316900463430096	0.9902796769679411	0.019502849313764066	3.093482515362665e-06	0.02489870957861679
107.44901805857921	0.00015167090269511507	1.004314845962359	0.01972754256452037	2.7283610296580514e-06	0.024891108340341313
107.75447967022424	0.0001501728007559292	1.0194843815588561	0.01995223580413665	2.368142867399565e-06	0.024883506989896415
108.05994128187103	0.00015032629751328855	1.0357056101353208	0.020211931098632077	2.302792745162573e-06	0.024887299776753878
108.36540289351855	0.0001511784129363409	1.0528878882462613	0.020615001870367678	3.0338229533488893e-06	0.024937764013708886
108.67086450516605	0.00015203052835939328	1.070923749585405	0.02101807246074692	3.4256210349659404e-06	0.02498822888256996
108.97632611681182	0.0001531570112422768	1.0897035946286833	0.021421142564243958	3.61715190697257e-06	0.025038694615430564
109.28178772844518	0.00015621831021079755	1.109118071030972	0.02182421032859192	3.6787726992548e-06	0.025089163276730414
109.58724934007856	0.0001592796091793183	1.1290571866625905	0.022227277876951865	3.6216689969507773e-06	0.02513963377265746
109.89271095171192	0.00016234090814783907	1.149411296609126	0.022630345201826194	3.4631413312252282e-06	0.02519010611070927
110.19817256332544	0.00016679944706289517	1.1700710091158515	0.02303341071252989	3.224940208573687e-06	0.025240582985154362
110.50363417492258	0.00017241288913921258	1.1909266431912233	0.023436474641322484	2.910066590340698e-06	0.02529106501643165
110.80909578651969	0.00017802633121552996	1.211868350371145	0.02383953827381426	2.5144149551427926e-06	0.025341550312075637
111.11455739811682	0.00018363977329184737	1.2327864897195764	0.024242601596258424	2.0418735113274477e-06	0.02539203888583318
111.42001900966508	0.00019146485144506544	1.2535718459449916	0.02464566200007048	1.5021493054736788e-06	0.025442537431854102
111.72548062121194	0.00019935227365695725	1.2741143829242014	0.02504872193899255	8.853285116484461e-07	0.02549304071186753
112.03094223275883	0.00020723969586884907	1.294304466297046	0.02540123252622237	3.0181589569348347e-07	0.025545988979379975
112.336403844311	0.00021491515996826187	1.3140515786612537	0.02530527322687735	6.465446174404129e-07	0.02562060619397677
112.6418654558711	0.00022227202925355588	1.3333219027085246	0.025209314412825878	9.76804397217691e-07	0.025695250714813305
112.94732706743122	0.0002296288985388499	1.3520921474121714	0.025113355695595113	1.2903896347374466e-06	0.025769923741574018
113.25278867899132	0.00023698576782414397	1.3703389556638081	0.025017397067584084	1.5846821637492418e-06	0.025844625281859872
113.55825029052626	0.00024531123260006655	1.3880391924667324	0.0249214374252887	1.8597335552462886e-06	0.025919368319926507
113.86371190205595	0.00025383758203099624	1.4051693338834503	0.024825477654896046	2.1105739371327122e-06	0.025994146709186212
114.16917351358566	0.00026236393146192603	1.4217059723385517	0.02472951797731056	2.3326531662228453e-06	0.02606895815520115
114.474635125116	0.00027086776417410116	1.4376257374722767	0.024633558408414725	2.5211900900329745e-06	0.02614380223458571
114.7800967366481	0.00027930708945834277	1.4529052510064568	0.024537598984276515	2.670364101146158e-06	0.0262186779383906
115.08555834818023	0.0002877464147425844	1.4675211596048374	0.024441639624669307	2.773397897210986e-06	0.026293586388886025
115.39101995971235	0.0002961857400268261	1.48145009190368	0.02434568032085178	2.821190628559382e-06	0.026368527594813312
115.69648157126439	0.0003038537098001218	1.4946684586992205	0.02424972187881534	2.7984019271095384e-06	0.026443480792440986
116.00194318282531	0.00031117679725534174	1.5071529914239659	0.02415053591136832	2.6939489751484786e-06	0.02651803242330851
116.30740479438624	0.0003184998847105617	1.5188861728546625	0.023547162320280018	3.360707124173367e-06	0.02652680252788525
116.61286640595242	0.00032556853511521173	1.5298729410805711	0.022943790497732264	4.011826168253951e-06	0.026535614415666497
116.91832801755533	0.00033085749016472174	1.5401233933343275	0.022340421448785674	4.636691154945618e-06	0.026544405514966892
117.22378962915825	0.0003361464452142318	1.5496486148175972	0.021737053506364477	5.241739217136748e-06	0.026553233392134872
117.52925124076117	0.00034143540026374187	1.5584591713753815	0.021133686668936398	5.825811354326085e-06	0.026562098048702732
117.83471285237972	0.0003456119378848726	1.5665652759423387	0.02053032136391581	6.378760242575747e-06	0.026570944196429046
118.14017446401053	0.0003489175559389572	1.5739775583062698	0.01992695715684406	6.8990250726209216e-06	0.02657977309233561
118.44563607564136	0.000352223173993042	1.5807068589851039	0.019323593615256963	7.391661696714115e-06	0.02658862500065456
118.75109768727218	0.00035552879204712675	1.5867637460924033	0.018720230738196317	7.855267357578529e-06	0.02659749992234421
119.05655929891626	0.0003572130567318126	1.5921582484693373	0.01811686843898715	8.270773607605974e-06	0.026606294756929605
119.36202091056032	0.00035889473550798504	1.5969014626634466	0.01751350644728825	8.651831841532626e-06	0.026615101174432616
119.66748252220441	0.0003605764142841576	1.601003959137793	0.016910144762465436	8.99667673432035e-06	0.026623919330799918
119.97294413384867	0.0003608259727473903	1.6044758185044876	0.016306782838832436	9.284849265944632e-06	0.02663264324061735
120.27840574549323	0.00035923530250626967	1.6073254060329987	0.016093114610148274	9.621470153794834e-06	0.02678449911252762
120.5838673571378	0.0003576446322651491	1.6095511369966344	0.015917317474271737	9.969065588999009e-06	0.02695028885634304
120.88932896878235	0.0003560539620240284	1.6111473118733335	0.015741520375300487	1.0318427329113926e-05	0.027116090015018073
121.19479058042138	0.0003536392176441316	1.6121079398704636	0.015565723021818646	1.0657043687456496e-05	0.027281852920993593
121.50025219205962	0.00035111057266317016	1.6124275639840173	0.015389925681303472	1.0994577943215112e-05	0.02744762670340362
121.80571380369784	0.00034858192768220865	1.6121005211070456	0.015214128394943285	1.1332608055209952e-05	0.027613418636216143
122.11117541533656	0.0003461140119592164	1.6111211295273173	0.015038331182356089	1.1672082358495159e-05	0.027779231725670882
122.41663702697632	0.00034377446012654627	1.6094837100317925	0.014862534063080812	1.2014219169020295e-05	0.02794506842287211
122.72209863861605	0.00034143490829387604	1.6071825124994539	0.01468673699400619	1.235685314841306e-05	0.02811092191308561
123.0275602502558	0.00033909535646120585	1.6042118318207839	0.01451093997499622	1.2699912380212807e-05	0.028276792196447374
123.33302186190048	0.00033759891193197274	1.6005662741550184	0.014335143249006251	1.3059670143271616e-05	0.02844270889851461
123.63848347354669	0.0003363608852052733	1.5962399248495316	0.01415934662935944	1.342594389249227e-05	0.028608644492314303
123.94394508519288	0.0003351228584785739	1.591226984086597	0.013983550039083355	1.3793840486960162e-05	0.02877458896971002
124.24940669683942	0.0003343039835491488	1.5855288940296457	0.01386499125270643	1.358856948715785e-05	0.02885491206772972
124.5548683084872	0.00033504998686135736	1.579196377020177	0.013759297191664176	1.3258680224925472e-05	0.028916028649282638
124.860329920135	0.0003357959901735659	1.5723000741777566	0.013653603090906408	1.2897506437126316e-05	0.02897714323100097
125.1657915317828	0.00033654199348577454	1.564911297857086	0.013547908950303401	1.250179966405298e-05	0.02903825581301441
125.47125314343066	0.00033725413228492145	1.5571013462326182	0.01344221476286175	1.2066996693553685e-05	0.029099365691746416
125.77671475507859	0.000337948726418836	1.5489415370258413	0.01333652053293366	1.1588541437102858e-05	0.029160473321847593
126.0821763667265	0.00033864332055275065	1.5405031885268192	0.013230826264194884	1.1060532190197863e-05	0.02922157909176045
126.38763797837446	0.0003392058198733204	1.531857555376183	0.013125131935231679	1.0472793207284487e-05	0.029282680792903578
126.69309959002271	0.0003386746085200507	1.523075531173551	0.013019437409851044	9.800797287090699e-06	0.02934376418391441
126.99856120167094	0.00033814339716678097	1.5142288873123126	0.012913742879633067	9.047237814971993e-06	0.029404849032078108
127.3040228133192	0.0003376121858135112	1.5053889360504462	0.012808048344670076	8.189209734107676e-06	0.0294659353373023
127.609484424964	0.00033625193078652325	1.496626621773096	0.012702353717948471	7.1800808197600385e-06	0.029527013724030663
127.91494603660604	0.0003342359002482995	1.4880133281974548	0.012596659050567149	5.954235197899537e-06	0.029588089281833922
128.22040764824808	0.0003322198697100758	1.4796157906813054	0.01251125530821151	5.403451655812368e-06	0.02958793337035581
128.52586925989002	0.00033018860454358005	1.4714537761744841	0.012433681713666093	5.181748644890286e-06	0.029564147937577643
128.83133087151896	0.000326715088213344	1.463520444432854	0.012356108027918245	4.939016411409154e-06	0.029540350571313642
129.13679248314793	0.00032324157188310797	1.4558099648408382	0.012278534371813159	4.68561194473041e-06	0.029516554842159193
129.44225409477687	0.00031976805555287193	1.448315859136706	0.01220096074537798	4.419788543516829e-06	0.02949276075008716
129.7477157063968	0.00031563617016289674	1.4410313563429726	0.012123387107943601	4.134938130856121e-06	0.0294689628755907
130.05317731800633	0.0003107439140477706	1.43394993724832	0.01204581346236905	3.828098897512641e-06	0.02944516086820718
130.35863892961584	0.00030585165793264445	1.4270654609216475	0.011968239859036821	3.5002946708724453e-06	0.029421361166110046
130.6641005412254	0.00030095940181751833	1.420371446106132	0.01189066629798515	3.1451660405558794e-06	0.029397563769261007
130.96956215282563	0.0002955198252392073	1.4138611758876944	0.011813092755059798	2.7498276818723074e-06	0.029373764687878084
131.27502376442504	0.0002900320832295157	1.407528384418311	0.01173551925740153	2.298460774391891e-06	0.029349967829706784
131.58048537602446	0.000284544341219824	1.401366606577868	0.011657945807394501	1.7490401256509047e-06	0.029326173557154337
131.88594698763094	0.00027949884748294817	1.3953695373468358	0.011580372418776342	9.449933985135567e-07	0.029302384781525116
132.19140859924926	0.0002751885055516923	1.389531309507071	0.011507835703945741	6.485958567293363e-07	0.02925513631538026
132.49687021086754	0.00027087816362043643	1.3838525046627266	0.011438300044999043	9.614238232537621e-07	0.029193895089634058
132.80233182248583	0.0002665678216891805	1.3783389416829686	0.011368764295962208	1.1885674364353503e-06	0.029132641303283968
133.10779343411104	0.0002627879909008127	1.3729967559564464	0.011299228492499909	1.37459661601093e-06	0.02907138120533551
133.41325504573769	0.00025911412181589587	1.367831700752611	0.011229692618268021	1.534248040653295e-06	0.02901011149525931
133.71871665736427	0.00025544025273097916	1.3628496596264341	0.011160156667249368	1.674901357930141e-06	0.028948831079300123
134.02417826899244	0.0002519074058864176	1.3580566118396067	0.011090620653346445	1.8015067387791336e-06	0.0288875422350101
134.32963988062448	0.0002487151799262942	1.353458556154819	0.011021084602746319	1.9178196946469555e-06	0.028826249093208182
134.6351014922565	0.00024552295396617084	1.3490612865362468	0.010951548485426489	2.0246816741395932e-06	0.028764946649060954
134.94056310388854	0.0002423307280060475	1.3448707279336245	0.010882012301385963	2.1235118848996028e-06	0.028703634902569365
135.2460247155241	0.00023950591408916267	1.3408929395509008	0.01081247610221185	2.2170798923625833e-06	0.02864232192886543
135.55148632716083	0.0002368013516925395	1.3371337526419753	0.010742939862138968	2.3052744059904746e-06	0.028581003541624024
135.85694793879756	0.00023409678929591632	1.3335990473530486	0.010673403565539209	2.3882159257708486e-06	0.02851967727311896
136.16240955043284	0.00023124622177685483	1.3302945395149377	0.010609999150984093	2.9718076876314035e-06	0.028442670562677925
136.4678711620628	0.00022786364414911227	1.3272227486251735	0.010551995789596329	3.769723564000499e-06	0.02835185550594743
136.7733327736928	0.0002244810665213697	1.324383656453134	0.010493992502255103	4.402990266103998e-06	0.028261051384228682
137.0787943853228	0.00022109848889362714	1.3217769472023486	0.01043598928901205	4.935595857119379e-06	0.02817025819747006
137.3842559969543	0.0002178614094568324	1.3194023567298867	0.010377986166771899	5.399405438182189e-06	0.028079478601063256
137.6897176085866	0.00021469325746901238	1.3172595435058592	0.010319983122710182	5.810926182374849e-06	0.027988710615783622
137.99517922021886	0.0002115251054811923	1.3153481700198637	0.010261980148124293	6.180142745059253e-06	0.0278979528722091
138.30064083185076	0.00020832232983621578	1.3136679118508163	0.010203977240208845	6.51384875436823e-06	0.027807204906259844
138.60610244348044	0.0002049120534451066	1.31221839844899	0.010145974387848833	6.814342746099288e-06	0.027716464848234226
138.9115640551101	0.00020150177705399735	1.3109993907061233	0.010087971610510046	7.0886303159034895e-06	0.027625735814395085
139.21702566673977	0.0001980915006628881	1.3100105786538292	0.010029968908244296	7.33977969779645e-06	0.027535017804690566
139.52248727836735	0.00019450405001094246	1.3092515940824585	0.009971966274406587	7.56677319716497e-06	0.027444309589921962
139.82794888999365	0.0001908026852746185	1.3087221513917853	0.009913963716669185	7.772377519206406e-06	0.02735361236568784
140.13341050161995	0.0001871013205382945	1.3084219921948381	0.009856705324335333	7.90067182500908e-06	0.027260684179457328
140.43887211324622	0.00018339911376021484	1.3083511463390636	0.009800406547555507	7.9426958248412e-06	0.027164866816759826
140.74433372487235	0.00017968659627042125	1.3085100249901653	0.009744107763282066	7.978285610443343e-06	0.027069049435040442
141.0497953364985	0.00017597407878062766	1.3088990663954228	0.009687808971763457	8.007818553584768e-06	0.026973232079729913
141.35525694812463	0.00017226156129083407	1.3095187039901484	0.009631510173034374	8.031437673122184e-06	0.0268774147507936
141.6607185597512	0.0001685824504374916	1.310369379850999	0.00957521136797226	8.050068412546552e-06	0.02678159759492331
141.96618017137806	0.00016493140057342593	1.3114515224134249	0.00951891255656132	8.063751036780915e-06	0.02668578058827632
142.27164178300495	0.00016128035070936024	1.31276555216769	0.009462613738152787	8.071933456642889e-06	0.02658996360747333
142.57710339463193	0.00015763822516530528	1.3143118993617682	0.009406314913029628	8.074934224664486e-06	0.026494146691584286
142.88256500626647	0.00015469684900598315	1.3160911856132202	0.009350016101151824	8.090960796628043e-06	0.026398332869481688
143.18802661790102	0.00015175547284666105	1.3181036320696955	0.009293717283623578	8.102543116439161e-06	0.026302519068212668
143.49348822953556	0.00014881409668733895	1.3203496632406078	0.009237418460472359	8.109758881084314e-06	0.026206705287749772
143.79894984117516	0.0001465699235331719	1.322829892114401	0.00918111965361113	8.132042824137168e-06	0.026110894573385307
144.1044114528202	0.0001450728034192876	1.3255447272703618	0.009127696207937297	8.174519309494739e-06	0.026016232398051148
144.40987306446524	0.00014357568330540334	1.3284930995489797	0.009079809387257273	8.219001762496589e-06	0.025923775422211446
144.71533467611027	0.00014207856319151907	1.3316722269913097	0.00903192255673523	8.260389961126767e-06	0.025831318339065695
145.02079628775863	0.00014166425553285934	1.3350794574036993	0.008984035762216801	8.330668159323306e-06	0.025738866006122414
145.3262578994071	0.00014130221926440974	1.3387115750458243	0.008936148966960902	8.400405735179587e-06	0.025646413880245744
145.6317195110556	0.00014094018299596012	1.342565626901213	0.008888262168921215	8.46814603327403e-06	0.0255539617288239
145.93718112270417	0.0001407616585136647	1.346638723377203	0.008840375377568946	8.53951730544393e-06	0.025461510394930963
146.2426427343529	0.0001408302363474158	1.3509279434401698	0.008792488598080477	8.616679307143877e-06	0.02536906019284201
146.54810434600157	0.0001408988141811669	1.3554302824186175	0.008744601818469646	8.692251382071029e-06	0.025276609996241595
146.8535659576503	0.000140967392014918	1.360142801808161	0.00869671503873564	8.76627738935856e-06	0.02518415980513047
147.15902756929898	0.00014090874186383856	1.3650625283043507	0.0086488282507496	8.83481097927481e-06	0.02509170901666036
147.46448918094768	0.0001408358528905669	1.3701865539728686	0.008600941460905641	8.901367463283231e-06	0.02499925815652378
147.76995079259635	0.00014076296391729522	1.3755119442142179	0.008553054670070578	8.966429275623596e-06	0.024906807291674823
148.075412404245	0.00014058208720160145	1.3810357361098695	0.00850716108945913	9.025887670663693e-06	0.02481428309131564
148.38087401589348	0.0001402200529117789	1.386755634930958	0.008467347904269229	9.075851728224642e-06	0.024721535882030778
148.68633562754195	0.00013985801862195635	1.3926707063395825	0.008427534714767877	9.124155324080896e-06	0.024628788632266523
148.99179723919045	0.00013949598433213382	1.3987801159033033	0.00838772152096015	9.170838636009228e-06	0.024536041342017742
149.2972588508381	0.00013871625599871682	1.405082914958192	0.008347908283701405	9.202097590419886e-06	0.02444329188984463
149.60272046248565	0.0001378619479843314	1.4115783639848907	0.008308095030579065	9.229092521625152e-06	0.024350541966679136
149.90818207413315	0.00013700763996994596	1.4182656492870234	0.008268281768219856	9.2543148680352e-06	0.02425779194705557
150.2136436857803	0.0001360505200253967	1.425143908984	0.008228468485449404	9.27430067119827e-06	0.024165041291258522
150.51910529742676	0.0001348792794543488	1.432212279663297	0.008188655168063433	9.285163002916064e-06	0.024072289391109523
150.8245669090732	0.00013370803888330084	1.4394699849861738	0.008148841838300544	9.294166675181438e-06	0.023979537358431596
151.13002852071966	0.00013253679831225288	1.4469161905644963	0.008109028496177176	9.30134778102009e-06	0.023886785193208283
151.43549013236583	0.00013128695835594155	1.4545500414714185	0.008069215131583022	9.30395749142426e-06	0.023794032464947882
151.7409517440119	0.0001300176071954234	1.4623707188642938	0.008029401751264372	9.304062055624246e-06	0.02370127948720151
152.04641335565793	0.00012874825603490528	1.4703773908510525	0.007990956984216558	9.309036260094616e-06	0.023610965651329443
152.3518749673042	0.00012753010308728713	1.478568257201737	0.007960150966768303	9.350488315521033e-06	0.02353426640017018
152.657336578951	0.00012644447730680245	1.4869390293886444	0.007929344954705105	9.393831995868313e-06	0.023457567738229126
152.9627981905978	0.00012535885152631778	1.4954849720843704	0.007898538929635452	9.434354278431693e-06	0.02338086892431383
153.26825980224456	0.00012427322574583307	1.504201383497102	0.007867732891579627	9.47212815603633e-06	0.023304169958404012
153.57372141389195	0.0001233981996195571	1.5130836125075406	0.007836926875739305	9.515344280868782e-06	0.02322747209236833
153.8791830255396	0.00012259078656474666	1.5221269213151298	0.007806120860988817	9.55877687452874e-06	0.02315077451061833
154.18464463718723	0.00012178337350993623	1.5313265912451148	0.007775314836427713	9.59990952841592e-06	0.02307407681597776
154.49010624883508	0.00012109675627626403	1.5406779484213964	0.007744508824279829	9.643610013244132e-06	0.022997379751996783
154.79556786048366	0.0001208011533243459	1.5501763530993318	0.007713702877775619	9.700933953520792e-06	0.022920685026538
155.1010294721322	0.00012050555037242777	1.559817010425339	0.007682896927218501	9.75650459279763e-06	0.02284399026020987
155.4064910837808	0.00012020994742050964	1.5695952182639736	0.007652090972613986	9.810364892293014e-06	0.022767295453006833
155.71195269542932	0.00012036119967188758	1.5795063780951955	0.007621285106094242	9.880916385049676e-06	0.02269060348141014
156.01741430707784	0.00012068990136437501	1.5895457254409455	0.0075907987693994185	9.95581329913115e-06	0.022614684815234945
156.3228759187264	0.00012101860305686246	1.5997086688688988	0.007565597090373182	1.000342081311641e-05	0.02255153786532657
156.62833753037475	0.00012143297523233124	1.6099911877790525	0.007540395431549792	1.0054001180272064e-05	0.022488391560712605
156.9337991420225	0.0001221983602565504	1.620389411604418	0.007515193852211149	1.0118569902805883e-05	0.022425247739487664
157.23926075367027	0.00012296374528076952	1.630899325334078	0.007489992277032143	1.0182609909818122e-05	0.022362104079771933
157.54472236531802	0.00012372913030498866	1.6415169954144753	0.007464790706005222	1.0246123594818057e-05	0.022298960581572935
157.85018397696575	0.00012448657799573134	1.652238486074757	0.007439589137301454	1.0308784576229572e-05	0.022235817188217342
158.15564558861354	0.00012524024297118862	1.6630598641161727	0.007414387571808236	1.0370767153304431e-05	0.022172673927311985
158.46110720026132	0.00012599390794664595	1.6739771959778091	0.007389186010374895	1.043223018593843e-05	0.02210953082547876
158.76656881190053	0.00012570816764221867	1.6849862918371945	0.007363984205236436	1.0450057280481881e-05	0.022046380132053914
159.07203042349443	0.0001199210504651074	1.6960821149394925	0.007338781070377863	1.0235049350900444e-05	0.02198318777692844
159.37749203508832	0.0001141339332879961	1.7072620817415296	0.007313577900892945	1.0012148667716069e-05	0.021919994203798396
159.6829536466822	0.00010834681611088484	1.7185222680583887	0.0072883746968390875	9.78089323946833e-06	0.02185679941260638
159.9883175068407	0.006293299663183745	1.731375677276341	0.007264729570932482	7.498113461177658e-05	0.021842392322251346
160.2936266568939	0.015943122708991998	1.7451232801562901	0.007155593571595357	0.00011864571714951318	0.02153756991691936
160.5989358069471	0.025592945754800252	1.7588874392047484	0.0070429020755887976	0.00014933048266348726	0.021221279552587666
160.90325472243634	0.04273511132450529	1.7743922460778605	0.006932211955759005	0.00019247080366006965	0.020967933008991933
161.2005877353635	0.11273422285226853	1.801912345880705	0.006836134492197966	0.0003213508341087362	0.021155229860703596
161.49792074829065	0.18273333438003175	1.828849381695903	0.006739517466782355	0.00042062465326662756	0.021350859277342975
161.79525376121782	0.252732445907795	1.855148819668532	0.0066423780562107106	0.0005086242437328815	0.021554804082211443
162.07335250548053	0.37179353280124783	1.8908071564639173	0.006563462552321825	0.0006514254457731463	0.02219727695172404
162.3390371470219	0.5225199984270845	1.9316020789529122	0.006496634680980596	0.0008275175473670603	0.02313100935633019
162.60472178856327	0.6732464640529211	1.9709319030678305	0.006430007545575269	0.0010036659627784108	0.024079535289014246
162.86404224664116	0.8316258783942959	2.0101958417108436	0.006368120079593507	0.0011929875816529155	0.02511429237988046
163.06068748828932	1.0653724187497673	2.060955214284911	0.00635171185745289	0.0014866123259783574	0.026868000855934313
163.2573327299375	1.2991189591052386	2.109575210034683	0.006338243532341546	0.0017948147360931466	0.028635980106714826
163.4539779715857	1.5328654994607103	2.1560004302275293	0.0063278940086891914	0.002118897337329474	0.030418051227792335
163.6131567992767	1.7907738679337641	2.2034886608729423	0.0063438760302023355	0.00249542632431002	0.032453960687723785
163.74496108335973	2.066335887973498	2.250536416697223	0.006381783726809158	0.0029186635955484918	0.034674435235029215
163.87676536744277	2.341897908013232	2.2942690872470073	0.0064253928875932995	0.00336334170011451	0.03690280766575337
164.00676249286087	2.6182169157766095	2.334399638496994	0.006478929179674249	0.003831581324077118	0.03916065448760379
164.11070356107714	2.9054503583439573	2.371439347489503	0.006598361130625203	0.004355597081989268	0.04174797498356577
164.2146446292934	3.192683800911304	2.4037009502321895	0.0067268960821507285	0.004904786326931892	0.044359624388904124
164.31858569750963	3.4799172434786523	2.43067044723981	0.006864725921239225	0.005478976287349168	0.04699541081663048
164.41696989702234	3.769053018653898	2.451912648504743	0.007012625535915927	0.006079956697344623	0.04966094532699008
164.51086819254004	4.059724493501168	2.466778264094442	0.007153149897638136	0.006472636864567121	0.05144197474598668
164.6047664880578	4.3503959683484394	2.474911962342163	0.007231587171964728	0.005972521141898593	0.049689939631058805
164.69984786891777	4.64062156137333	2.4768015416070455	0.007312933586341608	0.005480236265017055	0.047910242493700114
164.82115349971076	4.92096374537163	2.4728693598770515	0.007395073843758958	0.005019172840797837	0.046206204484141415
164.94245913050378	5.201305929369929	2.463987822541764	0.007479315082699247	0.004563654658723264	0.04446304193660216
165.06376476129677	5.4816481133682275	2.450720128122668	0.007565857262833425	0.004114430465847296	0.04268055489141134
165.2025724816247	5.7531326691490925	2.433625818837021	0.007651521149239137	0.003689657874284798	0.04094171690200831
165.3566338436982	6.016897513104993	2.413269240570119	0.007735865697630234	0.0032854939525152702	0.03923118154084756
165.5106952057717	6.280662357060894	2.390181260544447	0.007821735489228591	0.0028867477939724102	0.037474880503918666
165.66585697627897	6.54365630339715	2.36489411091515	0.007909004071513022	0.002495256600067689	0.0356791276342942
165.86113258168717	6.77854826605973	2.3381847596748213	0.007984334110229436	0.002154717125195453	0.03407370098217866
166.05640818709543	7.013440228722309	2.3100513766188597	0.008060195888035943	0.0018165884849862266	0.032417805312374745
166.25168379250363	7.248332191384887	2.280901527034428	0.008136828938694442	0.0014798188229329095	0.03071120109112049
166.47289703395347	7.455839184507731	2.2517643257418416	0.008200296283731482	0.001181458002110157	0.029176976305936866
166.71803605535845	7.638085326786915	2.2226086409510066	0.00825050066176295	0.0009114715199956823	0.02779999263383172
166.9631750767634	7.820331469066099	2.1929953773580495	0.008300265091516936	0.0006174108021268484	0.026374810483832035
167.20841973418155	8.002429293506266	2.163151223851609	0.00834776812377885	0.00021358529877302034	0.02493615786622964
167.4607898062779	8.174522706805863	2.133454265833483	0.008252889569130005	0.00021593734482771126	0.025889680885400772
167.71315987837423	8.346616120105459	2.103546128645889	0.008154299262166759	0.000218471949417191	0.026804127103347914
167.96552995047057	8.518709533405055	2.073325242049171	0.008052008252217977	0.0002218407896770326	0.027679485470742195
168.21020803222842	8.701137400068408	2.0425661789250915	0.007943772916581814	0.00028622751795307275	0.028565847670530886
168.44749359871165	8.893497365055296	2.0112202100680157	0.00783173874724627	0.00035508288516867463	0.02946501089297147
168.6847791651949	9.085857330042185	1.9792728334643999	0.0077187559527301655	0.0004210137426626323	0.03032428671897238
168.9219570408871	9.278338788494688	1.9465694903863822	0.007604786003522151	0.0004852844340777102	0.031144326594737523
169.14140450375865	9.490823157873418	1.9130464207522213	0.007484665174322968	0.0005503139349948647	0.03203014983691224
169.36085196663015	9.703307527252147	1.8784308180089524	0.007363565548334718	0.0006149459419436756	0.032875234693670256
169.58029942950168	9.915791896630875	1.8425145480274316	0.007241479823380723	0.0006792570987172033	0.03367958846718817
169.78969724564308	10.13776163962002	1.8052513127919396	0.007116219460627297	0.0007442413780380656	0.034494540581277225
169.98916033342698	10.369108290347299	1.7663526518211232	0.006987820869697785	0.0008101099025977103	0.03531981810653994
170.1886234212109	10.60045494107458	1.7253838041171765	0.006858439148951012	0.0008758906773986016	0.036104794628655394
170.38807806128844	10.831808236382763	1.6820899513083813	0.006728065613416595	0.0009414896886659548	0.03684951565673932
170.56592293495555	11.080158789233698	1.636562167739018	0.006593499111524231	0.001008895688429309	0.03765222883257956
170.74376780862264	11.328509342084633	1.5879670044859613	0.006457987504110815	0.0010762246516783462	0.03841637194016368
170.92161268228972	11.576859894935568	1.535998940619085	0.006321523721276073	0.0011433661718143404	0.039141952049391936
171.08769895045734	11.832837573929272	1.4805451742838638	0.0061831046302628775	0.0012112321765819813	0.03987795564431825
171.24195851029785	12.096486553424416	1.4210692920298253	0.0062093890437118	0.0018540161083755217	0.03974444582341451
171.39621807013836	12.360135532919559	1.3573976694370458	0.006502770347078244	0.0027523192138663353	0.03811366475781032
171.55047762997887	12.623784512414703	1.2902337996662672	0.006766876180980413	0.0032414349643628522	0.036543864820511626
171.70109630320596	12.88953018914462	1.220358034870516	0.007007515505784687	0.003532073489380773	0.03502687783392375
171.8517053306844	13.155281420624398	1.1484648465571	0.007223317053841808	0.003691856369833002	0.03356592521554727
172.0023143581629	13.421032652104179	1.075297237322567	0.007417397550713963	0.0037605971989729675	0.03216378797018655
172.16491873895683	13.679224397134238	1.0015757927957878	0.00765482141890284	0.003856769993710183	0.031137376256181275
172.33967361030457	13.929758888035675	0.9278983968034237	0.007867437200977278	0.0039027006846028573	0.030145262441204378
172.51442848165237	14.180293378937114	0.8548573222621292	0.008062179031402782	0.00390750231456892	0.029137554866533126
172.68918335300012	14.430827869838552	0.783044242439741	0.008239190509082634	0.0038758544231603455	0.028114109933264138
172.8947074574695	14.656796103870034	0.7133267797826578	0.008379195063414783	0.003820906401832991	0.027215982517180343
173.10033071999732	14.882685169781677	0.6453863321145813	0.008502786714969787	0.0037413690270257367	0.02629915814059668
173.30595398252512	15.10857423569333	0.5796259724322563	0.00861017776469336	0.003639058630373088	0.025363028782224607
173.5289995249944	15.315682771200517	0.5168229228962544	0.00868897396970002	0.003527653834911328	0.024509015558872225
173.7696609530703	15.503802077034596	0.4565789782080947	0.008740897807505458	0.00341285632282858	0.023737057699028702
174.0103223811462	15.691921382868678	0.3984746104585869	0.008779349719940651	0.003284661375259506	0.02294396435779111
174.2509838092221	15.880040688702756	0.34270532958713534	0.008804472011327589	0.0031437459043255622	0.02212959323083747
174.52495283433154	16.015095963390284	0.2901106325862048	0.008791724953552509	0.0030590504432221463	0.021658594820670778
174.79898840569655	16.150045219845026	0.2388345862647809	0.008788885222990456	0.00313517021780396	0.021849271401213868
175.07302397706152	16.28499447629977	0.18882717698941445	0.00880209288828559	0.0031921285000667543	0.022041275181869966
175.35069015505877	16.412005409866673	0.14013854530816486	0.008826072661322426	0.0032259814783002594	0.0222321046755042
175.63200191352107	16.531045280254162	0.09254437279038626	0.00885942438668782	0.003237460591100954	0.022421897775808722
175.9133136719834	16.65008515064165	0.045842103104873744	0.0089066188452914	0.003229903913748816	0.022613581362628976
176.19462543044568	16.76912502102914	0.00010000054811605674	0.008939688953706833	0.0032669085914625853	0.02256686530451437
