Q20	Q30	EHFB	M22	M23	M33
32.0	0.0	0.0001	0.032384600000000006	0.0	0.05990849999999999
32.421414660961155	0.0	0.03371057868684641	0.033839175914506595	9.39775364284751e-10	0.05958627581486255
32.84282932192231	0.0	0.04692798076956081	0.03529375182901318	1.2878499183015741e-09	0.059264051629725104
33.26424398288346	0.0	0.03997652665756492	0.03674832774351974	1.4415267467566718e-09	0.05894182744458768
33.685658643844604	0.0	0.013180461812046306	0.03820290365802629	1.5512876163545804e-09	0.05861960325945025
34.10707330480575	0.0	0.03313716403566561	0.039657479572532836	1.5712260411196385e-09	0.05829737907431284
34.5284879657669	0.0	0.09865086590370291	0.041112055487039376	1.5489924861190702e-09	0.057975154889175436
34.949902626728054	0.0	0.1830372810675655	0.042566631401545936	1.4911769110371872e-09	0.05765293070403802
35.3713172876892	0.0	0.2859722762142655	0.04402120731605247	1.4163380261792203e-09	0.057330706518900605
35.792731948650356	0.0	0.40713177242916426	0.045475783230559015	1.2974436405448433e-09	0.05700848233376321
36.214146609611504	0.0	0.5461507062742342	0.04793129825217473	0.00461672817980363	0.05989263606589289
36.63556127057266	0.0	0.7017563962669354	0.05366543550668886	0.010859645935014204	0.06357034224318561
37.05697593153381	0.0	0.8717876614173611	0.061974911122073414	0.01626005674183541	0.06467271005960791
37.47839059249496	0.0	1.0540461545329036	0.07227630031201564	0.020255864640006657	0.06378316430147239
37.899805253456115	0.0	1.246333528525343	0.08398617829020334	0.022411105712192073	0.06148512975509152
38.321219914417256	0.0	1.446451436361475	0.09652112027032343	0.022442719213263154	0.058362031206777965
38.74263457537841	0.0	1.6522015310388865	0.10929770146606423	0.02019450279971524	0.05499729344284403
39.16404923633956	0.0	1.86138546557322	0.12173249709111256	0.015621217841745015	0.05197434124960241
39.58546389730071	0.0	2.071804892991221	0.13324208235915633	0.008781613480098616	0.049876599413365495
40.00687855826186	0.0	2.2812614678689065	0.14315600945826862	-9.483326992751744e-08	0.04927374658716316
40.428293219223015	0.0	2.4879291283493123	0.14689375163541785	-6.408784533599798e-06	0.04877422841240509
40.84970788018417	0.0	2.691399805935965	0.1506314929298785	-1.3267698088292412e-05	0.04827471112033571
41.27112254114532	0.0	2.89160298713228	0.15436923323651733	-2.067157383866788e-05	0.047775194816087975
41.692537202106465	0.0	3.0884681584436007	0.15810697245020147	-2.86204116758676e-05	0.047275679604794896
42.11395186306761	0.0	3.2819248063765496	0.16184471046579801	-3.711421147751151e-05	0.04677616559158951
42.53536652402877	0.0	3.4719024174386517	0.16558244717817394	-4.615297310769833e-05	0.04627665288160476
42.956781184989914	0.0	3.658330478138052	0.1693201824821961	-5.573669641700492e-05	0.04577714157997371
43.37819584595107	0.0	3.841138474983367	0.17305791627273176	-6.586538124248743e-05	0.045277631791829316
43.79961050691222	0.0	4.020255894483539	0.1767956484446476	-7.653902740767995e-05	0.044778123622304586
44.22102516787337	0.0	4.195610695362353	0.1743411691560846	-6.25112751967491e-05	0.04426967297022387
44.64243982883452	0.0	4.367099429928544	0.1662725913067962	-2.857199256435924e-05	0.043753128134212664
45.06385448979567	0.0	4.5345891876363575	0.1582039967181756	1.6307109213380577e-06	0.043236600037533456
45.48526915075682	0.0	4.69794591936416	0.15013538816337965	2.8096829411371493e-05	0.04272008590702979
45.906683811717976	0.0	4.857035575990423	0.1420667684155645	5.082635842886187e-05	0.0422035829695451
46.32809847267912	0.0	5.011724108393677	0.13399814024788706	6.981929486901732e-05	0.041687088451922975
46.74951313364028	0.0	5.161877467452528	0.12592950643350334	8.507563699913559e-05	0.041170599581006856
47.17092779460142	0.0	5.3073616040456155	0.1178608697455704	9.659538445860149e-05	0.04065411358364028
47.59234245556257	0.0	5.448042469051636	0.10979223295724422	0.0001043785382588903	0.04013762768666673
48.01375711652373	0.0	5.583786015994688	0.10186586535673664	0.00010752481918577871	0.03959689249703614
48.435171777484875	0.0	5.7145419191520865	0.0981552002075671	8.304315318839877e-05	0.038337677589726074
48.85658643844602	0.0	5.8405635293905	0.09444451674183711	6.0221188845295824e-05	0.03707848099897647
49.27800109940718	0.0	5.962173029879636	0.09073381664501565	3.905893605618744e-05	0.03581930103931818
49.69941576036832	0.0	6.079692603789222	0.08702310160257208	1.9556403579709345e-05	0.034560136025282226
50.12083042132948	0.0	6.193444434289015	0.08331237329997512	1.7135990334172723e-06	0.03330098427139939
50.542245082290634	0.0	6.303750704548779	0.07960163342269413	-1.4469471106202634e-05	0.03204184409220067
50.96365974325178	0.0	6.4109335977383	0.07589088365619819	-2.8992801503734154e-05	0.03078271380221699
51.38507440421293	0.0	6.515315297027377	0.07218012568595636	-4.1856387964826925e-05	0.029523591715979215
51.80648906517408	0.0	6.617217985585817	0.06846936119743768	-5.306022743619398e-05	0.028264476148018254
52.227903726135224	0.0	6.716971325995994	0.06474010654365366	-5.64691905433556e-05	0.02760372898610111
52.64931838709637	0.0	6.8150480393754025	0.0609951562723967	-5.382310312171931e-05	0.027451046664227995
53.07073304805753	0.0	6.912049452567633	0.057250207463933896	-5.0573828362707684e-05	0.027298362879560643
53.49214770901868	0.0	7.008581470985088	0.053505260270190175	-4.672136658517784e-05	0.02714567748017421
53.913562369979836	0.0	7.105250000040169	0.04976031484309039	-4.226571813349711e-05	0.02699299031414386
54.33497703094098	0.0	7.202660945145293	0.04601537133455943	-3.720688337754331e-05	0.026840301229544734
54.75639169190213	0.0	7.301420211712887	0.04227042989652209	-3.1544862712704404e-05	0.026687610074451997
55.177806352863286	0.0	7.4021337051553795	0.03852549068090314	-2.5279656559878696e-05	0.02653491669694079
55.59922101382443	0.0	7.505407330885199	0.03478055383962758	-1.8411265365475267e-05	0.02638222094508627
56.02063567478558	0.0	7.611846989695396	0.03117934170784474	1.4398249965817308e-05	0.02621201342964635
56.44205033574673	0.0	7.7220131915912456	0.03031487298741467	0.0005034970102849285	0.025756326977049954
56.86346499670789	0.0	7.836309630086011	0.029359998928371114	0.0009137493790953553	0.02539104586306699
57.28487965766904	0.0	7.955106157619637	0.02833472017438989	0.0012329692826395016	0.025096169444021765
57.706294318630185	0.0	8.078772626632103	0.02725903736914667	0.00145165960934236	0.024851697076238514
58.12770897959133	0.0	8.207678889563367	0.0261529511563172	0.0015622575028640614	0.024637628116041522
58.54912364055248	0.0	8.342194798853404	0.02503646217957721	0.0015579475100043168	0.024433961919755047
58.970538301513635	0.0	8.482690206942188	0.023929571082602404	0.0014299323571924114	0.024220697843703363
59.39195296247479	0.0	8.629534966269697	0.02285227850906854	0.0011583649990205063	0.023977835244210745
59.81336762343594	0.0	8.783098929275894	0.021824585102651364	0.0006559114992044756	0.02368537347760146
60.23478228439709	0.0	8.943680215063354	0.02181280034221078	0.0010825841452752152	0.024444131948875535
60.656196945358246	0.0	9.110297746554611	0.023194654128542384	0.0026033516065492686	0.025452447301216884
61.077611606319394	0.0	9.280868520662528	0.025249186016379314	0.0039621950231052095	0.025788084552052865
61.49902626728054	0.0	9.45327350249447	0.02782550382031277	0.0049825833667071955	0.02560193588679232
61.920440928241696	0.0	9.625393657157783	0.030772715354933977	0.0055427146887517716	0.02504489349084406
62.341855589202844	0.0	9.795109949759796	0.033939928434834024	0.005564955424490691	0.024267849549616936
62.763270250163984	0.0	9.960303345407825	0.037176250874604064	0.005006222189713111	0.023421696248519766
63.184684911125146	0.0	10.118854809209184	0.040330790488835484	0.0038529762055402195	0.022657325772961326
63.606099572086286	0.0	10.268645306271159	0.043252655092119174	0.0021190549715785394	0.022125630308350526
64.02751423304744	0.0	10.407555849862153	0.045509967372041216	0.00017093709198634364	0.021981076288112262
64.44892889400859	0.0	10.533676458290541	0.043268272393876005	0.002399190503707112	0.022364048156542658
64.87034355496975	0.0	10.64578503900503	0.04064963719725047	0.004117922850806941	0.02312396024343334
65.2917582159309	0.0	10.742800812922633	0.037792707947173744	0.005285457750290368	0.024122166383775238
65.71317287689205	0.0	10.823643000960393	0.03483613080865479	0.005884085193281087	0.0252200204125594
66.13458753785319	0.0	10.887230824035342	0.03191855194670255	0.00591960558029828	0.026278876164776817
66.55600219881435	0.0	10.932483503064528	0.029178617526325976	0.005422034878409342	0.02716008747541852
66.9774168597755	0.0	10.958320258964998	0.02675497371253422	0.00444704374866604	0.027725008179475465
67.39883152073666	0.0	10.963660312653811	0.024786266670336142	0.003074511240523317	0.027834992111938676
67.82024618169781	0.0	10.947422885048036	0.023411142564740854	0.0013528740846262119	0.027351393107799153
68.24166084265896	0.0	10.90864849336809	0.023721384932546098	0.001273596037251861	0.026742535656775746
68.6630755036201	0.0	10.848398103775418	0.02487338122284239	0.0018686873941233613	0.02645237448961109
69.08449016458125	0.0	10.769400321543227	0.02597169450386408	0.002077829665810188	0.02621589633172105
69.50590482554242	0.0	10.674433670623474	0.02700922398300381	0.0020784839678826762	0.02604020197571298
69.92731948650356	0.0	10.566276674968123	0.027978868867654164	0.0019328647469698714	0.02593239221419428
70.3487341474647	0.0	10.447707858529139	0.028873528365207766	0.0016749875550279634	0.02589956783977228
70.77014880842586	0.0	10.321505745258454	0.029686101683057343	0.001328223764814167	0.025948829645054378
71.191563469387	0.0	10.190448859108036	0.03040948802859544	0.0009112984270150997	0.02608727842264792
71.61297813034817	0.0	10.057315724029806	0.03103658660921474	0.0004409951465140839	0.026322014965160286
72.03439279130932	0.0	9.924884528514225	0.03160514326518139	-2.4162331553736977e-05	0.02662178937078383
72.45580745227046	0.0	9.795153922312018	0.03262880263454671	-2.6386683562199622e-05	0.026539559818639192
72.87722211323161	0.0	9.667677733157817	0.033652468646847906	-2.7471473995155515e-05	0.026457323623558675
73.29863677419276	0.0	9.541531767890953	0.03467613954065204	-2.7416694809808253e-05	0.02637508254697522
73.72005143515392	0.0	9.415791833350761	0.03569981355452619	-2.622233977849192e-05	0.026292838350321774
74.14146609611505	0.0	9.289533736376583	0.03672348892703733	-2.3888404488655216e-05	0.026210592795031292
74.56288075707621	0.0	9.161833283807747	0.03774716389675262	-2.041488634284737e-05	0.026128347642536718
74.98429541803735	0.0	9.031766282483625	0.038770836702239	-1.580178455871037e-05	0.026046104654270985
75.40571007899852	0.0	8.898408539243547	0.03979450558206368	-1.0049100168970859e-05	0.025963865591667048
75.82712473995966	0.0	8.760835860926912	0.040818168774793516	-3.1568360214414826e-06	0.025881632216157857
76.24853940092082	0.0	8.618170420187264	0.0411844654769641	5.368534895273961e-07	0.02580433697682079
76.66995406188198	0.0	8.470257054748174	0.04109352458190947	1.4452136149888495e-06	0.025730473133340023
77.09136872284311	0.0	8.317512070245765	0.041002583579678106	2.3515530227427896e-06	0.025656609397036022
77.51278338380426	0.0	8.160367375408818	0.04091164247062864	3.2558717033157133e-06	0.02558274576755012
77.9341980447654	0.0	7.999254878966136	0.04082070125511973	4.1581696472764105e-06	0.025508882244523634
78.35561270572657	0.0	7.834606489646494	0.04072975993351007	5.058446845236292e-06	0.02543501882759791
78.77702736668772	0.0	7.666854116178722	0.04063881850615831	5.956703287848927e-06	0.025361155516414293
79.19844202764888	0.0	7.4964296672916	0.040547876973423116	6.852938965810584e-06	0.025287292310614107
79.61985668861003	0.0	7.323765051713944	0.04045693533566314	7.747153869859805e-06	0.025213429209838677
80.04127134957118	0.0	7.149292156958824	0.04022442684724465	8.355706287419745e-06	0.025142883224712018
80.46268601053234	0.0	6.973413062295438	0.038687971101972744	6.477638306832652e-06	0.025102889935527357
80.88410067149348	0.0	6.796440738805279	0.037151514974321814	4.830669696193537e-06	0.025062897028721783
81.30551533245462	0.0	6.618671578734878	0.03561505851782499	3.414800508419831e-06	0.025022904450762152
81.72692999341578	0.0	6.440401974330757	0.034078601786015274	2.230030788161715e-06	0.0249829121481153
82.14834465437693	0.0	6.261928317839474	0.03254214483242597	1.2763605718024898e-06	0.024942920067248093
82.56975931533808	0.0	6.083547001507563	0.031005687710590184	5.537898874581405e-07	0.024902928154627375
82.99117397629924	0.0	5.905554417581568	0.029469230474041	6.231875497754152e-08	0.024862936356719986
83.41258863726037	0.0	5.7282469583080555	0.027932773176311744	-1.9805281405751832e-07	0.0248229446199928
83.83400329822153	0.0	5.551921015933558	0.026396315870935334	-2.273248163324625e-07	0.024782952890912646
84.25541795918267	0.0	5.376870688720992	0.025652204560668433	7.32224750310228e-05	0.024509616526741298
84.67683262014384	0.0	5.203356565416987	0.025396460382631336	0.0002271494109454203	0.024111209261934875
85.09824728110499	0.0	5.031613849791126	0.025095391818460686	0.00041549125393334287	0.023758126383262062
85.51966194206612	0.0	4.861877115911942	0.024734925922422053	0.0006273914077783658	0.02346444083645726
85.94107660302728	0.0	4.694380937847954	0.02430098974878098	0.0008471882632302916	0.023244225567254834
86.36249126398843	0.0	4.529359889667719	0.023779510351803125	0.0010523538720371307	0.023111553521389237
86.78390592494958	0.0	4.367048545439773	0.02315641478575404	0.0012091055428508017	0.023080497644594855
87.20532058591074	0.0	4.207681479232649	0.02241763010489929	0.0012611053378200096	0.02316513088260612
87.6267352468719	0.0	4.051493265114893	0.02154908336350449	0.0010869484370847756	0.02337952618115743
88.04814990783305	0.0	3.898718431656754	0.02062153072007799	4.1702781676086263e-10	0.023675082358082147
88.46956456879421	0.0	3.749549491149254	0.020283967041281287	1.3938029555398587e-09	0.023552398014910114
88.89097922975535	0.0	3.6040591980151335	0.019946403362484676	2.0468097380860227e-09	0.023429713671738024
89.31239389071649	0.0	3.4622991103965957	0.019608839683688123	2.6371026315383395e-09	0.023307029328565862
89.73380855167764	0.0	3.3243207864358673	0.01927127600489164	3.2075399807502857e-09	0.023184344985393623
90.1552232126388	0.0	3.190175784275175	0.01893371232609522	3.772298322881368e-09	0.023061660642221316
90.57663787359994	0.0	3.0599156620567554	0.018596148647298884	4.3391619388239325e-09	0.022938976299048945
90.99805253456108	0.0	2.9335919779228234	0.018258584968502613	4.912475320583077e-09	0.0228162919558765
91.41946719552222	0.0	2.8112562900156077	0.01792102128970642	5.493535356547449e-09	0.022693607612703986
91.84088185648338	0.0	2.6929601564773074	0.017583457610910277	6.0841826435836026e-09	0.022570923269531397
92.26229651744454	0.0	2.5787504647575155	0.018628187174942874	0.0016357958666753532	0.02229148681681206
92.68371117840569	0.0	2.4686100629374454	0.020343667332531658	0.0021608105073904395	0.02208475542839638
93.10512583936682	0.0	2.3624753310609194	0.021867045029306087	0.002201059208393404	0.022070126500794998
93.52654050032798	0.0	2.260281606463469	0.023215187836447514	0.0020180561447065205	0.022230732462826724
93.94795516128913	0.0	2.161964226480649	0.024404963325136995	0.0017164071287001557	0.022549705743310344
94.36936982225029	0.0	2.067458528447994	0.025453239066555822	0.0013557160384897382	0.023010178771064677
94.79078448321144	0.0	1.9766998497010475	0.026376882631885118	0.0009752823938653409	0.02359528397490848
95.21219914417259	0.0	1.8896235275753357	0.027192761592306127	0.0006029526497045568	0.02428815378366056
95.63361380513373	0.0	1.806164899406374	0.027917743519000063	0.0002591233676391625	0.025071920626139728
96.05502846609488	0.0	1.7262593484103317	0.0284438207309388	3.21085454174219e-05	0.025760700278789503
96.47644312705603	0.0	1.6498718526372758	0.028075921020061092	0.00032273378537486916	0.025386688943678595
96.89785778801718	0.0	1.5770478441434164	0.027642350515081973	0.0006191093803231427	0.02507834840266909
97.31927244897834	0.0	1.5078462970478836	0.027137647091319935	0.0009090383542537304	0.024841140780442472
97.7406871099395	0.0	1.4423261854696505	0.02655634862409351	0.001177502670391983	0.02468052820168025
98.16210177090065	0.0	1.3805464835274974	0.025892992988721227	0.001405060866649016	0.02460197279106391
98.58351643186181	0.0	1.322566165339972	0.02514211806052155	0.0015647272263168103	0.02461093667327494
99.00493109282296	0.0	1.2684442050253757	0.024298261714813044	0.0016147141423040305	0.024712881972994823
99.42634575378409	0.0	1.2182395767017218	0.02335596182691422	0.0014760369679146766	0.024913270814905047
99.84776041474525	0.0	1.1720112544867165	0.022309756272143495	0.0008995540235726416	0.025217565323687123
100.26917507570641	0.0	1.1298151255021849	0.021587943526394586	1.8088246388156957e-09	0.02532872351973872
100.69058973666755	0.0	1.0916672943586774	0.021091253671618064	3.248450274134474e-09	0.025288994652577817
101.11200439762871	0.0	1.0575562195160297	0.020594563816841844	4.569901978634766e-09	0.025249265785416575
101.53341905858986	0.0	1.0274698009454228	0.020097873962065974	5.893193203828216e-09	0.025209536918254997
101.95483371955099	0.0	1.001395938617961	0.01960118410729046	7.24820173228463e-09	0.02516980805109309
102.37624838051215	0.0	0.979322532504759	0.01910449425251524	8.647215536814325e-09	0.025130079183930846
102.7976630414733	0.0	0.9612374825770541	0.01860780439774037	1.0094319198354609e-08	0.02509035031676827
103.21907770243445	0.0	0.9471286888063043	0.018111114542965837	1.1590780699317474e-08	0.02505062144960536
103.6404923633956	0.0	0.9369840511643036	0.01761442468819164	1.313790890710071e-08	0.025010892582442115
104.06190702435676	0.0	0.9307913609204551	0.017236237259477392	3.051300691134981e-08	0.024975458515057346
104.48332168531792	0.0	0.9284871156575888	0.017546219348929904	7.335236216282877e-08	0.02496496528978341
104.90473634627907	0.0	0.9298747721719608	0.017856201438329708	9.522754122769699e-08	0.02495447206456217
105.3261510072402	0.0	0.9347364987443517	0.018166183527676807	1.0974905260890226e-07	0.024943978839393623
105.74756566820136	0.0	0.9428544636559482	0.01847616561697123	1.1983715239126925e-07	0.024933485614277773
106.1689803291625	0.0	0.9540108351882222	0.01878614770621293	1.2675651651844708e-07	0.024922992389214627
106.59039499012366	0.0	0.9679877816228171	0.01909612979540196	1.3120340295126582e-07	0.024912499164204172
107.01180965108482	0.0	0.9845674712414305	0.019406111884538287	1.3361497943361766e-07	0.024902005939246415
107.43322431204595	0.0	1.0035320723257235	0.019716093973621902	1.342898658370443e-07	0.024891512714341358
107.85463897300713	0.0	1.0246637531572498	0.02002607606265285	1.334444198755027e-07	0.02488101948948899
108.27605363396825	0.0	1.0477413986438149	0.020497266858762006	1.14831076196903e-06	0.0249229692675681
108.69746829492941	0.0	1.072504071415262	0.021053344929533476	1.6188871206325063e-06	0.024992533937826095
109.11888295589056	0.0	1.0986643349458112	0.02160942290147047	1.795625640795892e-06	0.025062098706918546
109.5402976168517	0.0	1.1259342733250732	0.02216550077457301	1.80922586716675e-06	0.025131663574845448
109.96171227781285	0.0	1.154025970642395	0.02272157854884111	1.7064960168341642e-06	0.025201228541606793
110.38312693877401	0.0	1.1826515109868838	0.02327765622427479	1.5116267304673727e-06	0.025270793607202576
110.80454159973516	0.0	1.211522978447432	0.023833733800874023	1.2394397921376734e-06	0.025340358771632786
111.22595626069631	0.0	1.2403524571127518	0.02438981127863884	8.999822612478569e-07	0.025409924034897415
111.64737092165748	0.0	1.2688520310714049	0.02494588865756928	5.005387615383747e-07	0.02547948939699646
112.06878558261863	0.0	1.2967339486516762	0.02538959275461285	1.6090325694408754e-07	0.025554402833346444
112.49020024357978	0.0	1.3237692450621623	0.025257216012339965	3.750122021632918e-07	0.025656732710292795
112.9116149045409	0.0	1.3498744798875826	0.025124839236241012	5.704594307176163e-07	0.02575906262106522
113.33302956550204	0.0	1.374988340635778	0.02499246242631598	7.459501778597987e-07	0.025861392565663725
113.75444422646319	0.0	1.3990495148146158	0.024860085582564858	8.999275748232834e-07	0.025963722544088314
114.17585888742437	0.0	1.4219966899319987	0.02472770870498765	1.0304805870890559e-06	0.02606605255633899
114.59727354838552	0.0	1.443768553495853	0.024595331793584363	1.1352029871316114e-06	0.02616838260241575
115.01868820934669	0.0	1.4643037930141354	0.024462954848354986	1.2109660318382107e-06	0.0262707126823186
115.44010287030783	0.0	1.483541095994824	0.024330577869299527	1.2535275421730822e-06	0.026373042796047526
115.86151753126897	0.0	1.5014191499459248	0.02419820085641798	1.2567998483575486e-06	0.02647537294360254
116.28293219223012	0.0	1.51788113455006	0.0235958029684793	1.4919872876040647e-06	0.02651590339778454
116.70434685319128	0.0	1.5329215665418274	0.02276335116089634	1.8103099980500075e-06	0.026526185737198803
117.12576151415242	0.0	1.5465676681307883	0.021930899303429098	2.0692441398909903e-06	0.026536468126497393
117.54717617511356	0.0	1.5588471882636565	0.02109844739607749	2.261317187026575e-06	0.026546750565680326
117.96859083607472	0.0	1.569787875887174	0.02026599543884152	2.376227445546687e-06	0.02655703305474759
118.39000549703587	0.0	1.5794174799481029	0.01943354343172124	2.398824278612265e-06	0.026567315593699202
118.81142015799702	0.0	1.5877637493932284	0.01860109137471663	2.3045912410428504e-06	0.026577598182535137
119.23283481895817	0.0	1.5948544331693533	0.01776863926782767	2.0471169209470945e-06	0.02658788082125542
119.65424947991932	0.0	1.6007172802232958	0.016936187111054376	1.5056164320337442e-06	0.02659816350986004
120.07566414088049	0.0	1.605379998232833	0.016209655286923277	0.0	0.026648012875907415
120.49707880184164	0.0	1.6088587587639862	0.015967131149540136	0.0	0.026878663655217974
120.91849346280279	0.0	1.611142469093205	0.015724607012156996	0.0	0.027109314434528537
121.33990812376395	0.0	1.6122160987957797	0.015482082874773847	0.0	0.027339965213839107
121.76132278472508	0.0	1.6120646174470141	0.015239558737390715	0.0	0.027570615993149656
122.18273744568624	0.0	1.61067299462222	0.014997034600007566	0.0	0.027801266772460226
122.60415210664739	0.0	1.6080261998967214	0.014754510462624427	0.0	0.028031917551770785
123.02556676760854	0.0	1.604109202845853	0.014511986325241285	0.0	0.028262568331081345
123.44698142856969	0.0	1.5989069730449628	0.014269462187858144	0.0	0.028493219110391904
123.86839608953082	0.0	1.592404480069413	0.014026938050475012	0.0	0.028723869889702457
124.28981075049197	0.0	1.5845976646716062	0.01385092548032978	0.0	0.02885429686622413
124.71122541145313	0.0	1.5756007383435957	0.013705116007637217	0.0	0.028939211920407805
125.13264007241428	0.0	1.5656000337215847	0.01355930653494466	0.0	0.029024126974591478
125.55405473337542	0.0	1.5547829107863378	0.013413497062252103	0.0	0.029109042028775144
125.97546939433657	0.0	1.5433367295186076	0.013267687589559547	0.0	0.02919395708295882
126.39688405529773	0.0	1.5314488498991305	0.013121878116866985	0.0	0.02927887213714249
126.81829871625887	0.0	1.5193066319086241	0.012976068644174433	0.0	0.029363787191326162
127.23971337722001	0.0	1.5070974355277804	0.012830259171481876	0.0	0.029448702245509835
127.66112803818119	0.0	1.4950086207372677	0.012684449698789308	0.0	0.02953361729969351
128.08254269914232	0.0	1.4832272914392783	0.012546238281552807	0.0	0.029595498813681516
128.50395736010347	0.0	1.4718832960014112	0.012439220028401725	0.0	0.029562818106723978
128.92537202106462	0.0	1.4609772494301816	0.01233220177525064	0.0	0.02953013739976644
129.3467866820258	0.0	1.4504920475387615	0.01222518352209955	0.0	0.029497456692808902
129.76820134298694	0.0	1.4404105861403258	0.012118165268948464	0.0	0.029464775985851364
130.1896160039481	0.0	1.4307157610480508	0.01201114701579738	0.0	0.02943209527889383
130.61103066490924	0.0	1.4213904680751146	0.011904128762646297	0.0	0.029399414571936292
131.0324453258704	0.0	1.4124176030346993	0.011797110509495206	0.0	0.029366733864978754
131.45385998683153	0.0	1.4037800617399894	0.01169009225634413	0.0	0.02933405315802122
131.8752746477927	0.0	1.3954607400041683	0.011583074003193038	0.0	0.02930137245106368
132.29668930875386	0.0	1.3874444327987712	0.011483858678862178	3.281935581437332e-09	0.029231865183657075
132.718103969715	0.0	1.379735267290962	0.01138792363129437	5.1108352369070575e-09	0.029146876381907737
133.13951863067615	0.0	1.372348652141401	0.011291988583726563	6.442670570772936e-09	0.029061887580158402
133.5609332916373	0.0	1.3653001371083748	0.011196053536158757	7.545411712712902e-09	0.028976898778409064
133.98234795259847	0.0	1.358605271950166	0.011100118488590945	8.508605835910907e-09	0.028891909976659715
134.40376261355962	0.0	1.3522796064250582	0.01100418344102314	9.375363732289107e-09	0.028806921174910374
134.82517727452077	0.0	1.3463386902913337	0.010908248393455338	1.0170373070806289e-08	0.02872193237316104
135.24659193548192	0.0	1.3407980733072733	0.010812313345887536	1.0909332614346237e-08	0.028636943571411687
135.66800659644306	0.0	1.3356733052311591	0.010716378298319737	1.1602957775733502e-08	0.028551954769662345
136.08942125740418	0.0	1.3309799098060675	0.010623820915197235	1.1997441614399032e-08	0.02845854695652841
136.51083591836536	0.0	1.3267286647523546	0.010543803752910566	1.1402073450526659e-08	0.02833388196444958
136.9322505793265	0.0	1.3229201136999114	0.010463786590623905	1.0776840761232634e-08	0.02820921697237076
137.35366524028765	0.0	1.3195534689253727	0.010383769428337247	1.0119673126937117e-08	0.02808455198029194
137.77507990124877	0.0	1.3166279427053746	0.010303752266050598	9.427537282968735e-09	0.027959886988213122
138.19649456220995	0.0	1.3141427473165588	0.01022373510376394	8.68406761393848e-09	0.027835221996134276
138.6179092231711	0.0	1.312097095035566	0.010143717941477295	7.879122163297703e-09	0.027710557004055444
139.03932388413224	0.0	1.3104901981390418	0.010063700779190653	6.99633748696512e-09	0.0275858920119766
139.4607385450934	0.0	1.3093212689036324	0.00998368361690401	5.990020904972063e-09	0.027461227019897762
139.88215320605454	0.0	1.3085895196059887	0.009903666454617379	4.796968105291103e-09	0.027336562027818912
140.30356786701572	0.0	1.3082942792690055	0.009825340165350527	1.8701834857332958e-08	0.02720649352770667
140.72498252797683	0.0	1.3084360001540156	0.00974767028272602	2.834539223281825e-08	0.027074327354662153
141.146397188938	0.0	1.309015761647601	0.00967000040010133	3.537388533932237e-08	0.026942161181617796
141.56781184989913	0.0	1.3100346499664748	0.009592330517476495	4.1154207845243255e-08	0.026809995008573603
141.9892265108603	0.0	1.311493751327353	0.009514660634851478	4.6154400688753716e-08	0.026677828835529573
142.41064117182145	0.0	1.3133941519469536	0.009436990752226298	5.060781503065133e-08	0.026545662662485717
142.8320558327826	0.0	1.315736938041998	0.00935932086960096	5.46491278709761e-08	0.026413496489442023
143.25347049374375	0.0	1.3185231958292096	0.009281650986975452	5.8363679273388314e-08	0.026281330316398486
143.67488515470492	0.0	1.3217540115253146	0.009203981104349774	6.181011153244637e-08	0.026149164143355115
144.09629981566604	0.0	1.325430453907309	0.009128963077897834	6.349944021307498e-08	0.02601805245329348
144.51771447662722	0.0	1.3295509517292032	0.009062897901498217	5.983967568276845e-08	0.025890500770787785
144.93912913758837	0.0	1.3341084934179337	0.008996832725098786	5.599584362442731e-08	0.02576294908828193
145.36054379854954	0.0	1.3390953963211836	0.008930767548699531	5.192797810738115e-08	0.025635397405775872
145.78195845951066	0.0	1.3445039777866366	0.008864702372300472	4.757894166947718e-08	0.025507845723269654
146.2033731204718	0.0	1.3503265551619779	0.00879863719590159	4.286211158223901e-08	0.025380294040763234
146.62478778143293	0.0	1.3565554457948925	0.008732572019502899	3.763902031440367e-08	0.025252742358256648
147.04620244239413	0.0	1.3631829670330695	0.008666506843104368	3.165765780743381e-08	0.025125190675749857
147.46761710335528	0.0	1.3702014362241923	0.00860044166670604	2.4370117554733878e-08	0.024997638993242897
147.8890317643164	0.0	1.3776031707159484	0.008534376490307896	1.3842934288178127e-08	0.024870087310735752
148.31044642527758	0.0	1.3853808530396483	0.008476516412939433	6.53459531426614e-08	0.024742232942954353
148.73186108623872	0.0	1.39353048949994	0.008421589226040763	9.930004110477598e-08	0.024614270381142493
149.15327574719987	0.0	1.4020498614088837	0.008366662039138953	1.238938910597957e-07	0.024486307819333777
149.57469040816105	0.0	1.410936766756666	0.008311734852234008	1.4400864831167477e-07	0.02435834525752818
149.9961050691222	0.0	1.4201890035334725	0.008256807665325928	1.6133026365953826e-07	0.02423038269572573
150.4175197300833	0.0	1.4298043697294924	0.008201880478414716	1.766844267837909e-07	0.024102420133926425
150.83893439104446	0.0	1.439780663334912	0.008146953291500367	1.9054899303222648e-07	0.023974457572130244
151.26034905200564	0.0	1.4501156823399193	0.008092026104582876	2.0323061319357575e-07	0.0238464950103372
151.68176371296676	0.0	1.4608072247346984	0.008037098917662258	2.1494063047313675e-07	0.023718532448547297
152.1031783739279	0.0	1.4718530636617866	0.007985214203040356	2.2011754099451879e-07	0.023595991910309783
152.52459303488905	0.0	1.4832478058747924	0.007942713480934878	2.070318571408843e-07	0.02349017468895333
152.9460076958502	0.0	1.4949798206367977	0.007900212758832122	1.9328407328458848e-07	0.02338435746759416
153.36742235681135	0.0	1.5070367481422735	0.007857712036732089	1.78720015704429e-07	0.023278540246232264
153.7888370177725	0.0	1.5194062285856893	0.007815211314634779	1.6311960572540867e-07	0.02317272302486765
154.21025167873367	0.0	1.5320759021615133	0.00777271059254019	1.4614958459888996e-07	0.0230669058035003
154.63166633969482	0.0	1.5450334090642088	0.007730209870448326	1.2726119891671223e-07	0.022961088582130234
155.05308100065596	0.0	1.5582663894882398	0.007687709148359184	1.0542591523419201e-07	0.022855271360757448
155.4744956616171	0.0	1.5717624836280661	0.007645208426272765	7.821007898764553e-08	0.02274945413938194
155.8959103225783	0.0	1.585509331678148	0.007602707704189067	3.4662286763291354e-08	0.022643636918003703
156.31732498353944	0.0	1.599494720583342	0.007566029102233654	1.6810408800983115e-08	0.022551885126528063
156.73873964450058	0.0	1.6137077018593922	0.007531260285631667	2.5560513579943752e-08	0.022464747110007205
157.16015430546176	0.0	1.6281379727966994	0.007496491469029501	3.191909267963655e-08	0.022377609093486524
157.58156896642288	0.0	1.642775235865175	0.007461722652427163	3.7136681022812455e-08	0.02229047107696603
158.00298362738403	0.0	1.6576091935347383	0.00742695383582465	4.1644701374558625e-08	0.0222033330604457
158.42439828834517	0.0	1.672629548275301	0.007392185019221964	4.5654663945156496e-08	0.022116195043925545
158.84581294930632	0.0	1.6878260025567735	0.0073574162026191	4.9287579765202007e-08	0.02202905702740557
159.26722761026747	0.0	1.703188258849067	0.007322647386016059	5.2622321024535116e-08	0.02194191901088577
159.68864227122864	0.0	1.7187060196220896	0.007287878569412843	5.5712703138946813e-08	0.021854780994366135
160.1100569321898	0.0	1.7343689790774375	0.0072207744758461005	5.666515716669768e-08	0.02164817067510939
160.5314715931509	0.0	1.75016593337205	0.007062191924774686	5.207879082387027e-08	0.021103565973387944
160.95288625411206	0.0	1.7660839870671563	0.006903609373704548	4.747338015915094e-08	0.020558961271665177
161.37430091507323	0.0	1.7821100575077669	0.006745026822635692	4.282635115150215e-08	0.02001435656994108
161.79571557603438	0.0	1.7982310620388922	0.006586444271568129	3.810136011651722e-08	0.01946975186821574
162.21713023699553	0.0	1.81443391800554	0.006427861720501862	3.3245038021371875e-08	0.018925147166489104
162.63854489795668	0.0	1.8307055427527206	0.00626927916943688	2.8161132971673083e-08	0.018380542464761177
163.05995955891783	0.0	1.8470328536254386	0.006110696618373192	2.2665799945929247e-08	0.017835937763031964
163.48137421987897	0.0	1.8634027679687006	0.00595211406731079	1.6301645436877335e-08	0.01729133306130146
163.90278888084015	0.0	1.8798022031275121	0.0057935315162496665	6.899589960350739e-09	0.016746728359569633
164.3242035418013	0.0	1.8962181786227061	0.005749805364447554	1.1300373896185549e-09	0.016583451863708323
164.74561820276244	0.0	1.9126385481953694	0.00574051843885662	1.0669123192908353e-09	0.01653451508620421
165.1670328637236	0.0	1.9290515728390791	0.00573123151326569	1.0135242527993342e-09	0.016485578308700097
165.58844752468474	0.0	1.9454455163019104	0.0057219445876747575	9.445697362662244e-10	0.016436641531195985
166.0098621856459	0.0	1.9618086423319379	0.005712657662083827	8.856676037339591e-10	0.01638770475369187
166.43127684660706	0.0	1.978129214677236	0.005703370736492895	8.080914327504546e-10	0.016338767976187756
166.85269150756824	0.0	1.9943954970858777	0.005694083810901963	7.405647715145273e-10	0.01628983119868364
167.27410616852939	0.0	2.0105957533059353	0.0056847968853110335	6.673593655657105e-10	0.016240894421179524
167.69552082949048	0.0	2.02671824708548	0.005675509959720102	5.650161409413155e-10	0.016191957643675422
168.11693549045165	0.0	2.042751241606906	0.005668283145132203	4.935012267134445e-10	0.016141211289456565
168.5383501514128	0.0	2.0586829471167203	0.005666420492330755	4.6578046505496e-10	0.016085753120074077
168.95976481237395	0.0	2.074501478489619	0.005664557839529307	4.3688315172791026e-10	0.016030294950691592
169.38117947333512	0.0	2.0901949406139577	0.0056626951867278594	4.0655377721409607e-10	0.0159748367813091
169.80259413429627	0.0	2.1057514383780873	0.0056608325339264085	3.4181485147360497e-10	0.015919378611926615
170.22400879525742	0.0	2.1211590766703643	0.00565896988112496	3.041312265819067e-10	0.015863920442544126
170.64542345621854	0.0	2.136405960379142	0.005657107228323514	3.025339557182234e-10	0.015808462273161638
171.0668381171797	0.0	2.1514801943927755	0.005655244575522063	2.127943705684443e-10	0.015753004103779153
171.48825277814086	0.0	2.1663698835996166	0.005653381922720617	1.4966970699542833e-10	0.01569754593439666
171.909667439102	0.0	2.1810631328880175	0.005651519269919168	0.0	0.015642087765014176
172.33108210006313	0.0	2.195548155832994	0.005740330071857993	1.3087901604042545e-08	0.015939505174935493
172.75249676102428	0.0	2.209814007358045	0.005853880252249912	2.0273583458452317e-08	0.016333201286575984
173.17391142198545	0.0	2.223850134918063	0.005967430432643008	2.5998450014490477e-08	0.01672689739821533
173.59532608294657	0.0	2.237645988175444	0.006080980613037267	3.109673369247592e-08	0.017120593509853448
174.01674074390772	0.0	2.2511910167925904	0.006194530793432709	3.5851023658320285e-08	0.017514289621490414
174.4381554048689	0.0	2.2644746704319014	0.0063080809738293294	4.039452942041486e-08	0.017907985733126235
174.85957006583	0.0	2.2774863987557734	0.0064216311542271125	4.480310820320485e-08	0.018301681844760827
175.2809847267912	0.0	2.29021565142661	0.006535181334626081	4.912253187812426e-08	0.0186953779563943
175.70239938775234	0.0	2.302651878106807	0.00664873151502622	5.338429618157655e-08	0.01908907406802657
176.1238140487135	0.0	2.3147845476757514	0.006724156254475384	5.5502643906456556e-08	0.01934112071722905
176.5452287096747	0.0	2.3266046931563373	0.006707942325393847	5.248280559769794e-08	0.01925269738599393
176.9666433706358	0.0	2.3381060436292884	0.006691728396312582	4.934837471283045e-08	0.01916427405475855
177.38805803159696	0.0	2.3492825950313048	0.006675514467231578	4.6074218667252556e-08	0.0190758507235229
177.8094726925581	0.0	2.3601283432990794	0.006659300538150848	4.262948255269099e-08	0.01898742739228698
178.23088735351925	0.0	2.370637284369311	0.006643086609070376	3.8965600831239506e-08	0.018899004061050793
178.6523020144804	0.0	2.380803414178696	0.006626872679990178	3.5015424158044757e-08	0.018810580729814338
179.07371667544155	0.0	2.3906207286639325	0.006610658750910244	3.066595063926917e-08	0.01872215739857762
179.4951313364027	0.0	2.4000832237617162	0.00659444482183058	2.5715511771956562e-08	0.018633734067340632
179.91654599736384	0.0	2.4091848954087465	0.006578230892751176	1.9712599765473184e-08	0.018545310736103382
180.33796065832502	0.0	2.4179198357118685	0.006559631806324727	1.746310844532905e-08	0.01847167318366876
180.75937531928616	0.0	2.4262828430634826	0.006540443743274428	1.6358344542049633e-08	0.01840168674384973
181.1807899802473	0.0	2.4342690306738084	0.006521255680224153	1.51922739649409e-08	0.018331700304030665
181.60220464120846	0.0	2.441873513201114	0.0065020676171739025	1.3950522942984722e-08	0.018261713864211576
182.0236193021696	0.0	2.44909140530367	0.006482879554123677	1.2610603190372765e-08	0.018191727424392467
182.44503396313075	0.0	2.4559178216397464	0.00646369149107348	1.1138321411192727e-08	0.01812174098457333
182.8664486240919	0.0	2.462347876867614	0.006444503428023305	9.468754672320907e-09	0.01805175454475417
183.28786328505305	0.0	2.4683766856455414	0.006425315364973157	7.474551001053408e-09	0.017981768104934983
183.70927794601423	0.0	2.4739993626317998	0.006406127301923031	4.757478110459327e-09	0.017911781665115766
184.13069260697537	0.0	2.4792110430020737	0.006385053998026081	5.324992910492605e-08	0.017841893244742987
184.55210726793655	0.0	2.4840083266829485	0.00635978702851585	1.0902251654774914e-07	0.01777222286589523
184.97352192889767	0.0	2.4883902296361984	0.006334520058999434	1.4420610554034455e-07	0.01770255248705368
185.39493658985882	0.0	2.492355993664963	0.00630925308947683	1.7194441952767112e-07	0.0176328821082183
185.81635125081996	0.0	2.4959048605723764	0.0062839861199480394	1.9543587372511893e-07	0.01756321172938911
186.23776591178114	0.0	2.4990360721615765	0.0062587191504130625	2.1607201785655504e-07	0.017493541350566105
186.6591805727423	0.0	2.5017488702357014	0.006233452180871903	2.3460934279684696e-07	0.017423870971749283
187.08059523370343	0.0	2.5040424965978874	0.006208185211324552	2.5151382036020425e-07	0.017354200592938653
187.50200989466458	0.0	2.5059161930512723	0.006182918241771018	2.6709735801929314e-07	0.017284530214134206
187.92342455562573	0.0	2.5073692013989946	0.006157651272211302	2.815808189226133e-07	0.017214859835335942
188.34483921658685	0.0	2.5084010175664564	0.006128433307346832	2.8294084837562727e-07	0.017149430978882416
188.76625387754802	0.0	2.509012909105874	0.006098337979333692	2.815166672928553e-07	0.01708494400038943
189.18766853850917	0.0	2.509206897779666	0.0060682426513207315	2.8009493051175894e-07	0.017020457021896265
189.60908319947032	0.0	2.5089850081329153	0.0060381473233079444	2.7867549900408014e-07	0.016955970043402935
190.0304978604315	0.0	2.5083492647107035	0.006008051995295325	2.772583767401959e-07	0.01689148306490943
190.45191252139264	0.0	2.507301692058117	0.005977956667282885	2.758436624542085e-07	0.01682699608641575
190.8733271823538	0.0	2.5058443147202407	0.00594786133927062	2.7443135980690525e-07	0.016762509107921892
191.29474184331497	0.0	2.5039791572421586	0.005917766011258523	2.7302133070393785e-07	0.016698022129427864
191.7161565042761	0.0	2.5017082441689564	0.005887670683246603	2.716137209606533e-07	0.016633535150933663
192.13757116523726	0.0	2.4990335479033434	0.005877848529968214	2.763280515276791e-07	0.016656629415540296
192.55898582619835	0.0	2.495953751488908	0.005909854973385543	2.935502962897749e-07	0.01686042554566374
192.98040048715953	0.0	2.492462344778088	0.005941861416823968	3.106294806662789e-07	0.017064221675766145
193.40181514812068	0.0	2.488552359644501	0.005973867860283483	3.276046109386179e-07	0.01726801780584744
193.8232298090818	0.0	2.4842168279617662	0.0060058743037640855	3.44506845835493e-07	0.01747181393590763
194.24464447004297	0.0	2.4794487816035	0.006037880747265788	3.613614967284312e-07	0.017675610065946753
194.66605913100412	0.0	2.4742412524433224	0.0060698871907885745	3.7818917777760394e-07	0.01787940619596478
195.0874737919653	0.0	2.4685872723548514	0.006101893634332459	3.9500724975656857e-07	0.018083202325961726
195.5088884529264	0.0	2.4624798732117097	0.0061339000778974275	4.118299743341271e-07	0.018286998455937547
195.9303031138876	0.0	2.4559120868875155	0.006165906521483495	4.2866955794886417e-07	0.018490794585892308
196.35171777484874	0.0	2.448878744237805	0.006197100595542924	7.439046436933526e-06	0.01876599899784689
196.77313243580988	0.0	2.441386587763471	0.006228133887544442	1.1245274485684937e-05	0.019055353576597652
197.19454709677106	0.0	2.4334472015820356	0.0062591673956416665	1.4255501924868201e-05	0.019344707939252723
197.61596175773218	0.0	2.4250721838095974	0.006290201119834518	1.690551056864388e-05	0.019634062085812132
198.03737641869333	0.0	2.4162731325622544	0.00632123506012295	1.9348243347430506e-05	0.01992341601627598
198.45879107965447	0.0	2.407061645956106	0.006352269216506873	2.1657827650042095e-05	0.02021276973064434
198.8802057406156	0.0	2.3974493221072515	0.006383303588986231	2.3876446250207722e-05	0.020502123228917233
199.30162040157677	0.0	2.3874477591317884	0.0064143381775609585	2.603058864927334e-05	0.02079147651109481
199.72303506253795	0.0	2.377068555145819	0.006445372982230976	2.8138044378899617e-05	0.021080829577177093
200.1444497234991	0.0	2.366323253677182	0.006385091905892504	2.8394885503251633e-05	0.020898277496366996
200.5658643844602	0.0	2.3552203350026324	0.006149723767348559	2.5224982899557085e-05	0.019810904029402922
200.98727904542136	0.0	2.3437636494304783	0.0059143563417453394	2.2153086863130088e-05	0.018723529849498027
201.40869370638256	0.0	2.3319566624792847	0.005678989629083054	1.917878307632072e-05	0.017636154956652023
201.8301083673437	0.0	2.3198028396676227	0.005443623629361989	1.6299596877394997e-05	0.016548779350864976
202.25152302830486	0.0	2.3073056465140582	0.005208258342582335	1.350889987504123e-05	0.015461403032136518
202.672937689266	0.0	2.2944685485371603	0.004972893768744318	1.079092085758128e-05	0.014374026000466422
203.09435235022713	0.0	2.281295011255498	0.00473752990784818	8.106500243151354e-06	0.013286648255854537
203.51576701118827	0.0	2.267788500187638	0.004502166759894107	5.336870633613768e-06	0.012199269798300497
203.93718167214942	0.0	2.2539524808521536	0.004266804324882342	1.70944075107436e-06	0.011111890627804152
204.3585963331106	0.0	2.23979049318165	0.004211236977733936	1.8891652878195231e-07	0.010894656848594702
204.78001099407174	0.0	2.2253065452951653	0.00418716577255952	2.76925212577271e-07	0.010829853808845718
205.2014256550329	0.0	2.2105048269432364	0.004163094567308614	3.4157758659233697e-07	0.010765050769173223
205.62284031599404	0.0	2.1953895282764337	0.004139023361981216	3.945400164749551e-07	0.010700247729577221
206.0442549769552	0.0	2.179964839445328	0.004114952156577328	4.400643714544137e-07	0.010635444690057706
206.46566963791633	0.0	2.164234950600492	0.0040908809510969485	4.802802034041232e-07	0.010570641650614684
206.88708429887748	0.0	2.1482040518924994	0.004066809745540079	5.164382244994703e-07	0.010505838611248155
207.30849895983863	0.0	2.1318763334719226	0.004042738539906718	5.493487923891395e-07	0.010441035571958116
207.7299136207998	0.0	2.1152559854893362	0.0040186673341968656	5.795734617211096e-07	0.010376232532744561
208.15132828176095	0.0	2.0983471826091074	0.003997561406212032	5.926287663010429e-07	0.010324833396044073
208.57274294272213	0.0	2.0811533218565628	0.003981747821024182	5.782662829391401e-07	0.010297357160184688
208.99415760368328	0.0	2.063676674805414	0.003965934235845407	5.636416147181483e-07	0.010269880924316226
209.41557226464445	0.0	2.0459194249867627	0.003950120650675713	5.487335177420987e-07	0.010242404688438686
209.83698692560557	0.0	2.0278837559317147	0.003934307065515096	5.335179435416265e-07	0.01021492845255207
210.25840158656672	0.0	2.0095718511713723	0.003918493480363556	5.179674723734698e-07	0.010187452216656376
210.67981624752784	0.0	1.990985894236846	0.0039026798952210956	5.020506784543049e-07	0.010159975980751607
211.10123090848901	0.0	1.9721280686592386	0.0038868663100877095	4.857312154895875e-07	0.010132499744837757
211.52264556945016	0.0	1.9530005579696652	0.0038710527249634047	4.6896673730486195e-07	0.010105023508914826
211.9440602304113	0.0	1.933605545699235	0.0038552391398481763	4.5170731799169974e-07	0.01007754727298282
212.36547489137246	0.0	1.9139456423131396	0.004006608392811796	4.835565854409502e-07	0.011029032077311648
212.78688955233363	0.0	1.8940260117167385	0.004183566733603318	5.145066778548896e-07	0.012130357148833577
213.2083042132948	0.0	1.873852762977644	0.004360525073378459	5.353659560019489e-07	0.013231682221371886
213.62971887425593	0.0	1.853432006694381	0.004537483412137195	5.447083517996982e-07	0.014333007294926427
214.05113353521705	0.0	1.8327698534654735	0.004714441749879549	5.405275560558444e-07	0.015434332369497348
214.4725481961782	0.0	1.8118724138894478	0.004891400086605531	5.197948633971402e-07	0.01653565744508473
214.89396285713937	0.0	1.790745798564832	0.005068358422315143	4.77429224519557e-07	0.017636982521688566
215.31537751810052	0.0	1.7693961180901618	0.005245316757008366	4.03246132818747e-07	0.01873830759930871
215.73679217906167	0.0	1.7478294830639702	0.005422275090685205	2.671600265408987e-07	0.01983963267794523
216.15820684002279	0.0	1.7260519398696432	0.005525559674004152	1.7516992076572642e-06	0.020490091982638816
216.57962150098393	0.0	1.7040666338741828	0.005506273654748907	3.3348843911527483e-06	0.02039044846335091
217.00103616194508	0.0	1.6818726895275569	0.0054869876296278495	4.35895514776939e-06	0.02029080494992882
217.42245082290623	0.0	1.6594689355751113	0.005467701598640976	5.1678789035995675e-06	0.02019116144237254
217.84386548386738	0.0	1.6368542007621987	0.005448415561788285	5.8516933523137815e-06	0.020091517940682084
218.26528014482855	0.0	1.6140273138341743	0.00542912951906978	6.45042109654044e-06	0.019991874444857432
218.6866948057897	0.0	1.5909871035364038	0.005409843470485458	6.9860745846788165e-06	0.0198922309548986
219.10810946675085	0.0	1.5677323986142562	0.005390557416035327	7.4723253801847605e-06	0.01979258747080558
219.52952412771202	0.0	1.5442620278131074	0.005371271355719374	7.91836926214986e-06	0.019692943992578378
219.95093878867317	0.0	1.5205748198783438	0.005351985289537609	8.3307519355975e-06	0.019593300520216992
220.37235344963432	0.0	1.496670569723997	0.005185562595979913	7.528007800190552e-06	0.01861573627843148
220.79376811059547	0.0	1.472554567414642	0.004999753274504106	6.599115605341101e-06	0.017522497319984277
221.2151827715566	0.0	1.4482340431164262	0.004813944019262379	5.704554861724799e-06	0.016429258295303
221.63659743251776	0.0	1.4237162292055512	0.0046281348302547225	4.844734384375816e-06	0.015336019204387645
222.0580120934789	0.0	1.3990083580582293	0.004442325707481147	4.0195190938667255e-06	0.014242780047238213
222.47942675444006	0.0	1.3741176620506834	0.0042565166509416505	3.227519986053329e-06	0.013149540823854704
222.9008414154012	0.0	1.3490513735591483	0.004070707660636237	2.4641829138927306e-06	0.01205630153423711
223.32225607636235	0.0	1.3238167249598698	0.003884898736564904	1.7152730984349295e-06	0.010963062178385434
223.7436707373235	0.0	1.2984209486291092	0.0036990898787276597	9.200380145170458e-07	0.00986982275629967
224.16508539828467	0.0	1.2728711454751593	0.003636255548374449	3.2489282146496503e-08	0.009568815841156297
224.58650005924582	0.0	1.2471690470830403	0.003764364551790315	3.47924521892001e-08	0.010497914011840269
225.00791472020697	0.0	1.2213092567500101	0.0038924735552009083	3.645134544336556e-08	0.011427012182529516
225.42932938116812	0.0	1.1952858856334592	0.004020582558606226	3.7382176206004316e-08	0.01235611035322404
225.85074404212926	0.0	1.1690930448908106	0.004148691562006269	3.74702303392183e-08	0.013285208523923836
226.27215870309044	0.0	1.1427248456795214	0.004276800565401045	3.654856588847386e-08	0.014214306694628972
226.6935733640516	0.0	1.1161753991570988	0.004404909568790533	3.435168555770032e-08	0.015143404865339327
227.11498802501276	0.0	1.0894388164810909	0.004533018572174761	3.040046075457365e-08	0.016072503036055008
227.53640268597385	0.0	1.06250920880911	0.0046611275755536865	2.3568452603906402e-08	0.017001601206775782
227.95781734693503	0.0	1.0353806872988183	0.004789236578927361	7.825575409371025e-09	0.017930699377502014
228.37923200789618	0.0	1.0080486719021737	0.004801456073182387	1.833515349505176e-07	0.017939747514097017
228.80064666885733	0.0	0.9805156636618214	0.0048007849704689316	2.6452428217215755e-07	0.01784645684339262
229.22206132981847	0.0	0.9527865474133624	0.004800113867715386	3.244834887372301e-07	0.01775316617272831
229.64347599077965	0.0	0.9248662097936816	0.004799442764921762	3.736019124881134e-07	0.017659875502104072
230.0648906517408	0.0	0.8967595374397911	0.004798771662088049	4.1575311098233805e-07	0.017566584831519932
230.48630531270192	0.0	0.8684714169888378	0.004798100559214256	4.5289910452454915e-07	0.017473294160975875
230.90771997366306	0.0	0.8400067350781318	0.004797429456300379	4.861998581659986e-07	0.017380003490471897
231.3291346346242	0.0	0.8113703783451846	0.004796758353346415	5.164105556709814e-07	0.01728671282000801
231.75054929558542	0.0	0.7825672334277367	0.004796087250352368	5.440564787556346e-07	0.01719342214958419
232.17196395654656	0.0	0.7536021179883781	0.004782081202415957	5.753920532653224e-07	0.017114658134321614
232.5933786175077	0.0	0.7244772917349854	0.004748731499740381	6.126745702538308e-07	0.017056966467179798
233.01479327846886	0.0	0.6951917612146798	0.004715381797050155	6.475387886646802e-07	0.016999274800052627
233.43620793942998	0.0	0.6657443224342439	0.004682032094345277	6.803573419032987e-07	0.016941583132940117
233.85762260039112	0.0	0.636133771401124	0.004648682391625741	7.114141237620288e-07	0.016883891465842262
234.2790372613523	0.0	0.6063589041236155	0.004615332688891548	7.409314508591099e-07	0.016826199798759052
234.70045192231342	0.0	0.5764185166110962	0.00458198298614271	7.690873337331989e-07	0.016768508131690504
235.1218665832746	0.0	0.546311404874319	0.00454863328337921	7.960268397188442e-07	0.016710816464636607
235.54328124423574	0.0	0.5160363649258668	0.004515283580601057	8.218702812138639e-07	0.01665312479759736
235.9646959051969	0.0	0.48559219278072746	0.004481933877808249	8.467186579972895e-07	0.016595433130572778
236.38611056615804	0.0	0.45497571524108243	0.004440561762783582	8.068011047430179e-07	0.016552307484600015
236.8075252271192	0.0	0.424173621295658	0.004398456116934722	7.583582429593852e-07	0.016510513685598117
237.22893988808033	0.0	0.39316934680734567	0.00435635047108554	7.065964552226484e-07	0.01646871988659655
237.65035454904148	0.0	0.3619463261432973	0.004314244825236038	6.507243119939616e-07	0.016426926087595294
238.07176921000266	0.0	0.3304879936850938	0.004272139179386212	5.895743365127205e-07	0.01638513228859436
238.49318387096378	0.0	0.2987777838367749	0.004230033533536064	5.212924219980129e-07	0.01634333848959376
238.91459853192492	0.0	0.2667991310388878	0.004187927887685594	4.425900282583472e-07	0.016301544690593472
239.33601319288607	0.0	0.2345354697946668	0.004145822241834799	3.464364759562469e-07	0.01625975089159351
239.75742785384722	0.0	0.20197023472242467	0.004103716595983684	2.1010168440477582e-07	0.016217957092593875
240.1788425148084	0.0	0.16908718725511274	0.0040924729087007845	2.1032149294780933e-08	0.016192388780749915
240.60025717576954	0.0	0.13588113095459906	0.004123088683819524	1.9782190480384048e-08	0.016188827826864885
241.02167183673066	0.0	0.10236032440687294	0.004153704458938287	1.846366672715003e-08	0.01618526687297982
241.4430864976918	0.0	0.0685338459237641	0.0041843202340570715	1.7058730508553007e-08	0.016181705919094746
241.86450115865298	0.0	0.03441080275928589	0.004214936009175884	1.5545955147399715e-08	0.016178144965209636
242.28591581961416	0.0	0.0001000000000000522	0.004245551784294716	1.388777229197096e-08	0.016174584011324517
