Q20	Q30	EHFB	M22	M23	M33
148.0	0.0	0.5675540088097071	0.00732847	9.83034713024925e-09	0.0206078
148.13887402099147	0.0	0.5673935081862743	0.007357464465276129	2.3048953670638602e-08	0.020810347759627573
148.27774804198293	0.0	0.5671762495819539	0.00738645893055309	3.1438629452369915e-08	0.02101289551925432
148.4166220629744	0.0	0.5669025296440482	0.007415453395830878	3.83200671296927e-08	0.021215443278880232
148.5554960839659	0.0	0.5665726450198599	0.007444447861109499	4.440453562250779e-08	0.021417991038505363
148.69437010495736	0.0	0.566186892356693	0.007473442326388946	4.9989101552985236e-08	0.021620538798129616
148.83324412594882	0.0	0.5657455683018504	0.0075024367916692175	5.5228739785175075e-08	0.021823086557753047
148.9721181469403	0.0	0.5652489695026375	0.00753143125695032	6.021789207741016e-08	0.02202563431737565
149.11099216793178	0.0	0.5646973926063583	0.007560425722232257	6.501685975655393e-08	0.022228182076997463
149.24986618892325	0.0	0.5640911342603185	0.007589420187515018	6.966873178748049e-08	0.022430729836618406
149.38874020991472	0.0	0.5634304911118243	0.0076184146527986055	7.420343478856509e-08	0.022633277596238524
149.52761423090618	0.0	0.5627157598081818	0.007647409118083024	7.86446129718894e-08	0.02283582535585781
149.66648825189762	0.0	0.5619472369966977	0.007676403583368263	8.30092683454482e-08	0.023038373115476227
149.8053622728891	0.0	0.5611252193246791	0.007705398048654345	8.731194245720056e-08	0.02324092087509389
149.94423629388055	0.0	0.5602500034394347	0.007734392513941242	9.156315105224672e-08	0.023443468634710654
150.08311031487202	0.0	0.5593218859882717	0.0077633869792289745	9.577256660894717e-08	0.023646016394326626
150.2219843358635	0.0	0.5583411636184996	0.007792381444517541	9.994707409457399e-08	0.02384856415394181
150.36085835685498	0.0	0.5573081329774279	0.007821375909806937	1.0409377110178933e-07	0.02405111191355612
150.49973237784644	0.0	0.5562230907123658	0.007850370375097152	1.0821677888482345e-07	0.024253659673169607
150.63860639883794	0.0	0.5550863334706236	0.007879364840388202	1.1232113658004346e-07	0.024456207432782304
150.77748041982937	0.0	0.5538981578995132	0.007908359305680072	1.1641067012669877e-07	0.024658755192394095
150.91635444082084	0.0	0.5526588606463452	0.007937353770972782	1.2048920733527795e-07	0.024861302952005084
151.0552284618123	0.0	0.5513687383584311	0.007966348236266314	1.2455854974006182e-07	0.02506385071161526
151.19410248280377	0.0	0.5500280876830841	0.007995342701560673	1.2862173172945826e-07	0.025266398471224603
151.33297650379524	0.0	0.5486372052676166	0.008024337166855864	1.326809452384663e-07	0.025468946230833116
151.47185052478673	0.0	0.5471963877593422	0.00805333163215189	1.3673837343868034e-07	0.02567149399044084
151.61072454577817	0.0	0.5457059318055755	0.008082326097448734	1.4079546785815037e-07	0.025874041750047653
151.74959856676963	0.0	0.5441661340536303	0.008111320562746408	1.4485349863397953e-07	0.02607658950965368
151.8884725877611	0.0	0.5425772911508223	0.008140315028044917	1.4891431464720883e-07	0.026279137269258877
152.02734660875257	0.0	0.5409396998502289	0.008160632824584063	1.5260733229225815e-07	0.026434987959759498
152.16622062974406	0.0	0.5392536802322965	0.00814556464612258	1.5476327408553533e-07	0.02640039444112937
152.30509465073553	0.0	0.5375196048760246	0.00813049646766101	1.5687981745791118e-07	0.026365800922499336
152.443968671727	0.0	0.5357378535344112	0.008115428289199358	1.5895878481902855e-07	0.026331207403869388
152.58284269271846	0.0	0.5339088059604551	0.008100360110737627	1.610018753048216e-07	0.02629661388523952
152.72171671370995	0.0	0.5320328419071554	0.00808529193227581	1.630102264329168e-07	0.026262020366609726
152.8605907347014	0.0	0.5301103411275131	0.00807022375381391	1.6498489981476173e-07	0.026227426847980035
152.99946475569288	0.0	0.5281416833745276	0.008055155575351922	1.669273254942058e-07	0.026192833329350414
153.13833877668435	0.0	0.5261272484012012	0.008040087396889856	1.68838846805711e-07	0.02615823981072088
153.27721279767582	0.0	0.5240674159605359	0.008025019218427706	1.7072030176463699e-07	0.026123646292091424
153.41608681866728	0.0	0.5219625658055345	0.008009951039965475	1.725726879277448e-07	0.02608905277346206
153.55496083965878	0.0	0.5198130776891996	0.007994882861503152	1.7439673796658434e-07	0.02605445925483277
153.69383486065024	0.0	0.5176193313645367	0.007979814683040749	1.7619355221350727e-07	0.02601986573620357
153.8327088816417	0.0	0.5153817065845506	0.007964746504578266	1.7796417195487231e-07	0.02598527221757446
153.97158290263314	0.0	0.5131005831022472	0.007949678326115702	1.7970918356612364e-07	0.025950678698945427
154.1104569236246	0.0	0.5107763406706325	0.007934610147653053	1.814293394328799e-07	0.025916085180316475
154.24933094461608	0.0	0.5084093590427141	0.007919541969190319	1.8312535334275228e-07	0.02588149166168761
154.38820496560757	0.0	0.5060000179715001	0.007904473790727496	1.847977098202274e-07	0.02584689814305882
154.52707898659904	0.0	0.5035486972100007	0.00788940561226459	1.8644725110563778e-07	0.025812304624430123
154.66595300759047	0.0	0.5010557765112261	0.00787433743380161	1.8807477972565814e-07	0.025777711105801515
154.80482702858197	0.0	0.4985216356281858	0.007859269255338542	1.8968068677134035e-07	0.025743117587172976
154.94370104957343	0.0	0.49594665431389384	0.00784420107687539	1.9126552964558318e-07	0.02570852406854452
155.0825750705649	0.0	0.49333121232136246	0.007829132898412151	1.9282965705911076e-07	0.025673930549916162
155.22144909155637	0.0	0.49067568940360595	0.00781406471994883	1.9437376436515808e-07	0.025639337031287884
155.36032311254783	0.0	0.48798046531364003	0.007798996541485429	1.9589851713111185e-07	0.025604743512659685
155.4991971335393	0.0	0.4852459198044808	0.007783928363021946	1.9740419713521503e-07	0.02557014999403157
155.63807115453076	0.0	0.4824724326291461	0.007768860184558373	1.9889107363416783e-07	0.025535556475403537
155.77694517552223	0.0	0.479660383540655	0.007753792006094722	2.0035992765964385e-07	0.02550096295677559
155.91581919651372	0.0	0.4768101522920272	0.00773872382763098	2.0181081792730168e-07	0.02546636943814772
156.0546932175052	0.0	0.4739221184000053	0.007724706852807052	2.012059132115514e-07	0.02543243907478275
156.19356723849666	0.0	0.4709966518522125	0.007712307833025374	1.974204435459223e-07	0.0253995294036608
156.33244125948812	0.0	0.4680341100550082	0.00769990881324388	1.9357800437686892e-07	0.025366619732538672
156.4713152804796	0.0	0.4650348495532311	0.007687509793462579	1.8967565143455997e-07	0.025333710061416354
156.61018930147105	0.0	0.4619992268917218	0.007675110773681459	1.8570901730362835e-07	0.02530080039029385
156.74906332246252	0.0	0.4589275986153225	0.00766271175390052	1.816738614213547e-07	0.025267890719171165
156.88793734345398	0.0	0.45582032126887756	0.007650312734119768	1.775656749411614e-07	0.02523498104804829
157.02681136444545	0.0	0.45267775139723243	0.0076379137143392055	1.73379431218725e-07	0.025202071376925234
157.16568538543694	0.0	0.4495002455452347	0.00762551469455883	1.6910929833041276e-07	0.02516916170580198
157.30455940642838	0.0	0.4462881602577357	0.007613115674778635	1.6474809653591895e-07	0.025136252034678556
157.44343342741985	0.0	0.4430418520795861	0.0076007166549986295	1.6028899639196357e-07	0.02510334236355494
157.58230744841134	0.0	0.43976167755563966	0.007588317635218805	1.557233321582081e-07	0.02507043269243113
157.7211814694028	0.0	0.4364479932307544	0.007575918615439168	1.5104117859871602e-07	0.025037523021307146
157.86005549039427	0.0	0.43310115564978885	0.0075635195956597215	1.4623200202678582e-07	0.02500461335018297
157.99892951138574	0.0	0.42972152135760455	0.007551120575880458	1.4128207247569807e-07	0.024971703679058613
158.13780353237723	0.0	0.426309446899065	0.007538721556101372	1.3617600173538174e-07	0.024938794007934063
158.27667755336867	0.0	0.42286528881903984	0.007526322536322479	1.308957328494479e-07	0.024905884336809344
158.41555157436017	0.0	0.419389403662396	0.007513923516543769	1.2541948725122956e-07	0.024872974665684423
158.5544255953516	0.0	0.4158821479740101	0.0075015244967652495	1.1972004642242952e-07	0.02484006499455933
158.69329961634307	0.0	0.41234387829875646	0.007489125476986914	1.1376381963661599e-07	0.02480715532343404
158.83217363733456	0.0	0.4087749511815153	0.00747672645720876	1.0750808245043384e-07	0.02477424565230856
158.971047658326	0.0	0.4051757231671726	0.007464327437430794	1.0089675524408995e-07	0.024741335981182916
159.1099216793175	0.0	0.4015465508006133	0.007451928417653016	9.38557209595008e-08	0.02470842631005706
159.24879570030896	0.0	0.39788779062673163	0.007439529397875422	8.627862394418592e-08	0.02467551663893103
159.38766972130045	0.0	0.3941997991904222	0.007427130378098008	7.800934591259708e-08	0.024642606967804813
159.5265437422919	0.0	0.3904829330365881	0.007414731358320788	6.879962216825623e-08	0.024609697296678418
159.6654177632834	0.0	0.3867375487101322	0.0074023323385437444	5.8203504649992176e-08	0.024576787625551832
159.80429178427482	0.0	0.3829640027559683	0.007389933318766895	4.525878484485507e-08	0.024543877954425065
159.94316580526632	0.0	0.37916265171900976	0.007377534298990231	2.6748926684664758e-08	0.024510968283298094
160.08203982625778	0.0	0.37533386567876403	0.0073689687951935855	1.2957877401293423e-08	0.024475718426128577
160.22091384724925	0.0	0.3714782248413211	0.007363059011230276	1.2702081508121709e-08	0.024438847373555356
160.3597878682407	0.0	0.3675964751508279	0.007357149227266972	1.2445398086200824e-08	0.024401976320982146
160.49866188923218	0.0	0.36368936705130195	0.007351239443303663	1.2182462486782658e-08	0.024365105268408918
160.63753591022368	0.0	0.359757650986771	0.0073453296593403595	1.1918259920111427e-08	0.02432823421583569
160.7764099312151	0.0	0.3558020774012688	0.007339419875377056	1.1647191970283894e-08	0.024291363163262476
160.91528395220658	0.0	0.35182339673883223	0.007333510091413751	1.1371588902580432e-08	0.024254492110689255
161.05415797319807	0.0	0.3478223594435067	0.007327600307450452	1.1093962567331544e-08	0.024217621058116017
161.1930319941895	0.0	0.34379971595934833	0.0073216905234871526	1.0808281941926508e-08	0.0241807500055428
161.331906015181	0.0	0.3397562167304153	0.0073157807395238545	1.051989692696841e-08	0.02414387895296956
161.47078003617247	0.0	0.3356926122007791	0.0073098709555605565	1.0222412429786494e-08	0.024107007900396337
161.60965405716394	0.0	0.33160965281451765	0.007303961171597258	9.918185615449515e-09	0.024070136847823106
161.7485280781554	0.0	0.32750808901571876	0.0072980513876339664	9.609806000579605e-09	0.024033265795249878
161.8874020991469	0.0	0.32338867124847903	0.00729214160367067	9.290150159666198e-09	0.023996394742676636
162.02627612013833	0.0	0.31925214995690954	0.007286231819707382	8.964931128714318e-09	0.02395952369010341
162.1651501411298	0.0	0.3150992755851271	0.00728032203574409	8.626347378299314e-09	0.023922652637530174
162.30402416212127	0.0	0.31093079857726436	0.0072744122517807985	8.276494844240708e-09	0.023885781584956935
162.44289818311273	0.0	0.30674746937746533	0.007268502467817513	7.917727474622712e-09	0.023848910532383697
162.58177220410423	0.0	0.3025500384298873	0.007262592683854227	7.544692053059282e-09	0.023812039479810452
162.72064622509572	0.0	0.2983392561787034	0.007256682899890937	7.150914134368183e-09	0.023775168427237203
162.8595202460872	0.0	0.29411587306810244	0.0072507731159276514	6.737278195241553e-09	0.023738297374663965
162.99839426707862	0.0	0.289880639542289	0.007244863331964368	6.299864621569886e-09	0.02370142632209073
163.1372682880701	0.0	0.2856343060454835	0.007238953548001089	5.838449579668361e-09	0.023664555269517485
163.27614230906158	0.0	0.2813776230219273	0.0072330437640378085	5.3411645483872054e-09	0.023627684216944226
163.41501633005302	0.0	0.27711134091588463	0.007227133980074529	4.790653072985375e-09	0.02359081316437099
163.5538903510445	0.0	0.2728362101716362	0.00722122419611125	4.1730370379052056e-09	0.023553942111797746
163.69276437203595	0.0	0.2685529812334898	0.007215314412147974	3.461007475902081e-09	0.023517071059224494
163.83163839302742	0.0	0.2642624045457777	0.007209404628184697	2.5544087051011088e-09	0.023480200006651242
163.97051241401888	0.0	0.2599652305528592	0.0072034948442214215	1.0548203549493858e-09	0.023443328954077993
164.10938643501038	0.0	0.25566217164984756	0.007198830971752902	0.0	0.023415454935784348
164.24826045600184	0.0	0.2513536476148122	0.007194502962888703	0.0	0.023390006271437662
164.3871344769933	0.0	0.24703994247263056	0.007190174954024504	0.0	0.023364557607090976
164.52600849798478	0.0	0.24272133950285096	0.007185846945160304	0.0	0.023339108942744293
164.66488251897624	0.0	0.23839812198506782	0.007181518936296106	0.0	0.023313660278397607
164.8037565399677	0.0	0.2340705731989267	0.007177190927431906	0.0	0.02328821161405092
164.9426305609592	0.0	0.22973897642412788	0.007172862918567706	0.0	0.023262762949704228
165.08150458195067	0.0	0.22540361494043487	0.007168534909703508	0.0	0.02323731428535754
165.22037860294216	0.0	0.22106477202767474	0.007164206900839307	0.0	0.023211865621010852
165.3592526239336	0.0	0.21672273096575226	0.007159878891975108	0.0	0.02318641695666417
165.49812664492507	0.0	0.21237777503464775	0.00715555088311091	0.0	0.02316096829231748
165.6370006659165	0.0	0.20803018751443522	0.007151222874246712	0.0	0.0231355196279708
165.77587468690797	0.0	0.20368025168528364	0.007146894865382512	0.0	0.023110070963624114
165.91474870789946	0.0	0.19932825082747296	0.007142566856518312	0.0	0.02308462229927742
166.0536227288909	0.0	0.19497446822140713	0.007138238847654114	0.0	0.023059173634930742
166.1924967498824	0.0	0.19061918714761847	0.0071339108387899145	0.0	0.023033724970584053
166.33137077087386	0.0	0.18626269088679642	0.007129582829925716	0.0	0.023008276306237366
166.47024479186533	0.0	0.1819052627197944	0.007125254821061516	0.0	0.02298282764189068
166.6091188128568	0.0	0.17754718592765553	0.007120926812197318	0.0	0.022957378977543994
166.74799283384826	0.0	0.17318874379163451	0.007116598803333118	0.0	0.022931930313197308
166.88686685483975	0.0	0.1688302195932235	0.007112270794468918	0.0	0.022906481648850615
167.02574087583122	0.0	0.16447189661418712	0.007107942785604719	0.0	0.02288103298450393
167.16461489682268	0.0	0.1601140581365928	0.00710361477674052	0.0	0.022855584320157243
167.30348891781415	0.0	0.15575698744285635	0.0070992867678763205	0.0	0.022830135655810557
167.44236293880562	0.0	0.15140096781579024	0.007094958759012121	0.0	0.02280468699146387
167.58123695979708	0.0	0.14704628253866084	0.007090630750147923	0.0	0.022779238327117184
167.72011098078855	0.0	0.14269321489525666	0.007086302741283723	0.0	0.022753789662770498
167.85898500178	0.0	0.13834204816996865	0.007081974732419525	0.0	0.022728340998423812
167.99785902277148	0.0	0.13399306564788607	0.007077646723555325	0.0	0.022702892334077126
168.13673304376294	0.0	0.12964660571101003	0.007075001214794629	0.0	0.022672791327916407
168.2756070647544	0.0	0.12530323756032985	0.00707238205075873	0.0	0.022642617475005487
168.41448108574588	0.0	0.12096359083316187	0.007069762886722831	0.0	0.022612443622094566
168.55335510673734	0.0	0.11662829516831512	0.0070671437226869326	0.0	0.022582269769183646
168.69222912772884	0.0	0.11229798020611657	0.0070645245586510325	0.0	0.022552095916272715
168.8311031487203	0.0	0.10797327558870844	0.007061905394615134	0.0	0.022521922063361795
168.9699771697118	0.0	0.10365481096040588	0.007059286230579234	0.0	0.02249174821045087
169.10885119070323	0.0	0.09934321596816077	0.007056667066543336	0.0	0.022461574357539954
169.24772521169473	0.0	0.09503912026212576	0.007054047902507437	0.0	0.02243140050462903
169.3865992326862	0.0	0.09074315349639958	0.007051428738471538	0.0	0.022401226651718106
169.52547325367763	0.0	0.08645594532996109	0.007048809574435639	0.0	0.022371052798807193
169.6643472746691	0.0	0.08217812542789765	0.007046190410399739	0.0	0.022340878945896273
169.80322129566056	0.0	0.07791032346302702	0.007043571246363841	0.0	0.02231070509298535
169.94209531665206	0.0	0.07365316911805292	0.007040952082327941	0.0	0.022280531240074425
170.0809693376435	0.0	0.06940729208849725	0.007038332918292043	0.0	0.022250357387163508
170.21984335863496	0.0	0.06517332208672434	0.007035713754256144	0.0	0.022220183534252588
170.35871737962646	0.0	0.06095188884760617	0.007033094590220244	0.0	0.02219000968134166
170.49759140061792	0.0	0.05674362213662312	0.007030475426184346	0.0	0.02215983582843074
170.6364654216094	0.0	0.05254915176173275	0.007027856262148447	0.0	0.02212966197551982
170.77533944260088	0.0	0.04836910759123703	0.007025237098112548	0.0	0.022099488122608892
170.91421346359232	0.0	0.044204119581494034	0.007022617934076649	0.0	0.02206931426969798
171.05308748458378	0.0	0.04005481782142843	0.00701999877004075	0.0	0.02203914041678706
171.19196150557525	0.0	0.035921832607108295	0.00701737960600485	0.0	0.022008966563876135
171.33083552656672	0.0	0.03180579457301943	0.007014760441968952	0.0	0.021978792710965214
171.46970954755818	0.0	0.027707334937676572	0.007012141277933053	0.0	0.021948618858054294
171.60858356854965	0.0	0.023627085999458234	0.007009522113897154	0.0	0.021918445005143374
171.7474575895411	0.0	0.01956568224090403	0.0070069029498612545	0.0	0.021888271152232453
171.88633161053264	0.0	0.015523763136553759	0.0070042837858253545	0.0	0.02185809729932152
172.0252056315241	0.0	0.011501981518617319	0.007001481943974985	0.0	0.02182837147651094
172.16407965251557	0.0	0.0075009657860536155	0.00699785629047195	0.0	0.021800666109323144
172.30295367350703	0.0	0.003521499263146647	0.006994230636968916	0.0	0.021772960742135344
172.4418276944985	0.0	0.0004500089442823776	0.006990604983465881	0.0	0.02174525537494755
172.58070171548997	0.0	0.004376996919229195	0.006986979329962846	0.0	0.021717550007759753
172.71957573648143	0.0	0.008291459099100286	0.006983353676459811	0.0	0.021689844640571956
172.85844975747287	0.0	0.012183816668121433	0.006979728022956777	0.0	0.021662139273384163
172.9973237784644	0.0	0.016053460647974048	0.0069761023694537416	0.0	0.021634433906196352
173.13619779945583	0.0	0.019899980069592135	0.006972476715950708	0.0	0.021606728539008562
173.2750718204473	0.0	0.023722999975082953	0.006968851062447672	0.0	0.021579023171820765
173.41394584143876	0.0	0.02752215609820501	0.006965225408944637	0.0	0.02155131780463297
173.55281986243025	0.0	0.03129708827377346	0.006961599755441602	0.0	0.021523612437445164
173.6916938834217	0.0	0.03504743818711262	0.006957974101938568	0.0	0.021495907070257374
173.83056790441316	0.0	0.03877284845898627	0.0069543484484355335	0.0	0.021468201703069574
173.96944192540462	0.0	0.042472962224648504	0.006950722794932499	0.0	0.021440496335881777
174.1083159463961	0.0	0.0461474229214436	0.006947097141429465	0.0	0.02141279096869398
174.24718996738758	0.0	0.049795874173603295	0.006943471487926429	0.0	0.021385085601506176
174.38606398837902	0.0	0.053417959726023645	0.006939845834423395	0.0	0.021357380234318386
174.52493800937052	0.0	0.05701332340434685	0.0069362201809203584	0.0	0.021329674867130582
174.66381203036195	0.0	0.06058160908989274	0.006932594527417325	0.0	0.021301969499942792
174.80268605135345	0.0	0.06412246070339943	0.00692896887391429	0.0	0.02127426413275499
174.9415600723449	0.0	0.06763552219413173	0.006925343220411256	0.0	0.02124655876556719
175.08043409333638	0.0	0.0711204375324246	0.006921717566908221	0.0	0.021218853398379395
175.21930811432787	0.0	0.07457685070444237	0.006918091913405185	0.0	0.02119114803119159
175.35818213531934	0.0	0.07800440570842776	0.00691446625990215	0.0	0.021163442664003794
175.4970561563108	0.0	0.08140274655197448	0.006910840606399115	0.0	0.021135737296815997
175.63593017730227	0.0	0.08477151725000162	0.006907214952896081	0.0	0.021108031929628197
175.77480419829374	0.0	0.08811036182323534	0.006903589299393046	0.0	0.021080326562440403
175.9136782192852	0.0	0.09141892429705271	0.006899963645890011	0.0	0.021052621195252606
176.05255224027667	0.0	0.09469684944570468	0.006895863051515475	0.0	0.02102639254601658
176.19142626126813	0.0	0.0979438150785702	0.006890982324047732	0.0	0.021002589538818645
176.3303002822596	0.0	0.10115954442988662	0.0068861015965799854	0.0	0.02097878653162071
176.46917430325107	0.0	0.10434376403823944	0.006881220869112241	0.0	0.02095498352442277
176.60804832424253	0.0	0.10749620044396274	0.0068763401416444955	0.0	0.020931180517224833
176.746922345234	0.0	0.11061658018885762	0.00687145941417675	0.0	0.020907377510026897
176.88579636622546	0.0	0.11370462981596334	0.0068665786867090055	0.0	0.020883574502828958
177.02467038721693	0.0	0.11676007586937005	0.00686169795924126	0.0	0.02085977149563102
177.16354440820842	0.0	0.11978264489406533	0.006856817231773515	0.0	0.02083596848843308
177.30241842919986	0.0	0.12277206343580281	0.006851936504305769	0.0	0.020812165481235146
177.44129245019136	0.0	0.12572805804100287	0.006847055776838024	0.0	0.020788362474037203
177.58016647118282	0.0	0.12865035525665433	0.006842175049370278	0.0	0.020764559466839267
177.7190404921743	0.0	0.13153868163024618	0.006837294321902533	0.0	0.02074075645964133
177.85791451316575	0.0	0.1343927637097006	0.006832413594434788	0.0	0.02071695345244339
177.99678853415722	0.0	0.1372123280433198	0.006827532866967042	0.0	0.020693150445245456
178.1356625551487	0.0	0.13999710117973996	0.006822652139499296	0.0	0.020669347438047513
178.27453657614015	0.0	0.1427468096678891	0.006817771412031552	0.0	0.02064554443084958
178.41341059713162	0.0	0.14546118005695835	0.006812890684563807	0.0	0.02062174142365164
178.5522846181231	0.0	0.1481399388963678	0.006808009957096061	0.0	0.0205979384164537
178.69115863911458	0.0	0.15078281273574107	0.006803129229628316	0.0	0.02057413540925576
178.83003266010604	0.0	0.15338952812488624	0.00679824850216057	0.0	0.020550332402057826
178.9689066810975	0.0	0.1559598116137741	0.006793367774692826	0.0	0.02052652939485989
179.10778070208897	0.0	0.1584933897525219	0.006788487047225081	0.0	0.020502726387661954
179.24665472308044	0.0	0.16098998909137807	0.006783606319757335	0.0	0.020478923380464014
179.3855287440719	0.0	0.1634493361807099	0.00677872559228959	0.0	0.020455120373266075
179.52440276506337	0.0	0.16587115757099116	0.006773844864821845	0.0	0.020431317366068142
179.66327678605484	0.0	0.16825517981279237	0.0067689641373541	0.0	0.020407514358870203
179.8021508070463	0.0	0.1706011294567716	0.006764083409886355	0.0	0.020383711351672263
179.9410248280378	0.0	0.17290873305366683	0.006759202682418608	0.0	0.02035990834447432
180.07989884902926	0.0	0.17517772049172942	0.006753019403964568	1.1449331716943043e-09	0.02033568586831898
180.21877287002073	0.0	0.1774078768224449	0.006745874682769617	1.8962263711967256e-09	0.02031115377251083
180.3576468910122	0.0	0.17959903240392408	0.006738729961574661	2.414125526678738e-09	0.02028662167670268
180.49652091200366	0.0	0.18175101893648046	0.006731585240379708	2.8442032993343256e-09	0.020262089580894534
180.6353949329951	0.0	0.1838636681204789	0.006724440519184755	3.2091683986555435e-09	0.02023755748508639
180.77426895398656	0.0	0.18593681165633283	0.006717295797989802	3.5407668252037815e-09	0.020213025389278244
180.91314297497803	0.0	0.1879702812444981	0.006710151076794848	3.842351876933329e-09	0.0201884932934701
181.05201699596952	0.0	0.1899639085854714	0.006703006355599892	4.120521699166426e-09	0.020163961197661947
181.19089101696102	0.0	0.19191752537978538	0.006695861634404933	4.375158926859493e-09	0.020139429101853797
181.32976503795246	0.0	0.1938309633280063	0.006688716913209976	4.614539811848937e-09	0.020114897006045664
181.46863905894395	0.0	0.19570405413073447	0.00668157219201502	4.8450521168970605e-09	0.02009036491023751
181.60751307993542	0.0	0.19753662948859635	0.006674427470820065	5.0639475905303095e-09	0.020065832814429366
181.74638710092688	0.0	0.19932852110224675	0.006667282749625107	5.2726753913881046e-09	0.02004130071862122
181.88526112191835	0.0	0.20107956067236532	0.006660138028430148	5.468780637050924e-09	0.02001676862281308
182.0241351429098	0.0	0.2027895798996548	0.0066529933072351916	5.660590408267832e-09	0.019992236527004933
182.16300916390128	0.0	0.20445841048483965	0.006645848586040231	5.8417610486446375e-09	0.019967704431196793
182.30188318489274	0.0	0.20608588412866422	0.006638703864845273	6.019814405617214e-09	0.019943172335388653
182.44075720588418	0.0	0.20767183253189153	0.006631559143650317	6.191831450670987e-09	0.019918640239580516
182.57963122687568	0.0	0.2092160873953034	0.006624414422455353	6.355228535428075e-09	0.019894108143772373
182.71850524786714	0.0	0.21071848041969604	0.006617269701260393	6.5166668510643435e-09	0.01986957604796423
182.8573792688586	0.0	0.21217884330588227	0.006610124980065431	6.670438919543701e-09	0.019845043952156093
182.99625328985007	0.0	0.2135970077546893	0.0066029802588704715	6.822775685038319e-09	0.01982051185634795
183.13512731084154	0.0	0.21497280546695754	0.00659583553767551	6.970976339930291e-09	0.01979597976053981
183.27400133183306	0.0	0.21630606814354097	0.006588690816480544	7.112588779491429e-09	0.019771447664731663
183.4128753528245	0.0	0.21759662748530345	0.006581546095285584	7.253329749059119e-09	0.019746915568923527
183.551749373816	0.0	0.21884431519312303	0.006574401374090618	7.388036205380568e-09	0.019722383473115387
183.69062339480746	0.0	0.22004896296788629	0.0065672566528956556	7.522145450422971e-09	0.019697851377307247
183.8294974157989	0.0	0.2212104025104909	0.0065601119317006944	7.65317635396304e-09	0.019673319281499117
183.96837143679033	0.0	0.222328465521844	0.006552967210505729	7.77883854755504e-09	0.019648787185690984
184.10724545778183	0.0	0.22340300070891328	0.006543764717089576	7.695752343029651e-09	0.01962376980418638
184.24611947877332	0.0	0.22443399429842634	0.006533955350616835	7.54740254522918e-09	0.019598609303433254
184.3849934997648	0.0	0.2254214991098297	0.006524145984144102	7.399318181674464e-09	0.019573448802680127
184.52386752075623	0.0	0.22636556839879848	0.0065143366176713645	7.246292109415184e-09	0.019548288301927008
184.66274154174772	0.0	0.22726625542101622	0.006504527251198628	7.093329237036636e-09	0.01952312780117388
184.80161556273916	0.0	0.22812361343217316	0.0064947178847258955	6.937708019583583e-09	0.019497967300420756
184.94048958373065	0.0	0.2289376956879679	0.006484908518253158	6.776481023483981e-09	0.01947280679966763
185.07936360472212	0.0	0.2297085554441053	0.006475099151780421	6.612083073604692e-09	0.019447646298914503
185.2182376257136	0.0	0.2304362459562974	0.0064652897853076825	6.444270130522536e-09	0.01942248579816137
185.35711164670505	0.0	0.23112082048026192	0.006455480418834949	6.2727667188124754e-09	0.01939732529740825
185.49598566769652	0.0	0.2317623322717236	0.006445671052362219	6.1033420451667075e-09	0.019372164796655118
185.63485968868798	0.0	0.23236083458641246	0.006435861685889484	5.923644125681977e-09	0.01934700429590199
185.77373370967945	0.0	0.2329163806800643	0.006426052319416753	5.742405331136343e-09	0.019321843795148865
185.91260773067094	0.0	0.23342902380842026	0.006416242952944017	5.552819444274893e-09	0.019296683294395732
186.0514817516624	0.0	0.23389881722722675	0.006406433586471285	5.360882534490894e-09	0.019271522793642602
186.19035577265387	0.0	0.2343258141922351	0.006396624219998552	5.159203971580393e-09	0.019246362292889476
186.32922979364534	0.0	0.2347100679592019	0.0063868148535258205	4.950312807244037e-09	0.01922120179213635
186.4681038146368	0.0	0.2350516317838881	0.006377005487053088	4.733252346379481e-09	0.019196041291383224
186.6069778356283	0.0	0.2353505589220596	0.006367196120580356	4.510877013345123e-09	0.019170880790630083
186.74585185661974	0.0	0.23560690262948644	0.006357386754107629	4.2780842756016485e-09	0.019145720289876954
186.88472587761123	0.0	0.2358207161619435	0.006347577387634896	4.028574816578544e-09	0.01912055978912382
187.0235998986027	0.0	0.23599205277520954	0.006337768021162167	3.768655447638791e-09	0.019095399288370687
187.16247391959416	0.0	0.236120965725068	0.00632795865468944	3.4908051778987163e-09	0.019070238787617554
187.30134794058563	0.0	0.23620750826730616	0.00631814928821671	3.18469824206808e-09	0.019045078286864425
187.4402219615771	0.0	0.2362517336577157	0.006308339921743979	2.847565970894884e-09	0.01901991778611129
187.57909598256856	0.0	0.23625369515209238	0.0062985305552712536	2.473960933718018e-09	0.018994757285358158
187.71797000356003	0.0	0.23621344600623576	0.006288721188798523	2.026367796310091e-09	0.018969596784605025
187.8568440245515	0.0	0.23613103947594968	0.006278911822325795	1.4496704840984786e-09	0.018944436283851895
187.99571804554296	0.0	0.2360065288170421	0.006269102455853069	3.770045437588009e-10	0.018919275783098762
188.13459206653442	0.0	0.23583995325785595	0.006258135261127975	2.6632612532994374e-10	0.018896144257748642
188.2734660875259	0.0	0.23563129047593237	0.006247131230889664	2.660719177795986e-10	0.018873077282861958
188.41234010851738	0.0	0.23538050127152002	0.006236127200651352	2.658177102292534e-10	0.01885001030797527
188.55121412950888	0.0	0.23508754644442015	0.006225123170413038	2.655635026789082e-10	0.01882694333308858
188.69008815050034	0.0	0.23475238679443847	0.0062141191401747274	2.653092951285631e-10	0.0188038763582019
188.8289621714918	0.0	0.2343749831213848	0.006203115109936416	2.650550875782181e-10	0.01878080938331522
188.96783619248328	0.0	0.23395529622507374	0.006192111079698105	2.6480088002787293e-10	0.018757742408428535
189.10671021347468	0.0	0.23349328690532456	0.006181107049459795	1.8706274604919659e-10	0.01873467543354186
189.24558423446618	0.0	0.2329889159619606	0.006170103019221482	1.8688299416651866e-10	0.01871160845865517
189.38445825545764	0.0	0.23244214419481102	0.006159098988983171	1.8670324228384083e-10	0.01868854148376849
189.5233322764491	0.0	0.23185293240370955	0.00614809495874486	1.8652349040116296e-10	0.018665474508881806
189.66220629744058	0.0	0.23122124138849523	0.00613709092850655	1.8634373851848508e-10	0.018642407533995122
189.80108031843207	0.0	0.23054703194901238	0.006126086898268236	1.8616398663580725e-10	0.018619340559108438
189.93995433942354	0.0	0.22983026488511143	0.006115082868029926	1.8598423475312938e-10	0.018596273584221754
190.078828360415	0.0	0.22907090099664842	0.006104078837791615	1.8580448287045155e-10	0.018573206609335074
190.21770238140647	0.0	0.22826890108348522	0.006093074807553303	1.856247309877737e-10	0.01855013963444839
190.35657640239793	0.0	0.22742422594549064	0.006082070777314993	1.8544497910509582e-10	0.018527072659561706
190.4954504233894	0.0	0.22653683638253977	0.006071066747076682	1.8526522722241797e-10	0.018504005684675022
190.63432444438087	0.0	0.2256066931945151	0.006060062716838368	0.0	0.018480938709788345
190.7731984653723	0.0	0.2246337571813065	0.006049058686600059	0.0	0.018457871734901665
190.9120724863638	0.0	0.22361798914281075	0.006038054656361747	0.0	0.018434804760014977
191.05094650735526	0.0	0.22255934987893422	0.006027050626123435	0.0	0.018411737785128297
191.18982052834673	0.0	0.22145780018959116	0.006016046595885125	0.0	0.018388670810241613
191.3286945493382	0.0	0.22031330087470494	0.006005042565646814	0.0	0.01836560383535493
191.4675685703297	0.0	0.21912581273420836	0.005994038535408501	0.0	0.018342536860468245
191.60644259132116	0.0	0.2178952965680456	0.00598303450517019	0.0	0.01831946988558156
191.74531661231262	0.0	0.21662171317617054	0.005972030474931879	0.0	0.018296402910694877
191.8841906333041	0.0	0.2153050233585491	0.005961026444693568	0.0	0.018273335935808196
192.02306465429552	0.0	0.21394518815969424	0.00594991008958884	0.0	0.018250887093656635
192.16193867528702	0.0	0.2125422522811702	0.005938229742868298	0.0	0.01823154194253252
192.3008126962785	0.0	0.21109646583594643	0.005926549396147755	0.0	0.018212196791408407
192.43968671726995	0.0	0.20960810989196343	0.005914869049427217	0.0	0.018192851640284297
192.57856073826144	0.0	0.20807746551717357	0.005903188702706674	0.0	0.018173506489160184
192.71743475925288	0.0	0.2065048137795461	0.005891508355986137	0.0	0.018154161338036077
192.85630878024435	0.0	0.20489043574706356	0.005879828009265597	0.0	0.018134816186911967
192.99518280123584	0.0	0.20323461248772604	0.005868147662545055	0.0	0.018115471035787853
193.1340568222273	0.0	0.20153762506955172	0.005856467315824515	0.0	0.01809612588466374
193.27293084321877	0.0	0.19979975456057658	0.005844786969103975	0.0	0.01807678073353963
193.41180486421024	0.0	0.198021282028857	0.005833106622383435	0.0	0.01805743558241552
193.55067888520168	0.0	0.19620248854247138	0.005821426275662901	1.8204248183412126e-10	0.01803809043129141
193.68955290619317	0.0	0.1943436551695195	0.005809745928942359	1.8192826734818426e-10	0.01801874528016729
193.82842692718464	0.0	0.1924450629781284	0.005798065582221818	1.8181405286224736e-10	0.01799940012904318
193.9673009481761	0.0	0.19050699303645036	0.005786385235501278	1.8169983837631044e-10	0.01798005497791907
194.10617496916757	0.0	0.1885297264126666	0.0057747048887807385	1.8158562389037352e-10	0.01796070982679496
194.24504899015906	0.0	0.18651354417498914	0.005763024542060196	1.8147140940443655e-10	0.017941364675670844
194.38392301115053	0.0	0.1844587273916649	0.005751344195339656	1.8135719491849962e-10	0.017922019524546733
194.52279703214197	0.0	0.18236555713097638	0.0057396638486191184	1.8124298043256273e-10	0.017902674373422627
194.66167105313343	0.0	0.18023431446124427	0.005727983501898578	1.8112876594662583e-10	0.017883329222298516
194.80054507412493	0.0	0.17806528045083334	0.005716303155178035	1.8101455146068889e-10	0.017863984071174403
194.93941909511636	0.0	0.175858736168156	0.0057046228084574975	1.8090033697475194e-10	0.017844638920050292
195.07829311610786	0.0	0.1736149626816724	0.005692942461736957	2.556701863125258e-10	0.01782529376892618
195.21716713709935	0.0	0.1713342410599005	0.005681262115016415	2.5550866263749434e-10	0.017805948617802065
195.35604115809082	0.0	0.16901685237141845	0.005669581768295875	2.553471389624628e-10	0.01778660346667795
195.49491517908226	0.0	0.16666307768487013	0.005657901421575337	2.551856152874314e-10	0.017767258315553845
195.63378920007375	0.0	0.16427319806897037	0.005646221074854794	2.550240916123999e-10	0.01774791316442973
195.77266322106522	0.0	0.16184749459251685	0.005634540728134255	2.5486256793736844e-10	0.01772856801330562
195.91153724205668	0.0	0.15938624832439302	0.005622860381413714	2.54701044262337e-10	0.01770922286218151
196.05041126304815	0.0	0.15688973919506233	0.0056111432344711516	8.24757925871943e-10	0.017689190857598364
196.1892852840396	0.0	0.15435819141829069	0.005599361509715291	1.5365197595251906e-09	0.01766795354793824
196.32815930503108	0.0	0.15179174940145596	0.005587579784959431	2.009052698281961e-09	0.01764671623827812
196.46703332602254	0.0	0.14919055139975987	0.005575798060203568	2.382056133988906e-09	0.017625478928617995
196.605907347014	0.0	0.14655473566855587	0.0055640163354477076	2.7090819911321843e-09	0.017604241618957874
196.7447813680055	0.0	0.14388444046336626	0.005552234610691844	2.9998016641324482e-09	0.017583004309297746
196.88365538899697	0.0	0.14117980403990477	0.005540452885935983	3.2639319827234992e-09	0.017561766999637626
197.02252940998844	0.0	0.13844096465409678	0.005528671161180119	3.5029158811699907e-09	0.01754052968997751
197.1614034309799	0.0	0.13566806056210812	0.0055168894364242575	3.730207096693532e-09	0.017519292380317384
197.30027745197137	0.0	0.13286123002037567	0.005505107711668393	3.93970927408754e-09	0.017498055070657267
197.43915147296286	0.0	0.13002061128564307	0.0054933259869125286	4.1418525378338335e-09	0.017476817760997135
197.5780254939543	0.0	0.127146342615005	0.005481544262156669	4.333977825377926e-09	0.01745558045133702
197.71689951494577	0.0	0.12423856226595088	0.005469762537400806	4.517364208856563e-09	0.0174343431416769
197.8557735359372	0.0	0.12129740849642862	0.005457980812644946	4.693036911525268e-09	0.017413105832016783
197.9946475569287	0.0	0.11832301956490615	0.005446199087889081	4.8618327981651674e-09	0.017391868522356663
198.13352157792016	0.0	0.11531553373045872	0.005434417363133219	5.024445611467194e-09	0.017370631212696542
198.27239559891166	0.0	0.1122750892528573	0.005422635638377352	5.181458123229093e-09	0.017349393903036414
198.41126961990312	0.0	0.10920182439268852	0.005410853913621489	5.333365550182638e-09	0.017328156593376297
198.5501436408946	0.0	0.10609587741148745	0.005399072188865621	5.474845101467097e-09	0.017306919283716183
198.68901766188608	0.0	0.10295738657190565	0.0053872904641097535	5.6179157789460025e-09	0.01728568197405606
198.82789168287752	0.0	0.09978649013791588	0.005375508739353892	5.756984474976764e-09	0.01726444466439594
198.96676570386904	0.0	0.09658332637505221	0.005363727014598023	5.892335081819703e-09	0.017243207354735814
199.10563972486048	0.0	0.09334803355072824	0.005351945289842161	6.0242187300342614e-09	0.017221970045075696
199.24451374585192	0.0	0.09008074993460444	0.005340163565086298	6.152858864925039e-09	0.017200732735415586
199.38338776684338	0.0	0.08678161379907261	0.005328381840330433	6.2784553533191735e-09	0.01717949542575547
199.52226178783485	0.0	0.08345076341985957	0.0053166001155745685	6.401187837980397e-09	0.01715825811609535
199.66113580882634	0.0	0.08008833707679626	0.005304818390818698	6.518834579609062e-09	0.01713702080643523
199.8000098298178	0.0	0.07669447305481707	0.005293036666062832	6.636356382830489e-09	0.017115783496775117
199.93888385080928	0.0	0.07326930964525695	0.0052812549413069655	6.7514547356422495e-09	0.017094546187114996
200.07775787180077	0.0	0.06981298405731627	0.00527043158232453	3.763224391525489e-08	0.017072535186626967
200.21663189279224	0.0	0.06632561429603313	0.005260361479883267	6.208647332699494e-08	0.0170499160804521
200.3555059137837	0.0	0.0628073019484662	0.005250291377441565	7.926467033932053e-08	0.017027296974277677
200.49437993477514	0.0	0.05925814809024601	0.005240221274999423	9.32774129197351e-08	0.017004677868103696
200.63325395576663	0.0	0.05567825382109477	0.005230151172556837	1.0539501961015745e-07	0.01698205876193015
200.7721279767581	0.0	0.05206772027369617	0.005220081070113813	1.1621204049005121e-07	0.016959439655757042
200.91100199774954	0.0	0.04842664862677343	0.0052100109676703485	1.2606353826823284e-07	0.016936820549584383
201.04987601874103	0.0	0.044755140124945476	0.00519994086522644	1.3516097587542471e-07	0.016914201443412154
201.1887500397325	0.0	0.04105329610983614	0.005189870762782091	1.4364775010066514e-07	0.016891582337240373
201.32762406072396	0.0	0.03732121807062033	0.005179800660337303	1.5162648979091086e-07	0.016868963231069036
201.46649808171543	0.0	0.033559007729877514	0.005169730557892072	1.5917366267393706e-07	0.01684634412489814
201.6053721027069	0.0	0.02976676719727212	0.005159660455446402	1.6634806928426152e-07	0.01682372501872768
201.74424612369836	0.0	0.025944599263076528	0.0051495903530002956	1.7319626176404164e-07	0.016801105912557658
201.88312014468983	0.0	0.02209260800653144	0.005139520250553744	1.7975523798443175e-07	0.016778486806388083
202.0219941656813	0.0	0.0182109001987865	0.005129450148106748	1.8605571379940082e-07	0.01675586770021895
202.16086818667276	0.0	0.01429958904807659	0.005119380045659314	1.921233222283808e-07	0.016733248594050253
202.29974220766422	0.0	0.01035880660795519	0.005109309943211438	1.979794409045871e-07	0.016710629487882
202.4386162286557	0.0	0.00638876289234354	0.0050992398407631225	2.0364235675645065e-07	0.016688010381714188
202.57749024964716	0.0	0.002390401899502891	0.005089169738314368	2.0912787626416395e-07	0.016665391275546813
202.71636427063862	0.0	0.0016436327646507242	0.0050790996358651705	2.1444951279559737e-07	0.016642772169379882
202.8552382916301	0.0	0.005699487693337439	0.005069029533415532	2.1961928559623692e-07	0.01662015306321339
202.99411231262155	0.0	0.009786168020930268	0.005058959430965453	2.2464771628219547e-07	0.016597533957047342
203.13298633361305	0.0	0.01390198676519482	0.0050488893285149305	2.2954412998534914e-07	0.01657491485088173
203.27186035460454	0.0	0.018046696479425833	0.005038819226063968	2.343168383685341e-07	0.016552295744716554
203.410734375596	0.0	0.022220158072377014	0.0050287491236125645	2.389732880996106e-07	0.016529676638551833
203.54960839658744	0.0	0.026422256243242914	0.005018679021160723	2.435201824377621e-07	0.016507057532387546
203.6884824175789	0.0	0.03065288342124815	0.00500860891870844	2.4796358165791037e-07	0.016484438426223703
203.82735643857038	0.0	0.03491193516799442	0.004998538816255716	2.5230898665105683e-07	0.0164618193200603
203.96623045956187	0.0	0.039199308512451965	0.004988468713802551	2.5656146576421857e-07	0.016439200213897328
204.10510448055334	0.0	0.043514890461867205	0.00497975603571648	2.541905502269441e-07	0.016419387397364392
204.2439785015448	0.0	0.04785847669984116	0.004971479491245805	2.496531976819276e-07	0.016400476227560513
204.38285252253627	0.0	0.052229816802522755	0.004963202946775482	2.450484510028534e-07	0.016381565057756287
204.52172654352773	0.0	0.056628660148547	0.004954926402305514	2.403725342137038e-07	0.016362653887951703
204.6606005645192	0.0	0.06105475622114755	0.004946649857835897	2.356211248015506e-07	0.016343742718146766
204.79947458551067	0.0	0.06550785457422229	0.004938373313366634	2.3078953579346952e-07	0.01632483154834148
204.93834860650213	0.0	0.0699877048108051	0.004930096768897717	2.2587246981349098e-07	0.016305920378535847
205.07722262749363	0.0	0.07449405656895694	0.004921820224429158	2.2086445302486477e-07	0.016287009208729848
205.21609664848506	0.0	0.07902665951224931	0.004913543679960954	2.1575899279872588e-07	0.0162680980389235
205.35497066947656	0.0	0.08358526332320274	0.004905267135493098	2.1054890615760998e-07	0.0162491868691168
205.49384469046802	0.0	0.08816961769863356	0.004896990591025597	2.0522633673688377e-07	0.016230275699309748
205.63271871145946	0.0	0.09277947234632353	0.004888714046558451	1.9978219468366414e-07	0.01621136452950235
205.77159273245093	0.0	0.09741457698257312	0.004880437502091655	1.9420615408652853e-07	0.016192453359694593
205.91046675344242	0.0	0.10207468133037895	0.004872160957625214	1.884867056187602e-07	0.01617354218988648
206.04934077443392	0.0	0.10675953511806259	0.004863884413159121	1.826100332509727e-07	0.016154631020078015
206.18821479542538	0.0	0.11146888807822379	0.004855607868693387	1.7656072754711473e-07	0.016135719850269195
206.32708881641682	0.0	0.11620248994693146	0.004847331324228003	1.7032003002417451e-07	0.016116808680460035
206.46596283740828	0.0	0.12096009046309197	0.004839054779762969	1.6386621357276434e-07	0.01609789751065052
206.60483685839978	0.0	0.12574143936794643	0.004830778235298291	1.571731701539699e-07	0.016078986340840637
206.74371087939124	0.0	0.13054628640467336	0.004822501690833963	1.5020851271188357e-07	0.016060075171030412
206.8825849003827	0.0	0.13537438131807442	0.004814225146369987	1.4293269960417118e-07	0.016041164001219837
207.02145892137418	0.0	0.14022547385431322	0.004805948601906368	1.3529560256403374e-07	0.016022252831408908
207.16033294236564	0.0	0.14509931376070548	0.004797672057443099	1.2723202572194137e-07	0.01600334166159762
207.2992069633571	0.0	0.1499956507855468	0.004789395512980183	1.1865488790420751e-07	0.015984430491785988
207.43808098434857	0.0	0.15491423467797036	0.004781118968517619	1.0944371472823085e-07	0.015965519321974
207.57695500534004	0.0	0.1598548151878286	0.004772842424055411	9.942224120018621e-08	0.015946608152161656
207.7158290263315	0.0	0.16481714206559434	0.004764565879593552	8.83148320283775e-08	0.01592769698234896
207.85470304732297	0.0	0.16980096506227804	0.0047562893351320475	7.564491633270898e-08	0.015908785812535915
207.99357706831447	0.0	0.17480603392935867	0.0047480127906708944	6.04373601528733e-08	0.015889874642722512
208.1324510893059	0.0	0.1798321754360884	0.00474105645243819	6.134637163252451e-08	0.015873589315758815
208.27132511029737	0.0	0.1848795703345187	0.004734164134776813	6.307833890578675e-08	0.01585743132341603
208.41019913128886	0.0	0.1899485010116088	0.004727271817115401	6.47583429283823e-08	0.015841273331073272
208.5490731522803	0.0	0.19503924986338814	0.0047203794994539585	6.639033555338886e-08	0.015825115338730555
208.68794717327177	0.0	0.2001520992861492	0.004713487181792484	6.797798265876134e-08	0.015808957346387868
208.82682119426326	0.0	0.20528733167640795	0.004706594864130973	6.952393544145164e-08	0.01579279935404521
208.96569521525473	0.0	0.21044522943087984	0.0046997025464694305	7.103111556465743e-08	0.015776641361702592
209.1045692362462	0.0	0.2156260749464623	0.004692810228807854	7.250194746969453e-08	0.01576048336936
209.24344325723766	0.0	0.22083015062021144	0.004685917911146245	7.393860661487179e-08	0.01574432537701745
209.38231727822912	0.0	0.22605773884932617	0.004679025593484602	7.534305399555235e-08	0.015728167384674925
209.5211912992206	0.0	0.23130912203113335	0.004672133275822928	7.671724111562087e-08	0.01571200939233244
209.66006532021206	0.0	0.23658458256307502	0.004665240958161219	7.806242500694498e-08	0.015695851399989982
209.79893934120355	0.0	0.24188440284269766	0.004658348640499475	7.938025672262848e-08	0.015679693407647556
209.93781336219502	0.0	0.24720886526763822	0.004651456322837699	8.067208244377082e-08	0.01566353541530517
210.07668738318648	0.0	0.2525582522356212	0.004644564005175894	8.193930185061101e-08	0.01564737742296281
210.21556140417795	0.0	0.2579328461444466	0.004637671687514052	8.318272163694255e-08	0.015631219430620492
210.3544354251694	0.0	0.2633329293919842	0.0046307793698521765	8.440355862762307e-08	0.015615061438278205
210.49330944616088	0.0	0.26875878437616696	0.004623887052190269	8.560278442471307e-08	0.015598903445935949
210.63218346715234	0.0	0.27421069349498517	0.004616994734528326	8.678130028391307e-08	0.015582745453593727
210.7710574881438	0.0	0.279688939146482	0.004610102416866352	8.793994408333875e-08	0.01556658746125154
210.9099315091353	0.0	0.28519380372875003	0.004603210099204343	8.907949642747083e-08	0.01555042946890938
211.0488055301268	0.0	0.2907255696399231	0.004596317781542302	9.020083326977948e-08	0.015534271476567253
211.18767955111826	0.0	0.2962845192781756	0.004589425463880227	9.130433959958619e-08	0.015518113484225165
211.3265535721097	0.0	0.30187093504172036	0.004582533146218123	9.239094660139314e-08	0.01550195549188311
211.46542759310114	0.0	0.3074850993288052	0.004575640828555984	9.346096513001527e-08	0.01548579749954109
211.6043016140926	0.0	0.3131272945377095	0.00456874851089381	9.451510376944184e-08	0.0154696395071991
211.7431756350841	0.0	0.3187978030667403	0.004561856193231601	9.5553892907147e-08	0.015453481514857141
211.88204965607557	0.0	0.3244969073142292	0.0045549638755693605	9.657783262108419e-08	0.01543732352251522
212.02092367706703	0.0	0.3302248893980317	0.004551363425910703	3.348829042391544e-07	0.01543678244144438
212.15979769805847	0.0	0.3359819076078082	0.004566319799317906	8.966338170725669e-07	0.015524276557988034
212.29867171905	0.0	0.3417678025058468	0.004581276173559141	1.2304904058749776e-06	0.015611770673697718
212.43754574004146	0.0	0.3475823644059371	0.004596232548634386	1.497595180184336e-06	0.01569926478857335
212.57641976103292	0.0	0.35342538362189224	0.0046111889245436565	1.7292159587224615e-06	0.015786758902614953
212.7152937820244	0.0	0.3592966504675382	0.004626145301286945	1.938163454140905e-06	0.015874253015822543
212.85416780301586	0.0	0.36519595525671494	0.004641101678864257	2.1311598054880716e-06	0.01596174712819611
212.99304182400735	0.0	0.3711230883032761	0.0046560580572755925	2.3122419627128515e-06	0.016049241239735668
213.1319158449988	0.0	0.37707783992108324	0.004671014436520948	2.484053439107036e-06	0.01613673535044117
213.27078986599025	0.0	0.3830600004240163	0.004685970816600323	2.6484333628055677e-06	0.016224229460312673
213.40966388698172	0.0	0.3890693601259614	0.004700927197513723	2.8067201245234853e-06	0.016311723569350147
213.54853790797318	0.0	0.3951057093408158	0.0047158835792611405	2.9599220654824066e-06	0.016399217677553608
213.68741192896465	0.0	0.40116883838248635	0.004730839961842578	3.1088202150121096e-06	0.016486711784923044
213.82628594995614	0.0	0.40725853756489017	0.004745796345258045	3.2540333256007752e-06	0.016574205891458478
213.9651599709476	0.0	0.41337459720194936	0.004760752729507528	3.3960608595912396e-06	0.01666169999715987
214.10403399193905	0.0	0.4195168076075959	0.004775709114591027	3.5353124367277034e-06	0.016749194102027225
214.24290801293057	0.0	0.42568495909577486	0.004790665500508563	3.6721286011499768e-06	0.016836688206060612
214.381782033922	0.0	0.4318788419804258	0.004805621887260104	3.8067957688845053e-06	0.016924182309259926
214.52065605491347	0.0	0.4380982465755073	0.00482057827484567	3.939557371932436e-06	0.01701167641162523
214.65953007590494	0.0	0.44434296319497835	0.004835534663265265	4.07062216659317e-06	0.017099170513156518
214.7984040968964	0.0	0.4506127821528049	0.004850491052518873	4.2001705874029685e-06	0.017186664613853785
214.9372781178879	0.0	0.45690749376296025	0.004865447442606509	4.328359772228393e-06	0.017274158713717045
215.07615213887934	0.0	0.46322688833941766	0.004880403833528156	4.455327406105176e-06	0.017361652812746254
215.21502615987083	0.0	0.46957075619616456	0.0048953602252838355	4.581194876199977e-06	0.01744914691094147
215.3539001808623	0.0	0.47593888764718456	0.004910316617873534	4.706069735455696e-06	0.01753664100830265
215.49277420185376	0.0	0.4823310730064704	0.0049252730112972504	4.8300477591284725e-06	0.017624135104829807
215.6316482228452	0.0	0.4887471025880172	0.004940229405554985	4.953214609774412e-06	0.017711629200522935
215.7705222438367	0.0	0.49518676670582923	0.0049551858006467485	5.075647226321477e-06	0.01779912329538207
215.90939626482813	0.0	0.5016498556739054	0.004970142196572528	5.197414953648162e-06	0.017886617389407142
216.0482702858196	0.0	0.5081361614015624	0.004978922637345155	5.445210294210843e-06	0.01795447031756621
216.1871443068111	0.0	0.5146455623849844	0.004976110758080463	5.906718908374749e-06	0.017985456611024603
216.32601832780256	0.0	0.5211780663272593	0.004973298880846521	6.338899711291717e-06	0.018016442902452242
216.46489234879402	0.0	0.5277336914812362	0.004970487005643326	6.747405791566763e-06	0.018047429191849134
216.60376636978546	0.0	0.534312456099766	0.004967675132470877	7.136318394607847e-06	0.018078415479215272
216.74264039077696	0.0	0.5409143784357077	0.004964863261329177	7.508696389616595e-06	0.018109401764550673
216.88151441176842	0.0	0.5475394767419153	0.0049620513922182235	7.866901198833844e-06	0.018140388047855324
217.0203884327599	0.0	0.5541877692712515	0.004959239525138017	8.212800081316905e-06	0.018171374329129228
217.15926245375135	0.0	0.5608592742765802	0.00495642766008856	8.547899128280779e-06	0.01820236060837238
217.29813647474285	0.0	0.5675540100107693	0.004953615797069851	8.873433572928814e-06	0.018233346885584787
