Q20	Q30	EHFB	M22	M23	M33
148.0	0.0	0.5675540088097071	0.00732847	9.83034713024925e-09	0.0206078
148.088687214321	7.666722795624523e-05	0.567432168146529	0.007346990983612121	4.284400186495131e-06	0.02073858567500243
148.177374428642	0.00015333445591249046	0.5672871220030097	0.007365511819366897	6.146805773215501e-06	0.020869321382200354
148.26606164296297	0.0002300016838687357	0.567118951042543	0.007384032508085539	7.636197249745049e-06	0.021000007120772518
148.35474885728394	0.00030666891182498093	0.5669277360653091	0.007402553050588556	8.942666892680129e-06	0.02113064288989846
148.44343607345783	0.0003799135444832591	0.5667147154935881	0.007421073253802653	1.009329520079744e-05	0.021261169074676876
148.53212331880388	0.0003992735835937933	0.566497037913693	0.0074395903175002815	1.04905212268573e-05	0.02139072652846071
148.6208105641499	0.0004186336227043275	0.5662565609815983	0.007458107345859685	1.0889140738614302e-05	0.021520271362351302
148.70949780949599	0.00043799366181486167	0.5659933631166335	0.007476624339088689	1.1289375780138211e-05	0.02164980357614095
148.79818505484204	0.0004573537009253959	0.5657075227727687	0.007495141297395024	1.1691421236808623e-05	0.021779323169621792
148.88687230043723	0.00047466327796955737	0.5653998118513079	0.007513658114323196	1.2069381769081928e-05	0.021908797767970514
148.97555954786924	0.00047685788632656	0.5650747258685216	0.007532174128415925	1.2256844436899399e-05	0.022038027358876628
149.06424679530122	0.0004790524946835626	0.5647272303599491	0.007550690140128608	1.2445630608624378e-05	0.02216725551759552
149.1529340427332	0.0004812471030405653	0.5643574029259951	0.0075692061494848405	1.2635740283290502e-05	0.022296482244103646
149.2416212901652	0.0004834417113975679	0.563965321170994	0.007587722156508197	1.2827173449231912e-05	0.022425707538377495
149.3303085376007	0.00048544874663239906	0.5635511260470113	0.007606238152330074	1.3017413211640219e-05	0.022554928744447006
149.41899578505243	0.0004865965052947012	0.5631151218111352	0.007624754106261712	1.3197266667502308e-05	0.022684136753613523
149.50768303250416	0.0004877442639570033	0.5626570957194611	0.007643270059841032	1.3378138134945293e-05	0.022813344012867783
149.59637027995586	0.0004888920226193055	0.5621771253244848	0.007661786013080369	1.3560026966339876e-05	0.022942550522197378
149.6850575274076	0.0004900397812816076	0.5616752881807565	0.007680301965992051	1.3742932507263286e-05	0.02307175628159008
149.77374477486066	0.000491054889346381	0.5611517065103299	0.007698817912902522	1.3924972035092924e-05	0.02320095962893642
149.86243202231782	0.0004916474055048616	0.5606065553177995	0.007717333842013955	1.4101922039980207e-05	0.023330157155504287
149.95111926977495	0.000492239921663342	0.5600397697303154	0.007735849771827722	1.4279710322865507e-05	0.023459354294054997
150.03980651723214	0.0004928324378218226	0.5594514272710733	0.007754365702350194	1.4458335634311072e-05	0.02358855104458231
150.1284937646893	0.0004934249539803032	0.5588416054643305	0.00777288163358773	1.4637796748422232e-05	0.023717747407079735
150.21718101214657	0.0004939987840188617	0.5582103880981969	0.007791397564828983	1.48178120299108e-05	0.023846943177859355
150.30586825960415	0.000494528727758464	0.5575578611138019	0.00780991349518393	1.4997988651064373e-05	0.023976138108716002
150.39455550706168	0.0004950586714980662	0.5568840873092036	0.007828429426382694	1.5178976713035378e-05	0.024105332692316166
150.48324275451927	0.0004955886152376685	0.5561891442080218	0.007846945358430994	1.536077495103059e-05	0.024234526928654323
150.57193000197682	0.0004961185589772708	0.5554731093348269	0.00786546129133449	1.5543382109517482e-05	0.02436372081772467
150.66061724943478	0.0004965620971945441	0.5547360889858588	0.007883977222157312	1.572542816551006e-05	0.02449291355851415
150.74930449689344	0.0004968509259618746	0.5539781832616386	0.007902493148862239	1.590577415041063e-05	0.024622104624581396
150.8379917443521	0.0004971397547292052	0.5531994180797226	0.007921009076853301	1.608684311972436e-05	0.024751295500561488
150.9266789918108	0.0004974285834965358	0.5523998709480387	0.00793952500613361	1.6268633526455638e-05	0.024880486186451375
151.01536623926947	0.0004977174122638663	0.5515796193750319	0.00795804093670625	1.6451143837604454e-05	0.02500967668224786
151.10405348672833	0.0004979350893155129	0.5507387643572925	0.007976556866456269	1.6633183731802106e-05	0.02513886644431961
151.1927407341874	0.0004980537328945933	0.5498773924489067	0.00799507279476056	1.6814243379360446e-05	0.025268055338309853
151.28142798164646	0.0004981723764736737	0.5489955483905722	0.008013588724652465	1.699595828708111e-05	0.025397244153157784
151.37011522910552	0.000498291020052754	0.5480933096772305	0.008032104656133264	1.717832671350871e-05	0.025526432888862118
151.45880247656459	0.0004984096636318344	0.5471707538040343	0.008050620589204232	1.7361346922056558e-05	0.025655621545421597
151.5474897240237	0.0004984268957260447	0.5462279913772754	0.008069136521272297	1.7543232092125427e-05	0.025784809513310858
151.63617697148277	0.0004983332968350112	0.5452651027124824	0.008087652452357005	1.7723757570760087e-05	0.025913996838168526
151.72486421894186	0.0004982396979439777	0.5442821290118031	0.008106168385384685	1.7904852069482723e-05	0.026043184222266803
151.81355146640095	0.0004981460990529443	0.5432791477503879	0.008124684320354339	1.8086513546361173e-05	0.02617237166560665
151.90223871386007	0.0004980525001619108	0.5422562364032176	0.008143200257264952	1.8268739959948335e-05	0.02630155916818911
151.99092596130882	0.0004970144381305952	0.5412137766573796	0.008161716175821202	1.8434019757187955e-05	0.026430742592960917
152.07961320874864	0.000495163812428438	0.5401518033113021	0.008154973902717669	1.8470222468030926e-05	0.026424224195367753
152.1683004561885	0.0004933131867262809	0.5390701470075162	0.00814535277754584	1.849281477962311e-05	0.026402238516022976
152.25698770362834	0.0004914625610241239	0.5379689054330168	0.008135731639366478	1.8514772366692826e-05	0.026380251975955376
152.34567495106816	0.0004896119353219668	0.5368481762940438	0.008126110488181732	1.8536099689370437e-05	0.026358264575162785
152.43436219850193	0.0004875011374959318	0.5357081397610914	0.008116489314013823	1.8551850260468118e-05	0.02633627488629979
152.52304944593163	0.0004852149018151995	0.5345488659401786	0.008106868117706738	1.856357284592225e-05	0.026314283212388847
152.6117366933613	0.0004829286661344671	0.5333703967671162	0.008097246905385389	1.8574592781102862e-05	0.02629229047509857
152.70042394079098	0.0004806424304537348	0.532172829985604	0.00808762567705241	1.8584913969581882e-05	0.026270296674426322
152.78911118822063	0.0004783561947730025	0.5309562633586271	0.00807800443271045	1.859454023006068e-05	0.026248301810369457
152.87779843564832	0.000475994167783907	0.5297208182476053	0.008068383168143449	1.8601993977371433e-05	0.026226305378976533
152.96648568307495	0.0004735925694699682	0.5284665809551246	0.008058761884708825	1.8607966796937737e-05	0.02620430757661434
153.0551729305016	0.0004711909711560295	0.5271936369399707	0.008049140584475053	1.861323142446419e-05	0.02618230865719187
153.14386017792822	0.0004687893728420907	0.5259020840393092	0.00803951926744494	1.8617791225060397e-05	0.026160308620706348
153.23254742535482	0.0004663877745281519	0.5245920201105605	0.008029897933621258	1.862164947703148e-05	0.026138307467154967
153.32123467278106	0.00046397049081968	0.5232635478151669	0.00802027658186242	1.862449444379193e-05	0.026116305073997738
153.40992192020707	0.00046154700711721267	0.5219167621115505	0.008010655212733364	1.8626515646881786e-05	0.02609430150659439
153.4986091676331	0.00045912352341474533	0.520551759019286	0.008001033826667756	1.862783988432828e-05	0.02607229681193549
153.58729641505914	0.000456700039712278	0.5191686364769547	0.007991412423668404	1.8628470072124274e-05	0.02605029099001823
153.67598366248518	0.0004542765560098106	0.5177674924435818	0.007981791003738121	1.8628409046778696e-05	0.0260282840408398
153.7646709099127	0.00045190807606109394	0.5163484084639852	0.007972169571843268	1.8628793702707455e-05	0.026006276458068175
153.8533581573406	0.00044955543436386186	0.5149114943942877	0.007962548124887232	1.862883285831617e-05	0.02598426791945425
153.94204540476858	0.0004472027926666299	0.5134568530045738	0.00795292666149823	1.8628204342007364e-05	0.025962258286527613
154.0307326521965	0.0004448501509693977	0.5119845823329476	0.007943305181678998	1.8626910760614628e-05	0.025940247559285545
154.11941989962446	0.0004424975092721656	0.5104947804373542	0.007933683685432251	1.8624954650962814e-05	0.02591823573772529
154.20810714705584	0.0004402797870678289	0.508987505891477	0.007924062187266557	1.8625193581810035e-05	0.025896224189693503
154.29679439448793	0.00043808850337719377	0.5074628888972073	0.00791444067654459	1.862536635896981e-05	0.025874211884295752
154.38548164192002	0.0004358972196865585	0.5059210353342174	0.007904819150517692	1.8624918866802857e-05	0.025852198559638717
154.4741688893521	0.0004337059359959234	0.5043620433285875	0.007895197609188418	1.862385354833801e-05	0.025830184215719865
154.56285613678418	0.0004315146523052882	0.5027860110248799	0.007885576052559297	1.8622172779656626e-05	0.02580816885253665
154.6515433842213	0.00042954022762053967	0.5011929742902355	0.00787595450769246	1.8624582957235124e-05	0.02578615492087886
154.74023063165902	0.000427591009043075	0.4995830868331051	0.00786633295226017	1.8626977182791252e-05	0.025764140361564963
154.82891787909674	0.00042564179046561027	0.49795645409845446	0.007856711383206507	1.862881376499433e-05	0.025742124895593705
154.91760512653445	0.0004236925718881456	0.4963131742802236	0.007847089800533722	1.8630095081122374e-05	0.02572010852296284
155.0062923739722	0.00042174335331068093	0.49465334558879487	0.007837468204244072	1.8630823456289226e-05	0.025698091243670108
155.09497962141597	0.0004200934754520055	0.49297698170049453	0.007827846636856688	1.8637645703982363e-05	0.02567607678880972
155.18366686886003	0.0004184575090540524	0.4912842620014292	0.007818225059946234	1.8644289003987577e-05	0.025654061743178143
155.2723541163041	0.0004168215426560993	0.48957528865399036	0.0078086034715866915	1.865044832833354e-05	0.025632045936611742
155.36104136374817	0.00041518557625814633	0.48785015989259917	0.0077989818717799485	1.8656126022635475e-05	0.02561002936910862
155.4497286111923	0.00041355543789821673	0.48610897233766565	0.007789360261436113	1.8661455955401964e-05	0.02558801211873251
155.53841585864257	0.00041230016618444375	0.48435172143599	0.0077797386993981475	1.867480588619617e-05	0.0255659992186049
155.62710310609282	0.00041104489447067077	0.482578610380053	0.007770117128543881	1.868774983395588e-05	0.025543985734645912
155.71579035354307	0.0004097896227568978	0.4807897373998828	0.007760495548874776	1.870029010489837e-05	0.025521971666854097
155.80447760099335	0.0004085343510431248	0.4789852007360965	0.007750873960392287	1.8712428968215204e-05	0.025499957015227975
155.89316484844403	0.0004073145526857415	0.4771650888327112	0.007741252369237269	1.8724984506948274e-05	0.025477942296184358
155.98185209589968	0.00040653209057383503	0.4753293890538271	0.007731630846713668	1.8747241292395686e-05	0.02545593347824444
156.0705393433554	0.0004057496284619287	0.4734783203740025	0.007723364565557574	1.877145275102669e-05	0.025434695811604208
156.1592265908111	0.0004049671663500223	0.4716119782410127	0.007715446950218771	1.8795898667976598e-05	0.02541365663619265
156.24791383826678	0.0004041847042381159	0.46973045699613486	0.007707529331829199	1.8819992429519265e-05	0.02539261750316219
156.33660108572283	0.00040345473868777716	0.4678338365262267	0.007699611720059332	1.884496324932936e-05	0.025371579186089656
156.42528833318113	0.0004030618801861592	0.4659221329237569	0.0076916941681443	1.8877494849416675e-05	0.025350545867009782
156.5139755806394	0.00040266902168454135	0.46399553321618103	0.007683776614611106	1.89097350203248e-05	0.025329512569295054
156.6026628280977	0.00040227616318292347	0.46205413164911313	0.007675859059460243	1.8941685879298923e-05	0.02530847929294495
156.69135007555593	0.0004018833046813056	0.4600980224629716	0.007667941502692245	1.8973349522605086e-05	0.025287446037958957
156.78003732301437	0.0004015408329430534	0.4581272860456277	0.007660023954050533	1.9005921195616785e-05	0.025266413540031153
156.8687245704734	0.0004014070865642041	0.45614197309201576	0.007652106444719684	1.9043170481316764e-05	0.02524538410270923
156.95741181793244	0.0004012733401853547	0.4541422351591229	0.007644188934722824	1.9080168678754633e-05	0.02522435467277605
157.0460990653915	0.0004011395938065054	0.45212816644705395	0.007636271424060119	1.9116917575238814e-05	0.02520332525023145
157.13478631285054	0.00040100584742765606	0.45009986115414674	0.007628353912731758	1.9153418941498664e-05	0.025182295835075245
157.22347356030963	0.00040090680473709887	0.448057403919495	0.007620436407766202	1.919050561152504e-05	0.025161266929335267
157.3121608077688	0.00040090959349554076	0.44600087042068515	0.007612518923072013	1.9229795622044936e-05	0.02514023949947303
157.40084805522793	0.0004009123822539827	0.4439303828737436	0.007604601438212456	1.9268857084840277e-05	0.025119212069636
157.48953530268707	0.00040091517101242466	0.44184603546644546	0.0075966839531875375	1.9307691571581086e-05	0.02509818463982414
157.57822255014622	0.00040091795977086655	0.4397479223866046	0.007588766467997239	1.9346300615692926e-05	0.0250771572100375
157.66690979760537	0.00040092507583372553	0.43763613662614315	0.007580848983557534	1.9384790418521067e-05	0.025056129842292024
157.7555970450645	0.0004009416507470845	0.43551077095107615	0.00757293150098775	1.9423287469430632e-05	0.02503510260964118
157.84428429252364	0.00040095822566044354	0.4333719221616761	0.007565014018302974	1.946156488089598e-05	0.025014075376272194
157.93297153998282	0.0004009748005738026	0.4312196844462414	0.007557096535503197	1.949962411134776e-05	0.02499304814218506
158.02165878744194	0.0004009913754871616	0.4290541519932926	0.0075491790525883925	1.9537466586703423e-05	0.02497202090737984
158.11034603490108	0.00040096976892386863	0.42687542957950547	0.0075412615611276925	1.957416124168453e-05	0.02495099312981252
158.19903328236018	0.00040088414507989445	0.4246836185789847	0.007533344055159889	1.9609071856098872e-05	0.02492996444648919
158.2877205298193	0.00040079852123592026	0.42247879543291017	0.007525426548703818	1.9643760319736883e-05	0.024908935767957986
158.3764077772784	0.000400712897391946	0.42026105432310323	0.007517509041759577	1.9678228066745902e-05	0.024887907094218828
158.46509502473748	0.00040062727354797184	0.4180304894302507	0.007509591534327298	1.9712476532362676e-05	0.02486687842527157
158.55378227219637	0.0004004488333849956	0.41578722071837637	0.007501674005065172	1.9744217694006287e-05	0.024845848455958334
158.64246951965504	0.00040014900724761275	0.41353135030553156	0.007493756446844096	1.977273263973581e-05	0.02482481679281639
158.73115676711367	0.00039984918111022987	0.411262938629461	0.0074858388873540824	1.980101079951716e-05	0.024803785146014105
158.8198440145723	0.00039954935497284703	0.4089820798397674	0.007477921326595537	1.9829053686986158e-05	0.024782753515551054
158.90853126203095	0.0003992495288354642	0.40668886808208715	0.007470003764568844	1.9856862784887054e-05	0.02476172190142686
158.99721850948876	0.00039879010497886083	0.40438344177699487	0.007462086163122168	1.9880459414272405e-05	0.024740688080931827
159.08590575694572	0.00039816656536359766	0.40206589621362954	0.007454168520295301	1.9899704230270758e-05	0.02471965200417038
159.17459300440265	0.00039754302574833455	0.39973627991503774	0.007446250875022318	1.991868210798385e-05	0.02469861596119717
159.2632802518596	0.0003969194861330714	0.3973946869547285	0.007438333227304018	1.993739463054958e-05	0.024677579952011384
159.35196749931657	0.00039629594651780826	0.3950412113979611	0.007430415577141222	1.995584337175664e-05	0.024656543976612204
159.44065474677126	0.0003954333046622392	0.3926760132488281	0.007422497865199861	1.9967990199922986e-05	0.02463550473725741
159.52934199422413	0.0003943771810774345	0.3902991736277751	0.007414580101579563	1.997494232219587e-05	0.02461446288125587
159.618029241677	0.0003933210574926298	0.3879107330333228	0.007406662333943419	1.9981575207724693e-05	0.02459342108235605
159.70671648912986	0.0003922649339078252	0.38551078540099426	0.007398744562292837	1.998789045302224e-05	0.024572379340556536
159.7954037365827	0.0003912088103230205	0.3830994246523389	0.007390826786629202	1.9993889624888824e-05	0.02455133765585596
159.88409098402926	0.000389748374397981	0.38067685486965613	0.007382908902944474	1.9989202566745202e-05	0.024530290506387917
159.97277823147178	0.00038803208168716085	0.3782431285336696	0.007374990947495682	1.9977545998628165e-05	0.024509239948359064
160.06146547891433	0.00038631578897634067	0.3757982749647909	0.007369941537488717	1.9946769514764797e-05	0.024486386697076545
160.15015272635688	0.00038459949626552055	0.3733424520283493	0.0073661625812182574	1.990745762512355e-05	0.024462735659504166
160.23883997379943	0.0003828832035547004	0.3708758528467643	0.007362383664412177	1.986791998024285e-05	0.0244390853489914
160.3275272212325	0.00038075180795063747	0.3683987819434691	0.007358604696994179	1.981735103662561e-05	0.024415430435559757
160.4162144686609	0.00037841793427255866	0.3659113748193809	0.007354825737026027	1.976120817912328e-05	0.02439177386802521
160.50490171608934	0.00037608406059447995	0.36341377068018427	0.007351046830785733	1.970474647308016e-05	0.024368118289108415
160.5935889635178	0.0003737501869164012	0.36090616310744933	0.007347267978276044	1.9647965278893e-05	0.024344463698806607
160.68227621094624	0.00037141631323832244	0.3583887457170387	0.007343489179499741	1.9590863942878582e-05	0.024320810097117007
160.77096345836588	0.00036877556553832397	0.35586179192689005	0.007339710385578793	1.952531539134226e-05	0.024297153868659705
160.85965070578226	0.00036602237764985055	0.35332544370020114	0.007335931635869983	1.9456397244619226e-05	0.02427349745789697
160.94833795319866	0.000363269189761377	0.3507798652853338	0.0073321529495847275	1.9387074386380626e-05	0.02424984221332876
161.03702520061506	0.0003605160018729036	0.34822525037492547	0.007328374326726288	1.9317344920123677e-05	0.024226188134951827
161.1257124480315	0.0003577628139844301	0.34566179270206615	0.007324595767297912	1.924720688422371e-05	0.0242025352227629
161.21439969544008	0.0003547706417344973	0.3430897461012874	0.007320817247031593	1.917019961554945e-05	0.024178880914250862
161.3030869428466	0.0003517155343243367	0.34050925914047503	0.00731703879005563	1.9091016094483253e-05	0.024155227211641307
161.3917741902531	0.0003486604269141761	0.3379205097119616	0.007313260403491951	1.901134661947458e-05	0.024131574803079682
161.48046143765964	0.0003456053195040155	0.3353236916838685	0.007309482087344171	1.8931187778055995e-05	0.024107923688562363
161.56914868506618	0.0003425502120938549	0.33271899896920865	0.007305703841615878	1.885053603968376e-05	0.024084273868085766
161.65783593246692	0.000339333295403363	0.33010666464352434	0.007301925659219555	1.876491258074821e-05	0.02406062377797209
161.74652317986673	0.0003360881038043915	0.32748684972843445	0.00729814755007458	1.867795990844265e-05	0.024036974783168914
161.8352104272665	0.0003328429122054201	0.3248597413713702	0.007294369515750437	1.8590451468445446e-05	0.024013327162899795
161.92389767466625	0.00032959772060644864	0.32222553365856155	0.0072905915562509315	1.8502382261538727e-05	0.023989680917160926
162.01258492206605	0.0003263525290074772	0.31958442072392246	0.007286813671579882	1.8413747140909275e-05	0.023966036045948456
162.10127216946302	0.0003230322110271703	0.31693661415563773	0.007283035862787	1.832240961620742e-05	0.02394239190280422
162.18995941685975	0.0003197045490182734	0.31428229215823944	0.007279258130752749	1.82302635869113e-05	0.023918749104356513
162.27864666425648	0.00031637688700937653	0.31162164729281666	0.007275480475463621	1.8137510123471892e-05	0.023895107715351173
162.3673339116532	0.0003130492250004796	0.3089548738858404	0.007271702896923531	1.8044142848980775e-05	0.023871467735784295
162.45602115904993	0.00030972156299158277	0.3062821663126794	0.0072679253951364025	1.795015518649002e-05	0.023847829165651934
162.54470840644757	0.0003064183930752231	0.3036037135698098	0.007264147968350625	1.785625418478833e-05	0.023824192189770138
162.63339565384518	0.00030311596382544395	0.3009197154924958	0.007260370617698107	1.77617486211345e-05	0.023800556618374692
162.72208290124286	0.0002998135345756649	0.2982303667668477	0.007256593343227259	1.766660997699234e-05	0.023776922445715686
162.81077014864053	0.0002965111053258858	0.29553586196189136	0.007252816144941973	1.7570830973231173e-05	0.023753289671789257
162.89945739603834	0.0002932128266848824	0.2928363948076337	0.007249039022356823	1.747452780209833e-05	0.02372965832439679
162.988144643441	0.00029004719229364984	0.2901321327578136	0.00724526195869935	1.738154626013173e-05	0.023706029234478572
163.07683189084364	0.0002868815579024173	0.2874232991297931	0.007241484968077973	1.7287947812709864e-05	0.023682401485347605
163.16551913824628	0.00028371592351118476	0.2847100886705969	0.007237708050496431	1.719372531114277e-05	0.02365877507700013
163.25420638564893	0.00028055028911995217	0.28199269617377304	0.007233931205958426	1.7098871351281986e-05	0.02363515000943247
163.3428936330524	0.0002774080192192665	0.2792713116930011	0.007230154430363459	1.700409453597326e-05	0.02361152641442406
163.4315808804639	0.0002745018888540606	0.2765460869957226	0.00722637768307028	1.6915957951333977e-05	0.023587905432192222
163.52026812787545	0.00027159575848885453	0.27381726575259707	0.00722260100283409	1.6827256445519158e-05	0.02356428568082806
163.608955375287	0.0002686896281236486	0.27108504289831953	0.00721882438965831	1.673798376477156e-05	0.02354066716032815
163.6976426226985	0.00026578349775844266	0.26834961341029634	0.007215047843546362	1.6648133455240054e-05	0.023517049870689078
163.78632987011315	0.00026298685650719556	0.2656111507243534	0.007211271338942203	1.656114720101327e-05	0.02349343431353864
163.87501711754564	0.00026081198664125986	0.2628697500512978	0.007207494746543525	1.649328228430523e-05	0.023469822657897522
163.96370436497813	0.0002586371167753242	0.260125729797958	0.00720371820431505	1.642504838698029e-05	0.023446211923418146
164.05239161241062	0.0002564622469093885	0.25737928081004163	0.007200540422952525	1.6361989952840946e-05	0.023426947134186096
164.14107885984308	0.00025428737704345284	0.25463052975355044	0.007197777418999933	1.630233839673164e-05	0.023410692575291152
164.22976610727903	0.0002522861394140677	0.2518795194658629	0.007195014363962299	1.6247824825589657e-05	0.02339443862730763
164.31845335472795	0.00025094039538766077	0.2491262334710496	0.007192251135191394	1.6214100000636797e-05	0.023378187307555826
164.40714060217692	0.0002495946513612539	0.2463708721756255	0.007189487902453331	1.618013527336702e-05	0.023361935921560953
164.4958278496258	0.0002482489073348469	0.24361351001227494	0.007186724665749359	1.6145930290691028e-05	0.023345684469321778
164.58451509707479	0.00024690316330844004	0.24085422140584584	0.0071839614250807145	1.61114846837118e-05	0.023329432950837038
164.67320234452504	0.0002456610488467719	0.23809306140203854	0.0071811981545082965	1.6080190531219313e-05	0.023313181807406845
164.76188959197898	0.0002447003966571035	0.23533007147708734	0.007178434810224257	1.6057915929853595e-05	0.023296931808364816
164.85057683943293	0.00024373974446743516	0.23256537876691646	0.007175671463091044	1.6035473823072817e-05	0.023280681762052766
164.93926408688685	0.0002427790922777668	0.22979905759181563	0.00717290811310955	1.6012864365403026e-05	0.0232644316684698
165.0279513343408	0.00024181844008809849	0.22703118226649058	0.007170144760280662	1.599008770008637e-05	0.02324818152761504
165.11663858179512	0.00024089537327824393	0.22426182016924356	0.007167381395468201	1.5968389916290092e-05	0.023231931504174123
165.20532582925026	0.0002400490356130104	0.2214910384343237	0.007164618009376221	1.5949081000034804e-05	0.02321568177340437
165.29401307670537	0.00023920269794777682	0.21871892551804745	0.007161854620769182	1.5929623780278213e-05	0.023199432000994516
165.38270032416045	0.00023835636028254325	0.2159455556935573	0.007159091229647875	1.5910018480262153e-05	0.023183182186943766
165.47138757161557	0.00023751002261730974	0.21317100322908053	0.007156327836013074	1.5890265312564682e-05	0.023166932331251326
165.56007481906872	0.0002364991620568343	0.2103953725540776	0.00715356447867539	1.586484638917851e-05	0.0231506816927596
165.64876206651877	0.00023522931208296442	0.2076187552197504	0.007150801179072402	1.583053883585023e-05	0.023134429831414626
165.73744931396882	0.00023395946210909448	0.2048411780311532	0.007148037875738201	1.579600480207745e-05	0.0231181779075502
165.82613656141888	0.00023268961213522457	0.20206271529887979	0.007145274568673962	1.5761243902651453e-05	0.023101925921165133
165.91482380886893	0.00023141976216135466	0.19928344132615103	0.007142511257880863	1.572625573173306e-05	0.023085673872258256
166.00351105629827	0.00022931518420439608	0.19650358367013324	0.007139748134256396	1.566255513404239e-05	0.023069417897613166
166.0921983037021	0.0002261827457066916	0.19372325259160536	0.0071369852380878335	1.5563059959993306e-05	0.02305315703690912
166.18088555110594	0.00022305030720898723	0.19094233404195313	0.007134222332834103	1.5462646093938152e-05	0.02303689602186451
166.26957279850978	0.0002199178687112828	0.18816090252680975	0.007131459418498103	1.536129814225811e-05	0.023020634852476445
166.3582600459136	0.00021678543021357838	0.18537903253360116	0.007128696495082736	1.5259000132215867e-05	0.023004373528742017
166.44694729329737	0.00021316187390809244	0.18259688937499047	0.007125933671373864	1.5138304058605423e-05	0.02298810971718704
166.53563454066176	0.0002090623499847649	0.17981454526988264	0.007123170941922316	1.4999261103142815e-05	0.022971843453849988
166.62432178802618	0.00020496282606143735	0.17703198688322233	0.0071204082006203285	1.4858573998818478e-05	0.0229555769884828
166.71300903539057	0.00020086330213810977	0.17424928872884007	0.007117645447471706	1.4716199118267655e-05	0.022939310321081707
166.80169628275496	0.00019676377821478225	0.171466525296738	0.007114882682480249	1.4572090543775896e-05	0.0229230434516429
166.8894925208013	0.009623566312602968	0.16694459862900504	0.007110128359135092	0.00010227257757697189	0.022952907146058087
166.97660975858574	0.026237257735350166	0.16107841000002177	0.007103902964157156	0.00016987158200831363	0.02301854579849148
167.06372699637018	0.04285094915809737	0.15518768264794328	0.0070977372430102445	0.0002183845327391456	0.02308497620315217
167.1508442341546	0.059464640580844566	0.1492720662620619	0.007091631444953821	0.0002587979366930436	0.023152198110780703
167.23796147193903	0.07607833200359176	0.14333133276492693	0.007085585820931052	0.0002944835768762168	0.023220211270433905
167.32144545844147	0.10446239723524589	0.135221556754674	0.00707732196363058	0.00034847650710668863	0.023348319728471772
167.40276981336922	0.13984286016986996	0.1257842822745714	0.007067840107150627	0.00040808533301990417	0.023513078472058083
167.48409416829693	0.17522332310449407	0.11628966209245382	0.007058513063544802	0.000462328581633272	0.023679375028114687
167.56541852322465	0.21060378603911814	0.10674046942500534	0.007049341943745573	0.0005129774551167643	0.023847208285709125
167.6467428781524	0.24598424897374221	0.09713968080023572	0.007040327865192555	0.0005610680552892682	0.024016577127401753
167.72138501082065	0.2930136264921694	0.08541886924802385	0.007029469870900173	0.0006219342677627407	0.024247496835511684
167.79298085565352	0.3453535048312576	0.07269052252972988	0.007017944455352127	0.0006867889555590404	0.024507655807074504
167.86457670048634	0.39769338317034575	0.059903219560421744	0.007006682361047001	0.0007495356023094379	0.024769755892041403
167.9361725453192	0.45003326150943396	0.04706508940053031	0.00699568578011027	0.0008107822747400272	0.025033794898286894
168.00776839015205	0.5023731398485222	0.03418436965714428	0.006985353132248938	0.000870711815072499	0.02530164790384317
168.07138165103433	0.5637678676810158	0.019735311907864338	0.006977130814794911	0.000937973805189791	0.02563443381200645
168.13228487448814	0.6282366604013665	0.004738874335387815	0.006969258546174725	0.0010077761329307256	0.025988840038719603
168.1931880979419	0.6927054531217169	0.01027565171197432	0.00696234041165681	0.0010769497952184677	0.026349516039788346
168.25409132139566	0.7571742458420674	0.025292143005190646	0.006956378466523656	0.0011457601356563345	0.0267164597599302
168.31499454484947	0.8216430385624179	0.04030077645463276	0.006951374689294882	0.0012144148939576777	0.02708966922062558
168.36853683282857	0.8921891483364054	0.05624462197466599	0.0069461396963161745	0.001289748557683135	0.02749843756520868
168.4203101099958	0.9641957843725384	0.07238055256693841	0.006941592860445323	0.0013668276458710946	0.027920166115018866
168.47208338716308	1.0362024204086715	0.0884652405683969	0.00693802377074573	0.0014441902257265723	0.028347775915381603
168.5238566643304	1.1082090564448046	0.10448559516113047	0.006935434318883338	0.0015219535447657505	0.028781265074630934
168.57562994149765	1.1802156924809377	0.12042873553955709	0.006933826327516405	0.0016002147051057528	0.029220631770108536
168.62138045160714	1.2561388674102911	0.136842398180898	0.006932306346946713	0.0016833975383635247	0.029683022950285826
168.66619857869674	1.3326683607188046	0.1532346123185985	0.006931611039054498	0.0017679329092611417	0.030153452938627482
168.7110167057864	1.4091978540273182	0.16950534384707047	0.00693187910375415	0.0018532162887653747	0.0306292300716363
168.75583483287602	1.485727347335832	0.18564196530044344	0.006933112153302371	0.0019393036008370453	0.0311103527370555
168.80065295996565	1.5622568406443456	0.2016321151250136	0.006935311741728309	0.002026242748300077	0.031596819380855956
168.8407456577754	1.6413497132525126	0.21779574010295738	0.006937743257581925	0.002116966921056538	0.03209812186692131
168.88045886617093	1.7206484455299724	0.23381176098806908	0.006941054091209077	0.0022088755586298385	0.03260506157649748
168.92017207456644	1.7999471778074345	0.24964157469950718	0.006945303544708062	0.002301769747832951	0.03311685673484873
168.959885282962	1.8792459100848966	0.2652736655840924	0.006950492954190636	0.0023956777244328324	0.033633506005863414
168.99959849135752	1.9585446423623591	0.2806967993268175	0.006956623606845112	0.0024906241533252382	0.03415500810235306
169.03566134066892	2.0395672149902855	0.29610359614887494	0.006963063101108742	0.002588599505963821	0.0346862527758255
169.07167009874036	2.1206153315879885	0.3112806905523782	0.006970406643769834	0.0026876948785455007	0.03522202908186562
169.10767885681173	2.2016634481856916	0.32621455317790377	0.006978664539357609	0.0027878978822377526	0.03576226053053445
169.14368761488316	2.2827115647833947	0.3408949623108897	0.006987837883502749	0.002889223206211401	0.03630694602620148
169.17957565277723	2.3638109655623656	0.35531761196934775	0.006997904481314094	0.0029917424630786053	0.036856185152661876
169.21291088857146	2.4459948442517008	0.36958592040117955	0.007008383723854775	0.003096651173421664	0.037411845698046134
169.24624612436568	2.528178722941036	0.3835707259741018	0.007019756105823171	0.003202720747221996	0.03797165359197308
169.2795813601599	2.6103626016303716	0.39726283090432063	0.007032022555646502	0.0033099598192619746	0.038535607906015505
169.31291659595414	2.692546480319707	0.4106533014811847	0.00704518396495523	0.0034183759907951677	0.039103707748542924
169.34605090397454	2.7748091580565073	0.4237416682711142	0.007059197129273893	0.003528065632431106	0.03967602141158897
169.3774712665507	2.8577440040349114	0.4365810219486462	0.007073720169801131	0.003639710069054694	0.04025294371017213
169.4088916291269	2.940678850013315	0.44909300594248436	0.007089120853909162	0.003752549381166714	0.04083378272529088
169.44031199170308	3.0236136959917186	0.4612696560377616	0.007105399931277086	0.003866587821782672	0.04141853770726595
169.47173235427928	3.1065485419701226	0.47310325628777516	0.007122558118399201	0.003981829077165677	0.04200720793960323
169.50293037373612	3.189565567482692	0.4845945922356909	0.007140540956244786	0.004098368561359891	0.042599771432248634
169.53300097149827	3.27299929574714	0.4957698872826746	0.007159116068087523	0.004216583578603945	0.04319604549688993
169.56307156926044	3.3564330240115883	0.5065801414208878	0.007178557542363668	0.004336007982987703	0.04379606920259428
169.59314216702262	3.4398667522760364	0.5170185388067889	0.007198865971522108	0.004456643529409333	0.044399841956912704
169.6232127647848	3.5233004805404837	0.5270784941702064	0.007220041917342524	0.0045784916443443475	0.04500736319806554
169.65307677633265	3.606807383248565	0.5367608294541523	0.00724202852402515	0.004701633860127969	0.04561852929964723
169.68222735750567	3.6905669885434573	0.5460768868248168	0.007264679154321276	0.004826267112915739	0.04623301739877356
169.71137793867865	3.7743265938383495	0.5549958302368445	0.007288188449195186	0.00495211350726727	0.046851139086834456
169.74052851985167	3.8580861991332425	0.563511904554576	0.007312556857825445	0.0050791733156576	0.04747289391465155
169.76967910102465	3.9418458044281346	0.5716195662008418	0.0073377848004247195	0.005207446610144013	0.04809828146201199
169.799806215612	4.025242772568612	0.5792789520329666	0.0073470056368847006	0.005258478529907601	0.04836279205183683
169.83239061538418	4.107727224154142	0.5864409227353803	0.007318127882676822	0.005132259017018351	0.04779896103686851
169.86497501515638	4.19021167573967	0.5932071899086571	0.00728891273820512	0.005006567603819217	0.04723024483253481
169.89755941492857	4.2726961273252	0.5995926937307955	0.007259362990962474	0.004881424941984768	0.04665664065134283
169.93014381470078	4.35518057891073	0.6056123675702633	0.0072294814140730955	0.004756852042624941	0.046078145720168474
169.9638924425196	4.4371770573131375	0.6112368197877069	0.007199871618106277	0.004633740723730447	0.04550189832342486
169.99985878525158	4.518244005278195	0.6164415130085076	0.007171029592613087	0.004512844202224527	0.04493411021647783
170.0358251279835	4.599310953243251	0.621325547536637	0.007141789093885038	0.004392499464566856	0.04436105501608757
170.07179147071543	4.680377901208308	0.6259031264775168	0.0071121530776986795	0.004272729470580719	0.04378272976647777
170.10775781344736	4.761444849173365	0.6301884423680182	0.007082124482833665	0.004153557599882814	0.04319913152886869
170.1451841791825	4.841824293242508	0.634136167349155	0.007052417849792884	0.004036122891716924	0.04261945604029924
170.1847632917038	4.9211900397198605	0.6377321178342049	0.007023320207502727	0.003920915319516017	0.04204781062192295
170.22434240422507	5.0005557861972125	0.6410774990530428	0.006993762664501873	0.0038062884894746094	0.041470521274516114
170.26392151674636	5.079921532674565	0.6441856485847721	0.006963748317901112	0.003692267778856147	0.0408875849009681
170.30350062926766	5.1592872791519175	0.6470698897396988	0.006933280244989196	0.0035788790467866176	0.04029899842399006
170.3448847341279	5.237696227364501	0.6496640722412657	0.006903201776450738	0.0034675692916815255	0.03971660590545041
170.388353700456	5.315000023055564	0.6519678640432943	0.006873589906636362	0.0033585127078200687	0.03914198593264613
170.43182266678411	5.392303818746626	0.6540850758927098	0.006843456641784967	0.0032500689522867617	0.03856135780286917
170.47529163311222	5.469607614437688	0.6560280328091733	0.006812805185017714	0.0031422657958524846	0.0379747183129984
170.51876059944033	5.546911410128751	0.6578090424726497	0.0067816387166727225	0.0030351315397154854	0.03738206428269567
170.564440388406	5.6228900122018635	0.6593338006136106	0.006750961095046025	0.002930505887738491	0.036798771050025006
170.61212897882075	5.6976645145815725	0.6606212814385892	0.006720625572090262	0.0028281669526908936	0.03622318428443436
170.65981756923554	5.7724390169612825	0.6617787295627608	0.006689707893131933	0.0027264719488715385	0.03564125066352405
170.7075061596503	5.847213519340993	0.6628172929091836	0.00665821132061323	0.0026254507030986753	0.03505296692485174
170.75519475006507	5.921988021720702	0.663748100321082	0.006626139091216508	0.0025251335651768204	0.03445832983173517
170.80557066287292	5.994927365217822	0.6644378456401563	0.006594708976949285	0.0024278694352398975	0.03387756292129835
170.85786190578426	6.066558739465874	0.6649336568285126	0.00656351635014555	0.0023329203908560893	0.0333046346484553
170.91015314869566	6.138190113713927	0.6653470195759004	0.0065316833529495254	0.0022386377747884486	0.032725068353006787
170.96244439160702	6.209821487961978	0.6656877277153908	0.0064992132448708755	0.002145052413969231	0.03213886077544304
171.0147356345184	6.281452862210031	0.6659655563346251	0.006466109256890655	0.002052195477324406	0.03154600868478303
171.07032833019758	6.35048259987105	0.6659885443355907	0.00643392343243124	0.001963146666120834	0.03097411865863367
171.1277476460496	6.418072910041701	0.6658477683074998	0.0064019100569289895	0.0018764460107377648	0.030410694529162566
171.18516696190164	6.485663220212353	0.6656613583467182	0.0063692030400501354	0.001790408321828353	0.029840422749940795
171.2425862777537	6.553253530383003	0.6654375476363037	0.006335805555740772	0.0017050626370234633	0.029263300147022313
171.3000055936057	6.620843840553654	0.6651845535067277	0.006301720747217248	0.0016204376405898702	0.028679323577190666
171.36159188964677	6.68455338799166	0.66461453048765	0.006269101481003073	0.0015407947319721735	0.028128698589124153
171.42493236159538	6.746629248639799	0.663893751517514	0.006236656657905174	0.0014635377761103826	0.027588105215563003
171.488272833544	6.8087051092879385	0.6631511219125382	0.006203475708650052	0.0013868771218692212	0.027040607722931282
171.55161330549262	6.870780969936077	0.6623930524501684	0.0061695616022148575	0.0013108328929913933	0.026486203142251877
171.61495377744123	6.932856830584216	0.6616259431787326	0.006134917275941786	0.0012354226179473718	0.02592488853618253
171.6831729024404	6.989378224224139	0.66044369543618	0.0061025312553770784	0.0011663348505962432	0.025413682225226678
171.75290158604955	7.044180948098193	0.6591202426558909	0.006070320521465627	0.0010994491981579338	0.024913417277744827
171.82263026965867	7.098983671972245	0.6577855317705577	0.006037360680845847	0.001032982673755468	0.024406476088070603
171.89235895326783	7.153786395846298	0.656444039105257	0.006003654334788078	0.0009669289828630586	0.023892856054933655
171.96208763687696	7.208589119720351	0.6551002363146721	0.0059692040546086384	0.0009012719866235447	0.02337255460701767
172.03705294292138	7.255784115358706	0.6532188027042342	0.005945163457971664	0.0008527606652805686	0.022976902243639706
172.11313943826366	7.30135025507245	0.6512099878045208	0.005930076761605607	0.0008162342182859492	0.022658471236951385
172.18922593360588	7.346916394786193	0.6491902563292624	0.005916159973879207	0.0007802754010744376	0.022348621836168942
172.26531242894816	7.392482534499937	0.6471621961846955	0.0059034103219146455	0.0007448388151644334	0.022047356814170416
172.34139892429042	7.438048674213681	0.6451284241177802	0.005891825029754639	0.0007098738767745082	0.02175467894691292
172.42257756475104	7.473525887501113	0.6424294353659509	0.005887323871325953	0.0006861265386872661	0.02157732211123873
172.5044269717061	7.50767412966656	0.6396290487466432	0.005884523885316817	0.0006640361462492705	0.021421074991928864
172.5862763786611	7.541822371832008	0.6368149111974927	0.0058826286464985465	0.0006421392612302001	0.02127178463857063
172.66812578561613	7.575970613997455	0.6339882652352014	0.0058816366219947135	0.000620401170055159	0.021129452584040656
172.74997519257116	7.610118856162903	0.6311503778360983	0.005881546277019474	0.0005987837482599208	0.020994080363124713
172.8350156051583	7.6351789033315125	0.6277675435035504	0.005886890566538537	0.0005866631473214629	0.020954971548930376
172.92024690908443	7.65969527934708	0.6243416580172167	0.005893172453345626	0.000575155416654754	0.020926471893724763
173.00547821301052	7.684211655362647	0.6209052537561695	0.0059001132094939355	0.0005636795736635121	0.020903190666499347
173.0907095169366	7.7087280313782145	0.6174589310730367	0.005907712128200564	0.0005522169763230438	0.02088512857403709
173.17594669837237	7.7332204087676955	0.6140020458292179	0.00591597873011881	0.0005407723734378035	0.020872506891125294
173.26286114610087	7.7508642926350335	0.6101785619610758	0.005927731428599302	0.000536371576646366	0.020927353822046895
173.3497755938294	7.768508176502371	0.6063507777424891	0.005939961967932048	0.0005319833624027598	0.020986036199753894
173.43669004155794	7.786152060369709	0.6025190168271665	0.005952670058330084	0.0005276005478804513	0.021048554314033168
173.52360448928647	7.803795944237046	0.5986836136659941	0.005965855409461879	0.0005232156689017262	0.021114908455216266
173.61057016347425	7.821148342951161	0.5948313124334643	0.005979618524597841	0.0005191241075079467	0.021187577792171786
173.69829243072323	7.83419562966422	0.590777872823449	0.0059952827434480134	0.0005195179555184205	0.02130017825917996
173.78601469797223	7.847242916377279	0.5867267963837048	0.0060113026200797745	0.0005199386228540459	0.021415642300651117
173.87373696522127	7.86029020309034	0.5826782935436926	0.006027678051511608	0.000520383908379153	0.02153397001956677
173.96145923247028	7.873337489803401	0.5786325819834701	0.006044408934461834	0.0005208515696600889	0.02165516151920846
174.04923050133593	7.886011203066348	0.5745745509143768	0.006061595963164414	0.0005217346899907152	0.021782151486329036
174.1373501345363	7.8960290923904255	0.5704131687149	0.0060798100269742325	0.000525464134413707	0.02193249937898545
174.22546976773668	7.906046981714503	0.5662595291067487	0.006098299516210097	0.0005292420718524628	0.022085054814460305
174.31358940093708	7.916064871038582	0.5621137864027319	0.00611706440879228	0.0005330681310434904	0.022239817814833248
174.40170903413744	7.92608276036266	0.5579761000490052	0.006136104682463248	0.0005369419366442954	0.02239678840236175
174.4898655590534	7.935740417106975	0.5538337852411523	0.006155491363474541	0.0005412511227696253	0.022558573065394334
174.57818656747438	7.943791959405582	0.5496444498239681	0.00617543956936651	0.000547347781133599	0.022733931373212682
174.6665075758953	7.951843501704186	0.5454668151435281	0.0061956114148281356	0.0005535092031978757	0.022911066204294603
174.75482858431627	7.959895044002793	0.541301005630248	0.0062160069119192194	0.0005597355484979671	0.023089977546580428
174.8431495927372	7.967946586301398	0.5371471495886904	0.006236626072584176	0.000566026974534768	0.023270665388125597
174.9314956181472	7.975700988054968	0.5329963117579014	0.006257506684075785	0.0005727086852048682	0.023455101927683176
175.01991955147733	7.982530034570292	0.528830753939096	0.006278708684259591	0.0005804737376858061	0.023647289215684215
175.10834348480748	7.989359081085617	0.5246796180771613	0.006300102313942486	0.0005883135750558503	0.02384098332179759
175.1967674181376	7.996188127600941	0.5205430139310064	0.00632168759900601	0.0005962284736102131	0.0240361842201416
175.28519135146772	8.003017174116264	0.5164210541285359	0.0063441994257663606	0.0006084257832956791	0.02427256456716247
175.3735510016377	8.01055585042108	0.5123326337899162	0.006367723621316559	0.0006262383886752705	0.024563742928433885
175.46176270966353	8.019727678431279	0.5082999212363666	0.00639136448050812	0.0006446276642533258	0.024865096126364495
175.54997441768933	8.028899506441476	0.5042785409742689	0.006414848774056299	0.0006631227267324951	0.025165295555388493
175.63818612571515	8.038071334451674	0.5002686445124921	0.006438176391150438	0.0006817216459168126	0.025464341326316725
175.72639783374098	8.047243162461871	0.4962703872903869	0.006461347221090043	0.0007004224937339889	0.0257622335498496
175.81451721856214	8.057207296857174	0.49230313966723277	0.006484444998183538	0.0007194522242922851	0.026064121076255074
175.90247439517756	8.068563482119766	0.4883797583456946	0.006507505891093456	0.0007389845363950349	0.026373719154640866
175.99043157179307	8.07991966738236	0.4844658227763848	0.006530369740341891	0.0007586160891031615	0.0266818965550004
176.07838874840849	8.09127585264495	0.48056153213937536	0.006517706789725418	0.0007646177700802542	0.026617861337878877
176.16634592502393	8.102632037907544	0.4766670325284917	0.006500763000149395	0.0007688854227485381	0.02650987582517163
176.2541404113304	8.115113581229153	0.4728081924409772	0.0064840350684338185	0.0007734565183335734	0.026411419141416256
176.34171253527074	8.129133244936227	0.4689928574055047	0.006467594717210788	0.0007784901618565442	0.0263256856227329
176.42928465921108	8.143152908643302	0.4651853139350263	0.0064512120092880005	0.000783496729834212	0.02624175272479915
176.51685678315138	8.157172572350378	0.4613857404135303	0.0064348870772725645	0.0007884799026763975	0.026159620315007962
176.60442890709172	8.171192236057452	0.457594318846427	0.006418620055102942	0.0007934432686128693	0.026079288259420727
176.6917264489361	8.18674716943843	0.45384601906879546	0.006402673255824682	0.0007989338446807659	0.026012340372194697
176.77872924224474	8.2039501290203	0.4501423013770225	0.006387077165266755	0.000805021836076984	0.025959917924777955
176.86573203555338	8.22115308860217	0.4464455930191996	0.006371554400894625	0.0008111367449067527	0.025909687527258283
176.952734828862	8.238356048184041	0.44275611669868997	0.0063561051485236	0.0008172820984115286	0.025861648993820433
177.03973762217063	8.255559007765912	0.4390740985831143	0.006340729595946911	0.0008234613593974583	0.025815802136671045
177.12627645844617	8.274860678923957	0.43544964905787326	0.006325829092078494	0.0008304820871548934	0.02578879737384384
177.212423311461	8.295935487998428	0.4318748415389318	0.00631135555567875	0.0008382583832775817	0.025778409607820605
177.2985701644758	8.317010297072894	0.42830763763362123	0.006296974454372214	0.000846124989293666	0.025770677345222842
177.3847170174906	8.33808510614736	0.42474826854815173	0.006282686050300028	0.0008540855204216777	0.025765600323909257
177.4708638705054	8.359159915221829	0.4211969679508733	0.006268490608512466	0.0008621435479200419	0.02576317827882966
177.5562296736325	8.383083413620582	0.4177292609995193	0.0062549966532987845	0.0008714813630865906	0.02578714055425495
177.64107862346185	8.408892008598507	0.41432102473263677	0.006242016181788177	0.0008817508759299432	0.02582989640064563
177.7259275732912	8.43470060357643	0.41092287503380653	0.006229151384715183	0.0008921876840586382	0.025875851047841254
177.81077652312058	8.460509198554352	0.4075349634128593	0.006216402633696654	0.0009027957400623724	0.02592500412422482
177.89562547294992	8.486317793532274	0.4041574412254559	0.0062037703045796765	0.0009135789682223354	0.025977355253949477
177.97918150976145	8.515908996061036	0.4009072527330276	0.006192156520138298	0.0009262277431252271	0.026065936692975345
178.06207592478015	8.547435870637981	0.3977310103119654	0.006181142611772683	0.0009399840138887767	0.02617513055099567
178.1449703397988	8.578962745214927	0.39456957680402094	0.006170271963080221	0.0009540017800822195	0.02628813672901087
178.2278647548175	8.610489619791872	0.39142283686184987	0.006159545099001019	0.0009682855880267609	0.02640495470208061
178.31075916983616	8.642016494368818	0.3882906695201518	0.0061489625504965485	0.0009828399676944902	0.026525583939243588
178.39159154255793	8.678361207285121	0.3853526013962663	0.006139807193749386	0.0009999769789317025	0.026694043416169135
178.47162674450107	8.716568461986256	0.382504852581999	0.006131317225068397	0.0010183622868272495	0.026883885482073575
178.55166194644426	8.754775716687389	0.379678372251074	0.0061230015330284	0.0010371215097709284	0.027078181670692023
178.63169714838742	8.792982971388522	0.3768724334415787	0.006114860845243703	0.0010562600071566599	0.027276931254410337
178.71173235033058	8.831190226089655	0.37408629371490104	0.006106895897566314	0.0010757831304882039	0.02748013349737646
178.7886723407209	8.875163488263185	0.37158270188163084	0.0061008199359905806	0.0010986490146379054	0.02774274142873048
178.86474376787078	8.920754779462968	0.3691807133046867	0.006095426680860666	0.0011228267007207416	0.028025749405838025
178.94081519502063	8.966346070662748	0.36680577265891406	0.006090239589089116	0.0011475046034838	0.028313800592209518
179.0168866221705	9.01193736186253	0.3644560073087465	0.006085259630814083	0.001172688985322968	0.028606894017706785
179.09295804932034	9.057528653062311	0.36212951382766484	0.0060804877867603685	0.0011983861055396051	0.028905028701604996
179.16474140419527	9.109503259170129	0.36018115863377537	0.006078035765415983	0.0012280705706067463	0.029271369838815037
179.23571128470297	9.1626888203931	0.35833032524866204	0.006076216090508747	0.001259027793106036	0.029655138197166704
179.30668116521065	9.215874381616072	0.35650668679790726	0.006074631434768694	0.001290614553354266	0.03004438463556578
179.37765104571838	9.269059942839043	0.354706562014719	0.0060732830195681774	0.0013228378820602951	0.03043910793263978
179.44862092622606	9.322245504062014	0.3529262188580307	0.006072172078805104	0.0013557048083521466	0.030839306854490968
179.51416141356032	9.381927374994456	0.35159967352230104	0.006073680636110606	0.0013929228704162233	0.03131127968525935
179.57909998471322	9.442329443158515	0.3503424170310674	0.0060757079469843985	0.001431286900089614	0.031796273550358446
179.64403855586616	9.502731511322576	0.349100398295286	0.006077992269180046	0.0014703981689444842	0.032286947287043385
179.7089771270191	9.563133579486635	0.34786750929912047	0.006080535038788233	0.0015102641080106316	0.03278329945922347
179.773915698172	9.623535647650696	0.3466375698967994	0.006083337705407202	0.0015508921463977716	0.03328532861730051
179.83257936370694	9.690024785173554	0.34588832725003266	0.006088857109382821	0.0015958617323941333	0.033856526677869064
179.89098056110117	9.75676853398044	0.3451537569111611	0.006094747543200006	0.0016418128176321739	0.03443601275895135
179.94938175849546	9.823512282787325	0.3444049145632453	0.006100907976880936	0.001688604470033768	0.03502112862663726
180.0077829558897	9.89025603159421	0.3436328970502459	0.006108644100258634	0.0017385215455597667	0.035633514269105986
180.0660874369927	9.957078436161073	0.3428357913181928	0.006124942421369725	0.001803801606612134	0.03638895620118149
180.11952775840362	10.027856680766167	0.34235397571065834	0.006142053615175281	0.0018702751229550006	0.037171423035383594
180.17296807981455	10.098634925371261	0.34182032527312994	0.006159066175159864	0.0019370195512319872	0.03795270375984296
180.22640840122546	10.169413169976353	0.3412237370569555	0.00617597582451313	0.002004005267484922	0.038732802651369864
180.27984872263636	10.240191414581446	0.3405530084957892	0.006192778296978606	0.0020712032326764785	0.03951172397622086
180.33292332468463	10.31122789925873	0.33982221411912183	0.006209530050204702	0.0021386325805484727	0.04029122831608295
180.3817423786585	10.385269291945388	0.3392876965442326	0.0062268773556629	0.0022067867412602312	0.04109002636605602
180.43056143263232	10.459310684632044	0.3386397058484222	0.006244113636729342	0.002275096444412614	0.04188770768590505
180.47938048660612	10.533352077318701	0.3378650568881182	0.0062612347560151195	0.002343534341512534	0.042684276413018994
180.52819954057995	10.60739347000536	0.33695046121106087	0.006278236585697894	0.002412073515662985	0.043479736675220274
180.57643112217187	10.681798967145545	0.335920436626632	0.006295203878804579	0.0024807375905042508	0.04427644929949323
180.6210170790473	10.758463954665155	0.33495497658786255	0.006312601003202243	0.002549775989569929	0.04508671864801441
180.66560303592271	10.835128942184769	0.3338013501473101	0.006329876888881108	0.002618863016812494	0.04589594820706941
180.71018899279812	10.911793929704379	0.3324445114903873	0.006347027596572122	0.0026879735409880675	0.04670414191592728
180.75477494967356	10.98845891722399	0.33086931068190645	0.006364049195496127	0.002757082730879834	0.04751130370536728
180.79860012669326	11.06554159245403	0.3291054233146264	0.006381045544220584	0.0028262052160183833	0.048320007309333356
180.83935198090745	11.14431160095972	0.32726903590732936	0.006398347082118613	0.0028954513099426426	0.04913810373426316
180.88010383512164	11.223081609465408	0.3251590073676035	0.006415519141061413	0.0029646495540730923	0.049955239313404204
180.9208556893358	11.301851617971097	0.32275866797237257	0.006432558010533882	0.0030337768193495042	0.05077141775727154
180.96160754354997	11.380621626476785	0.32005124524776335	0.006449459987449816	0.0031028101725470952	0.05158664276895143
181.0014691289656	11.459828038925437	0.31706730997600624	0.006466342673347947	0.0031717517738255045	0.052403467495449454
181.0387712870331	11.540289065922288	0.31387312558875025	0.006483437221709933	0.0032406428558890417	0.053226712731447245
181.07607344510058	11.620750092919142	0.31031117124297664	0.00650039576570619	0.0033094001364482382	0.05404907451899109
181.11337560316804	11.701211119915994	0.30636338174880656	0.0065172148346561	0.0033780022314970374	0.05487055632876146
181.15067776123556	11.781672146912847	0.3020115920608734	0.0065338909643216396	0.003446427872430895	0.05569116162499659
181.1869669357196	11.862578843929704	0.297285727528587	0.0065505565985352	0.0035146697379902117	0.05651336110151147
181.22108082040768	11.944442576640641	0.2922165623921627	0.006567372413755271	0.0035827422512440792	0.0573400276452902
181.25519470509576	12.026306309351575	0.28667856045675594	0.006651402147793904	0.0037829060007767367	0.0576806807627898
181.28930858978387	12.108170042062511	0.2806624614017982	0.006874305742651166	0.004200740802138395	0.05699674608513329
181.32342247447195	12.190033774773447	0.27417476746517355	0.0070922313080318015	0.004545663262003702	0.05631337765360629
181.35769836106317	12.271829499171746	0.26721671487108983	0.007305047655888386	0.004834515959673748	0.05563136971096463
181.3922415263303	12.353513020124312	0.25979264407076824	0.007512686029067247	0.005078104183232705	0.0549511904386231
181.42678469159745	12.43519654107688	0.2519219852889073	0.007715556935675224	0.005284351711085603	0.05427132116687629
181.46132785686456	12.516880062029445	0.24361278879152334	0.007913736176213989	0.005458702642631488	0.05359168609522254
181.49587102213167	12.598563582982012	0.2348731658416909	0.008107299804679889	0.005605286977978787	0.052912209169665485
181.5307573829738	12.680100017167163	0.22569905828578413	0.00829585372904684	0.00572695273156867	0.05223461771489694
181.56608582752028	12.761446983108167	0.2160961651481144	0.008479322961158988	0.005826251963120469	0.05155931156247524
181.60141427206673	12.84279394904917	0.20608880323394038	0.00865838477041156	0.005905836397551146	0.05088387281744266
181.6367427166132	12.924140914990176	0.19568518538477278	0.008833117219509698	0.005967484619234175	0.0502082234170941
181.67207116115966	13.005487880931177	0.1848935957756507	0.009003598668577901	0.006012708247554652	0.04953228500130504
181.70792081860608	13.086604469217344	0.17370648408332767	0.009169143132299646	0.006042333718158732	0.04885867864021567
181.7442985760105	13.167487635748497	0.16213300519638707	0.009329801422831177	0.006057547018290467	0.04818729812432044
181.78067633341487	13.248370802279647	0.15019791958294837	0.009486422547232198	0.006059841212517778	0.0475153065668693
181.81705409081928	13.329253968810796	0.13790959945304626	0.009639087382749845	0.006050096474533033	0.04684262309061512
181.8534318482237	13.41013713534195	0.1252764987713678	0.009787877157576612	0.006029101364742381	0.04616916646736536
181.89052492833488	13.490691695360004	0.1122885373938591	0.009931760784505963	0.005997033887268536	0.04549852505615624
181.92818841385002	13.570984221293187	0.09895876594818001	0.010071028266669606	0.005954708420275986	0.04482979027994544
181.96585189936516	13.651276747226373	0.08531070142930272	0.010206645526575853	0.005903154708909144	0.04415992837570287
182.0035153848803	13.731569273159554	0.07135287934576134	0.010338696808721239	0.005842912378640178	0.04348885509893201
182.0411788703954	13.811861799092737	0.05709392871371927	0.01046726677229935	0.005774480657337922	0.04281648579043922
182.0797800876602	13.891703513668581	0.04252194346331676	0.01059090783952114	0.005697763957563592	0.04214752652323137
182.1189655628831	13.971264348213225	0.0276537114741725	0.01071026895562613	0.005613471511981528	0.04147998067825566
182.1581510381059	14.050825182757869	0.012510890655570208	0.010826389140060939	0.005522371560711706	0.04081075065528908
182.19733651332874	14.130386017302513	0.0029003183825592653	0.010939356581360943	0.005424844901094374	0.040139748265796256
182.23652198855157	14.209946851847159	0.018565191593860265	0.011049259957910361	0.005321252204725976	0.039466884831392955
182.2769116868188	14.288897628076604	0.034501728652978736	0.011154136719823713	0.0052113955076154355	0.03879824019676732
182.31787964533237	14.367555458183396	0.05068876793309964	0.011255134199782885	0.005095956560202827	0.038130388100349945
182.35884760384596	14.446213288290188	0.06710700545763662	0.011353327878638951	0.004975521180772665	0.037460249102257266
182.39981556235955	14.524871118396982	0.08374756770010647	0.011448810504935524	0.0048503894543148	0.03678773045394564
182.44078352087314	14.603528948503772	0.1006014764979649	0.011541675405319703	0.004720851348961056	0.036112738828768025
182.48329687460165	14.68135527370757	0.11768214243921946	0.011629289263749037	0.004586733022599823	0.03544319196532653
182.52636508980183	14.758883053898622	0.13496748694107066	0.0117134939010108	0.004448685743849658	0.03477370117304319
182.569433305002	14.836410834089673	0.15244074600807336	0.011795365506578413	0.004307152325560915	0.03410126861630462
182.61250152020216	14.91393861428072	0.17009291650887448	0.011875002052044498	0.004162394116921386	0.03342579632351826
182.65556973540234	14.991466394471772	0.1879148726171392	0.011952502190860748	0.004014668525247819	0.032747185641232315
182.7006555105609	15.067829305111774	0.20591844806341159	0.01202429210569438	0.003863975280192106	0.032076067852210205
182.74626416989895	15.143890320456451	0.22408167976479057	0.012093203942923014	0.003710859992008219	0.031404198088074486
182.791872829237	15.219951335801131	0.24239045392916764	0.012160293862491074	0.0035556519997328143	0.030728669985151193
182.83748148857512	15.29601235114581	0.260835680028123	0.012225665763854773	0.0033986029177363224	0.030049379643984058
182.88309014791318	15.37207336649049	0.27940813572738055	0.012289424351219401	0.0032399655171029096	0.02936622236036791
182.93149165242158	15.446376171577196	0.2981124811118518	0.01234642794597269	0.0030801710267525646	0.028694674711344393
182.98035867340326	15.520385915005033	0.3169329835536196	0.012401183762254084	0.0029194631701817456	0.028021400715305168
183.02922569438496	15.59439565843287	0.3358587851691485	0.012454678039757219	0.002758086346911987	0.02734367483713375
183.07809271536667	15.668405401860705	0.3548808424284877	0.012507021279646957	0.0025963102912307037	0.026661386575665295
183.12695973634834	15.742415145288541	0.373989972816128	0.012558324935818148	0.002434412033278344	0.02597442447700498
183.1802104473907	15.813315723923001	0.3931575267285745	0.012600107471447061	0.002273954066811543	0.025309484246666222
183.23390092680077	15.88390439357045	0.41240163202230185	0.012640272802682252	0.002114256929104354	0.024642013732921693
183.28759140621088	15.9544930632179	0.43171620408101086	0.01267980195230205	0.0019555114892237826	0.023969192201207988
183.34128188562093	16.02508173286535	0.4510926358121142	0.012693700875739197	0.0018849863130150609	0.02349762154616856
183.39497236503098	16.095670402512795	0.47052272422797176	0.01266362166876351	0.001970143948655984	0.02340052968621357
183.44816395961024	16.166635727990975	0.49000240275763324	0.012636696840300651	0.0020528853745646184	0.023305085280460665
183.501349543691	16.23760559136881	0.5095194227220591	0.01261231173450492	0.002132514259296006	0.023211414823390744
183.55453512777177	16.308575454746645	0.5290661160926589	0.012590455050117438	0.0022093294222358044	0.02311952377143883
183.60772071185255	16.379545318124478	0.548634826711141	0.01257112281024186	0.0022835889706032033	0.023029416101501294
183.66090629593327	16.45051518150232	0.5682178640285203	0.012554310988399767	0.0023555095278344567	0.022941095840056647
