Q20	Q30	EHFB	M22	M23	M33
32.0	0.0	0.0001	0.03649999999999998	8.581994123912789e-07	0.06908000000000004
32.15170247148854	0.0013653458203842276	0.010891668743685754	0.039445445143638666	0.007682491119000012	0.06726467008224198
32.30340494297708	0.002730691640768455	0.0178388324636472	0.04248061249784155	0.01040455461836836	0.06551084704627927
32.45510741446563	0.004096037461152682	0.02095105013520015	0.04555987859825374	0.012110057108890685	0.06385354942516717
32.60680988595418	0.00546138328153691	0.020337409326586474	0.04864373652672331	0.013191712028061279	0.062321542901215554
32.75851235744271	0.0068267291019211375	0.016107485323735744	0.05169835753459026	0.013814378823115316	0.06093777900745419
32.91021482893126	0.008192074922305365	0.008371399679726825	0.05469512346517891	0.01407401960046538	0.059719863029691476
33.058592138088564	0.036912643202791966	0.018870951096206325	0.055783781531808824	0.014436503618811082	0.05799529247541754
33.206203989141954	0.07193043087610283	0.02934018611632864	0.05647146344513021	0.014886498853640122	0.056387664041100925
33.353815840195345	0.10694821854941368	0.03476046979781067	0.05720828061832588	0.015382085418386557	0.05504561652610953
33.501427691248736	0.1419660062227246	0.03528277957249484	0.05800316313154281	0.01593864577363599	0.05395644671223688
33.64903954230213	0.17698379389603544	0.03106773382102573	0.058854988193169665	0.016566135494548023	0.05311401755201468
33.79665139335551	0.21200158156934626	0.022284948285988457	0.05975390143438476	0.017270914583951295	0.05251763371830304
33.928899606973566	0.27949912752169537	0.029188030468030347	0.05834306930754641	0.01900331372552936	0.05213072370473533
34.04960410820145	0.37140085442750215	0.04294950572234154	0.054824642013446445	0.021414711426620714	0.052687907501420966
34.170308609429334	0.4633025813333091	0.04786341406576577	0.05071920742421178	0.02356433851540138	0.054507313584648026
34.29101311065722	0.5552043082391158	0.04445350310231536	0.04589126777539443	0.02513999444149225	0.05766921247908086
34.411717611885095	0.6471060351449227	0.03324062613174207	0.040244070143868854	0.0257029580485114	0.06221346587465995
34.53242211311298	0.7390077620507295	0.014740808120033547	0.03373220775407174	0.02458892661478468	0.06812754836827435
34.668225965538426	0.8011385029156316	0.019183966669341596	0.029913978827069948	0.02283246279104267	0.07331873621181602
34.813685752664696	0.8442308961436937	0.06228217934645871	0.028017795731880818	0.021137889867083242	0.07773983172520178
34.95914553979097	0.8873232893717559	0.10810602940163579	0.025932657951922768	0.018353079023359285	0.0824378803772598
35.10460532691723	0.930415682599818	0.15640496102926998	0.023721065187796167	0.013795823234126333	0.08731422859471048
35.2500651140435	0.9735080758278802	0.20692823200837118	0.02146672579263096	0.0031274052046755063	0.09224823121916002
35.395524901169765	1.0166004690559423	0.2594254770988962	0.021904359899774004	0.0	0.09446765330933385
35.5428116196591	1.0489587236670803	0.3143948007850563	0.022884354186445886	0.0	0.09639921797769334
35.69433700550004	1.0564126803810852	0.3722262635978464	0.024616472056914526	0.0	0.09814126753570653
35.84586239134099	1.0638666370950904	0.43081426168299164	0.026354529562590902	0.0	0.09963979857565079
35.99738777718193	1.0713205938090953	0.4899934975774355	0.028090407285861676	0.0	0.10087269272410296
36.14891316302287	1.0787745505231003	0.5496192540215237	0.031211898466609694	0.00992626828183746	0.10042784986760415
36.300438548863816	1.0862285072371054	0.6096350742309915	0.0348685026663329	0.015031346809868028	0.09915720942842086
36.451979233941245	1.090499956176447	0.6700557959066145	0.03894385254801545	0.019016115490479914	0.09724755056221271
36.60356928143143	1.084503163128275	0.7310347916733743	0.04390471169310177	0.02262673699391679	0.09436673786257897
36.75515932892162	1.0785063700801034	0.7924427366869797	0.048641585671704166	0.02497035802254436	0.09142646460755757
36.90674937641182	1.0725095770319317	0.8542566634096156	0.053092361588210096	0.026401290888648177	0.08849911864496035
37.05833942390201	1.0665127839837598	0.9164533623731562	0.05720649668199632	0.02711871515143079	0.08564546752406116
37.2099294713922	1.060515990935588	0.9790093776856539	0.06094510287779105	0.027261024046480613	0.08291457163840231
37.361498123138894	1.0542408375784424	1.0419083385870087	0.0642922050634981	0.026936955546396857	0.08033682618082016
37.51222395862191	1.0370005782159426	1.105513376787297	0.06759248698569836	0.026185633990518396	0.07773822177536352
37.66294979410493	1.0197603188534428	1.1696101222893414	0.0703214795476848	0.025083589995628822	0.07547981514986547
37.81367562958796	1.0025200594909431	1.2341717514449986	0.07250383249912826	0.023741811942270454	0.0735475009008805
37.96440146507098	0.9852798001284433	1.2991710390563485	0.07417311354880976	0.022250169886915604	0.07191815686246078
38.115127300554	0.9680395407659436	1.3645803246837285	0.07536938439634149	0.02068105108179676	0.07056204948877114
38.26585313603702	0.9507992814034437	1.4303714785831543	0.07613697555244131	0.01909189822189989	0.06944504021058635
38.41546705666932	0.9258629608506967	1.497064161699314	0.07656925242156697	0.017473722209720568	0.06858762673388691
38.56490887857292	0.8997354678390306	1.564343315522275	0.07663456550752845	0.015922695215786153	0.06794054037535371
38.714350700476515	0.8736079748273645	1.6321015636535954	0.07638160329693175	0.01447411811089355	0.06744882569786924
38.863792522380116	0.8474804818156982	1.700302803821528	0.07586566653126964	0.01314360827225357	0.0670669567066335
39.01323434428371	0.8213529888040324	1.7689102826401473	0.07513700985063237	0.011939098909950058	0.06675414615877473
39.16267616618731	0.7952254957923662	1.837886519166866	0.07424019685797618	0.010863212711281555	0.06647494527086421
39.31130217805031	0.7649037331033698	1.9076862334723361	0.07320643754448582	0.009910597863605089	0.06626246748056774
39.459642065474156	0.7331109379443915	1.9780552690242903	0.07206835696652734	0.009087446236525135	0.0660558191313754
39.60798195289801	0.7013181427854134	2.048791665972407	0.07085450047723926	0.00839183280109508	0.06581471064750576
39.75632184032186	0.6695253476264351	2.1198491944336597	0.06958339070946522	0.007819862796218605	0.06552780869322501
39.90466172774571	0.6377325524674569	2.1911804478115693	0.06826495558608484	0.007368565959143848	0.06519165879155359
40.05300161516956	0.6059397573084789	2.262737147385974	0.0669002974646171	0.007035356001347047	0.06481093793057231
40.20099886226522	0.5726239489926891	2.3347459826528167	0.06547767817833625	0.0068124310087041865	0.06442784691383632
40.34866207073573	0.5378233615100166	2.407244987488876	0.06398366306090042	0.006681710750187963	0.06407179017575776
40.49632527920623	0.5030227740273442	2.4800000172108425	0.06240659080073274	0.006619876208263803	0.06375165532459912
40.64398848767674	0.46822218654467174	2.5530097638949343	0.06072550778430717	0.006595620434681251	0.06350604969352532
40.79165169614723	0.4334215990619992	2.6262716943784463	0.05891684628273456	0.006564887323200565	0.06337647794735171
40.939314904617724	0.39862101157932694	2.699781895373154	0.05695618305525233	0.006463809904116454	0.06340557187590495
41.08732052321981	0.36535316474773827	2.773199399072729	0.0548450253287314	0.006216839896677858	0.06359075306289869
41.23575527632081	0.33400626543078377	2.846398795534586	0.052587732741406656	0.0057126688814491695	0.063942618232739
41.3841900294218	0.30265936611382926	2.9197825738322223	0.050149576928567585	0.0046690768926470234	0.06454003163083036
41.5326247825228	0.2713124667968748	2.993344519917744	0.04752803930336199	0.002013754580498163	0.06540498020962818
41.6810595356238	0.23996556747992032	3.067076394274903	0.04583884478063819	0.0	0.06544142212264317
41.829494288724796	0.20861866816296581	3.1409677873295765	0.04438990583364268	0.0	0.06536133228734034
41.978203052044854	0.17881694384336858	3.2145884934765605	0.04297217668332229	0.0	0.06537800452257994
42.12836550856562	0.15721276191974587	3.286091104422329	0.04159492740905421	0.0	0.06543929478078737
42.27852796508639	0.13560857999612314	3.3576576330309718	0.04029434155700028	0.0	0.06561767685089669
42.42869042160716	0.11400439807250073	3.429282518040189	0.03908752400243385	0.0	0.06591744558315847
42.57885287812793	0.09240021614887803	3.5009582103464743	0.03799148979339273	0.0	0.06634315109099279
42.72901533464871	0.07079603422525532	3.5726750952466313	0.0370231517185503	0.0	0.06689960623143755
42.87937953107214	0.05146607020570858	3.6437026982982443	0.03620040925189612	0.0	0.06757559641097993
43.03100015752694	0.046299866726001476	3.710290739944009	0.03554908462245732	0.0	0.06829880010328505
43.18262078398175	0.04113366324629437	3.7769335095708834	0.035080464635895564	0.0	0.0691834160577164
43.33424141043655	0.03596745976658725	3.8436396982251595	0.03480968496066449	0.0	0.07023713349388834
43.485862036891355	0.030801256286880144	3.910417484722596	0.034751844593791444	0.0	0.07146773968281508
43.63748266334616	0.025635052807173035	3.977274530957181	0.03492200510299081	0.0	0.07288312046868331
43.78910328980096	0.020468849327465927	4.044217977198008	0.035335189866925874	0.0	0.0744912607915548
43.94079338755915	0.020270345965925377	4.109638509456101	0.0360116466682057	0.0	0.07627938994197515
44.092499187336806	0.021194650442070948	4.174847936719077	0.04016974213762611	0.011059379430783146	0.07506683316377373
44.24420498711445	0.022118954918216516	4.240145016618285	0.044898763510258954	0.015470259473498123	0.07375073126094875
44.3959107868921	0.023043259394362078	4.305395735911646	0.05003707659720642	0.01848628866785043	0.07244674970513627
44.54761658666975	0.023967563870507642	4.370464464062457	0.0554912515583248	0.020603671880354054	0.07120167267135512
44.699322386447406	0.024891868346653218	4.435215455838241	0.0611684106244577	0.02200764243677863	0.07006174304083967
44.85100246973554	0.022394939866597324	4.50049624576535	0.06686761411077533	0.022795640469632127	0.06918412079514699
45.00267723263432	0.019190205159856612	4.565329105920233	0.07262197354034727	0.023070677640592775	0.06848436666573957
45.15435199553309	0.0159854704531159	4.629364599318929	0.0783735076841325	0.022882194180543824	0.06797314014160072
45.30602675843187	0.012780735746375185	4.6924626547384225	0.08404414380376178	0.022276928792663433	0.06768197982170036
45.457701521330655	0.009576001039634473	4.7544835943466195	0.08956300100476984	0.02130510775195315	0.06763519338201894
45.609376284229434	0.006371266332893761	4.81528813636426	0.09486743854203261	0.020020632279537275	0.06784880974732815
45.761020269111086	0.007295520167256355	4.873750845576058	0.09995191364744921	0.01844875463326385	0.06828386486513799
45.91263040325383	0.012760979906575596	4.929762228433971	0.10475203863269901	0.01665396164743791	0.06896254926980955
46.06424053739657	0.018226439645894835	4.98431763390204	0.10918105714601982	0.014739739444943344	0.06992426755722328
46.2158506715393	0.023691899385214	5.03728228027804	0.11322475785890719	0.012769311456062249	0.07113681529521909
46.367460805682036	0.02915735912453324	5.08852073102522	0.11687668326823004	0.010801208472896161	0.07256029998744885
46.51907093982478	0.03462281886385248	5.137896902465577	0.12013695615561659	0.00888865509850745	0.07414831600034981
46.67071252697279	0.03899216223405338	5.185478421070029	0.12300486033800105	0.00708058843392027	0.0758532302839909
46.82238659903577	0.04222942786680029	5.231100560554765	0.1254883897569812	0.0054150222234535155	0.07761936809771972
46.97406067109874	0.04546669349954721	5.2744029547821984	0.12760336746575573	0.003925126026575928	0.07938637308842511
47.125734743161715	0.048703959132294125	5.3152475432210355	0.1293599863686187	0.002641030426548407	0.08109782508782211
47.27740881522469	0.05194122476504105	5.353495890998449	0.13076719147010776	0.0015872468474529913	0.08269859386787574
47.42908288728766	0.05517849039778797	5.389009191582767	0.13183078333859016	0.0007830586009416572	0.08413673615775609
47.58075903662129	0.05768629189176973	5.4217357652962415	0.1325448756623981	0.00024098497785729746	0.08536804609955255
47.73244908594877	0.055312906130920256	5.451973673638472	0.13286054751690324	-4.2042274671116616e-05	0.08636876136719633
47.88413913527624	0.052939520370070776	5.478953429956148	0.13280438515842422	-4.637901277485929e-05	0.08708942138307688
48.03582918460371	0.0505661346092213	5.502539392329028	0.13235261293569897	0.00023175745857943996	0.08750718105250693
48.18751923393118	0.04819274884837185	5.522702206741104	0.13148713373049464	0.0007797847946149304	0.08762262950825608
48.33920928325866	0.04581936308752237	5.539626589618504	0.13021407010700178	0.0015579908733736698	0.0874709388275009
48.49088427017393	0.04288729770712439	5.553557594765392	0.12853150986808484	0.002519914443793032	0.08709705556600093
48.642481841891154	0.037083826816050096	5.564816421818945	0.1264099951138087	0.0036109501184058775	0.08655329519658435
48.79407941360837	0.03128035592497579	5.573416134783531	0.12389282897079935	0.004794025155653645	0.08587000911437549
48.94567698532559	0.025476885033901487	5.5795711154914445	0.12099079299829103	0.006021005782612935	0.08508478010498784
49.09727455704281	0.01967341414282718	5.583496256296136	0.11772070106563322	0.00724398907702125	0.08422932557587595
49.248872128760034	0.01386994325175288	5.585406957973054	0.11410653931483011	0.00841651787471895	0.0833283567912452
49.40046970047725	0.008066472360678575	5.5855191276134	0.11017997298924062	0.009494947710430413	0.0823990712371721
49.55214784305846	0.008019081779217294	5.583988521854117	0.10608948193889979	0.010473748880791988	0.08143681935046408
49.703848457797996	0.009577129463701687	5.581146635863099	0.10180967211582291	0.011305061720605396	0.08045962463033846
49.85554907253753	0.01113517714818608	5.5772269582685965	0.09736058384113129	0.011956024134020473	0.07947136032853315
50.00724968727707	0.012693224832670474	5.572436567975383	0.09279528465616341	0.012409201452535889	0.07846780523609032
50.158950302016606	0.014251272517154846	5.566982434347174	0.088168858297454	0.012654432592724276	0.07744268072820798
50.31065091675615	0.015809320201639238	5.561071417041071	0.0835368076480981	0.012688701085658328	0.07638924775218206
50.462357434048855	0.01650955816098311	5.554899854496767	0.07893551971670862	0.01250545536246001	0.07530106751990384
50.61406512485924	0.01703925045162821	5.548679037224995	0.07443187713744397	0.012119993282341849	0.07417380297649895
50.76577281566962	0.017568942742273313	5.542618949130227	0.070078334440167	0.011548308831583138	0.07300746037011029
50.917480506480004	0.018098635032918416	5.536927896909328	0.06591943178584982	0.010808089967688169	0.07180633023879612
51.06918819729039	0.01862832732356352	5.531814148696694	0.06199507103371635	0.009919181369405013	0.07057932723149071
51.22089588810076	0.01915801961420862	5.527485934045352	0.05834065882437635	0.008902364668281563	0.06933984701790219
51.37260381365164	0.019305067357674642	5.524145714552618	0.054980682864185906	0.007770225364497955	0.06810287291469
51.52431204017267	0.01896151126762936	5.522002170221396	0.0519422740393111	0.006537353866496515	0.0668872355181718
51.67602026669368	0.018617955177584078	5.521273081188734	0.04926179128540589	0.0052336044772123645	0.06571743477276325
51.827728493214714	0.0182743990875388	5.5221684024306565	0.04696687749193892	0.003888695128110702	0.06461487044743149
51.97943671973574	0.017930842997493517	5.524898114481339	0.04508788505688368	0.002579486866453518	0.06359824203702351
52.13114494625676	0.01758728690744824	5.529639215204811	0.04365325526834442	0.001619732498281023	0.06267953324527133
52.2828533710406	0.017437110810736487	5.536368457051033	0.042660305658853856	0.0018202801408144615	0.06185430351249167
52.434561983090546	0.01746958882290967	5.544986011735592	0.042093422037841395	0.002957749002025898	0.06110648378683512
52.58627059514049	0.017502066835082854	5.555394557325577	0.0419375924038342	0.004337022549667724	0.06041542430087814
52.737979207190435	0.017534544847256035	5.567496701263207	0.04218349282543847	0.0057705712270435	0.059759163817686756
52.88968781924038	0.017567022859429217	5.581195059924398	0.04282195846655115	0.0071977943859412065	0.05911558308811199
53.041396431290316	0.0175995008716024	5.596392258618399	0.04384207211138325	0.008582368159195176	0.0584643163257542
53.19310293153434	0.01737054590209109	5.6130033027162085	0.04522327203608727	0.009888661662100685	0.057789690934419755
53.344791221927125	0.014887285412459442	5.631047697736601	0.046899652048435755	0.011065879089962066	0.057091396717854855
53.496479512319894	0.012404024922827791	5.650340613552224	0.04890290347752343	0.012123608938096655	0.056351745462115424
53.64816780271266	0.00992076443319614	5.670785428229584	0.05120531252818909	0.01302890859033263	0.055567524797134005
53.79985609310543	0.007437503943564491	5.692284832050531	0.05377284619287913	0.013750859450162203	0.054741758323018745
53.9515443834982	0.0049542434539328415	5.714740825317211	0.05656520389527324	0.014261657213381207	0.05388365389442129
54.10320444162241	0.004273892578761328	5.737872938399573	0.059564780116559524	0.014533092953762896	0.053001050593284776
54.25474060526241	0.011505430050950673	5.760871351968665	0.06278771365835346	0.014513032232144462	0.05210471264582383
54.406276768902416	0.018736967523140018	5.784375285405138	0.0660297413184309	0.014209913910826478	0.051263770919344226
54.55781293254242	0.025968504995329367	5.808294951448165	0.06923091518048904	0.013635868252633321	0.050507061406806886
54.70934909618242	0.0332000424675187	5.832542446953074	0.0723343540727154	0.012811314887096054	0.049860588016744235
54.860885259822425	0.04043157993970806	5.8570317347002065	0.07528795832899497	0.011764322000223766	0.04934580722815944
55.01242142346243	0.0476631174118974	5.881678625256294	0.07804588131643757	0.010529586962221211	0.04897815597924075
55.16389468511283	0.0560838405657785	5.906216820523985	0.08056620306257888	0.009144084016505575	0.048772798665315885
55.315348143994555	0.06487894248117497	5.930679800618653	0.08281634572520173	0.007658536952931414	0.04872718102845961
55.466801602876274	0.07367404439657144	5.955048518330136	0.0847768786279681	0.0061216186884451625	0.04882984718972186
55.618255061758006	0.0824691463119679	5.97925003895739	0.08643672863065516	0.00458051760470101	0.049062748366620015
55.769708520639725	0.09126424822736437	6.00321351174021	0.0877928384359644	0.0030808559220960197	0.04940009762867042
55.92116197952146	0.10005935014276084	6.026870143714973	0.08884908235130896	0.0016653217527524205	0.049809453280894714
56.0728352320635	0.10166515422290574	6.051335935429494	0.08966390421361918	0.0003003853391086289	0.05021919447958559
56.224543109445406	0.10213840386133449	6.075599987324723	0.09021150699639538	-0.0009620553256749841	0.05064266490360162
56.376250986827294	0.10261165349976326	6.099513874402152	0.09051481450166858	-0.0020985928339790055	0.05106326642041323
56.5279588642092	0.10308490313819202	6.1231179812454215	0.09060395096944436	-0.0030998959060650447	0.05145963443235928
56.67966674159109	0.10355815277662075	6.146452563451699	0.09050690589499742	-0.003960864412611147	0.051812533875285054
56.83137461897299	0.10403140241504952	6.169557747735463	0.09024910971940223	-0.004679882906585407	0.05210528353354655
56.98306117859889	0.10265174087233878	6.192736061945032	0.08985079883016306	-0.005297805337363818	0.05233432538931271
57.13471801157412	0.09868827813578519	6.216099795948492	0.08931908258983953	-0.005842023432294433	0.05250539722667413
57.28637484454936	0.09472481539923158	6.239304347590247	0.0886691370158654	-0.006263534987660165	0.052600631457020264
57.438031677524584	0.09076135266267801	6.26238355034404	0.08791541063979685	-0.0065660339980059415	0.052613401770801385
57.58968851049981	0.08679788992612442	6.285372290723522	0.08707032693135605	-0.006754245245695375	0.052539149737391024
57.741345343475054	0.08283442718957083	6.308306515531338	0.08614435638457953	-0.006833664649892217	0.05237531310813925
57.89296226701979	0.07767515868064566	6.331345844411189	0.08513150880798126	-0.006842238817579909	0.05214106074447027
58.044545890477636	0.0715181200800499	6.354484076147923	0.08403598872910858	-0.006782067906229979	0.05183858212311884
58.196129513935496	0.06536108147945416	6.377650209683814	0.08287484023189169	-0.006632736081499127	0.051453978503886555
58.34771313739334	0.0592040428788584	6.4008840835182195	0.08165337076665904	-0.006400294912636447	0.050989676220012
58.499296760851195	0.053047004278262644	6.424227243881742	0.08037582905425841	-0.006090993155588965	0.05044923123351154
58.65088038430905	0.0468899656776669	6.447722962428436	0.07904556583295816	-0.0057111998514027245	0.049837169344017926
58.80246592924638	0.04078292629254592	6.471413336059714	0.0776661596460188	-0.005266010349937173	0.04915774492682302
58.954075005917275	0.03528821101878553	6.495317281764147	0.07625075508339411	-0.004747166042652486	0.04840489219160073
59.10568408258817	0.02979349574502513	6.519522974497235	0.07478944026300674	-0.004177379688050814	0.04759841429011186
59.25729315925906	0.024298780471264735	6.5440800683525016	0.07328340246355633	-0.0035627508566531164	0.04674536836038718
59.408902235929965	0.01880406519750434	6.569039830007377	0.0717337997165571	-0.0029089999471803188	0.04585290870307549
59.56051131260086	0.013309349923743944	6.594455153033217	0.07014186435102104	-0.00222131526632114	0.04492818401112368
59.712142596018275	0.008937853182920159	6.62035189061531	0.06853100177427145	-0.0014765903482478356	0.043958014052670774
59.86385038081612	0.008435800724165415	6.646740326973139	0.06695305238147908	-0.0006113205069425959	0.04290767432870999
60.01555816561397	0.00793374826541067	6.673784022134031	0.06532958676914907	0.0002774577206244955	0.04186096737039973
60.16726595041182	0.007431695806655926	6.70150503296711	0.06365793568650423	0.0011876606933774218	0.0408294274697705
60.31897373520967	0.006929643347901182	6.7298520543963605	0.0619313576660192	0.002112632705562994	0.03982861515832296
60.47068152000752	0.006427590889146437	6.758760183787651	0.060143424097581756	0.003044451314470833	0.038873778094831245
60.62238930480536	0.005925538430391694	6.7881643667205	0.058288866358267216	0.003974543513738924	0.03797901399978172
60.77409516528859	0.00654401407604824	6.817978723244238	0.05637693024057286	0.004921605769456757	0.037151802329527146
60.92580033087822	0.00756712617468392	6.84814878382128	0.05439211487202537	0.005856758403221296	0.03641336771057245
61.07750549646784	0.0085902382733196	6.878614586828926	0.0523275048748289	0.006757423435745681	0.035776865472812606
61.22921066205747	0.009613350371955279	6.909309190159873	0.05018351919512828	0.007609840857559526	0.03525064740124226
61.38091582764709	0.010636462470590958	6.940165963956126	0.047962797626160604	0.00839899114100088	0.03484082419643181
61.53262099323671	0.011659574569226637	6.971118590177764	0.04567053950212616	0.00910879469249633	0.034550926761931375
61.684322013140566	0.013169356012629817	7.002086760943941	0.04331609302745264	0.009732922665544864	0.034385749046160076
61.836022592946165	0.01473080136448603	7.033015514457817	0.040908484789309786	0.010243619888811633	0.03434066921638228
61.98772317275177	0.016292246716342242	7.063841022230123	0.03846270008038924	0.01062264164169531	0.034408753803618616
62.13942375255736	0.017853692068198455	7.094498514926776	0.03599766234308234	0.010853937003639824	0.034579646091459984
62.291124332362955	0.019415137420054664	7.124923695515697	0.03353608050192125	0.01092329232068413	0.03483917287587954
62.442824912168554	0.020976582771910876	7.155052738265325	0.0311043614467668	0.01081925217813753	0.035169431938725175
62.59452261701162	0.02277298491899102	7.184813060056815	0.02873244765031153	0.010537576044043406	0.03555219436217779
62.74621598388739	0.024923908170833488	7.2141368176510055	0.026453965941208572	0.01007704442372425	0.035964102076782925
62.89790935076315	0.02707483142267596	7.242976175921167	0.024304912343920525	0.009437119513989064	0.03637265341744645
63.04960271763892	0.029225754674518434	7.2712702977775185	0.022322822767656982	0.008631801649974688	0.03674855177613594
63.20129608451469	0.0313766779263609	7.298958986224348	0.020545816569912403	0.007687674706150907	0.03706187403161632
63.35298945139045	0.03352760117820337	7.325982682469034	0.01901143306915376	0.006650352655700339	0.03728323395551326
63.50469138950922	0.03471619014757521	7.352312255958932	0.017746317461214505	0.005569498782098714	0.03738076056767377
63.656399003029165	0.035267574789126795	7.377868978932701	0.016780878085866827	0.0045652064447955195	0.037337392053041575
63.808106616549125	0.03581895943067837	7.402568796675606	0.01614782873496048	0.0038653970662090426	0.03713789493728673
63.95981423006907	0.03637034407222995	7.426349545538731	0.01586948508816928	0.0037375322932612417	0.03676846330291795
64.11152184358903	0.036921728713781535	7.449176444979883	0.01595813860486971	0.004241948833590074	0.036223942152044275
64.26322945710898	0.03747311335533311	7.471263786024861	0.016392169889127582	0.0051144538249997575	0.03552061943686913
64.41493635956648	0.03784196077336999	7.492957155992204	0.017126742609330104	0.006078688607245249	0.03468943668936455
64.56663507329671	0.03610867558704101	7.514561731443559	0.018081410164895863	0.006934158041126963	0.033781163461938296
64.71833378702692	0.03437539040071209	7.536425678660247	0.019246890677141026	0.007679923273475786	0.032817220956180226
64.87003250075713	0.03264210521438311	7.558895713538289	0.020577185037645915	0.00827009251873319	0.03183209102600383
65.02173121448736	0.030908820028054132	7.58232012713757	0.02202695576090473	0.008682086760614924	0.030859524811030926
65.17342992821759	0.029175534841725158	7.607048788070081	0.023552706508120105	0.008908200386872999	0.02993136317168314
65.32513011373877	0.02759338974985375	7.633443451370566	0.02511597880998677	0.00895230532210008	0.029074906773887136
65.47683381387424	0.0263721648945214	7.661876754693279	0.026681866844021882	0.008824829635490744	0.028313211203566127
65.62853751400971	0.025150940039189062	7.692680364275396	0.028211735197949464	0.008538509776382302	0.0276712110789077
65.78024121414518	0.023929715183856715	7.726208497198044	0.02967745203613839	0.008114041540071943	0.027165089820353355
65.93194491428066	0.022708490328524372	7.762816488839161	0.031055943935493956	0.007574918533573801	0.026805923677941313
66.08364861441613	0.021487265473192033	7.802860794062376	0.0323292564449616	0.006946258777010217	0.02659962115151998
66.23535231455162	0.020266040617859686	7.846698988406433	0.03348444426222324	0.006253744456810554	0.026547032793779263
66.387057534326	0.0192584505862152	7.894709704941124	0.03451387957506339	0.005522296694956582	0.02664252310276069
66.53876325619942	0.01832144695324654	7.947237315912431	0.035412502957355464	0.0047760582907764694	0.026879109001363578
66.69046897807283	0.01738444332027788	8.004633800993716	0.036180063978365075	0.004037409772253043	0.027245123077727283
66.84217469994624	0.016447439687309218	8.067258715031757	0.03681987289884826	0.0033261130751731285	0.027725017622725726
66.99388042181965	0.01551043605434056	8.135472475656732	0.03733781332881533	0.00265895968151483	0.028300634116136758
67.14558614369307	0.0145734324213719	8.209636363983607	0.0377416264168373	0.002049477252475259	0.028951919025445073
67.29729127426089	0.013545351206228472	8.290110419454468	0.03804067769226846	0.0015079631476249777	0.02965820644501127
67.44899637393888	0.012512512093600416	8.377264074515788	0.038243944005563905	0.0010408747621646335	0.030397279010618377
67.60070147361687	0.011479672980972357	8.471462573918952	0.03836038324707725	0.0006515435175181153	0.03114767173410216
67.75240657329485	0.010446833868344298	8.573071913629475	0.038398100448800064	0.0003402033873779569	0.03188878185132832
67.90411167297283	0.009413994755716242	8.682459046185143	0.03836380182924389	0.00010428176927127906	0.0326013640134398
68.05581677265083	0.008381155643088183	8.799982793146391	0.03826248236784438	-6.125808044193495e-05	0.03326803292905873
68.20752307736532	0.007597840743691524	8.925525540470664	0.03809984494543749	-0.00016460456178449457	0.03387612522240072
68.3592310765489	0.007165395764962063	9.05834419167953	0.03788744910654494	-0.00021590963687543734	0.03442200431716999
68.51093907573247	0.006732950786232603	9.197750961674371	0.03763926645404048	-0.00022509203407697833	0.03490722470530428
68.66264707491604	0.006300505807503154	9.343008053075579	0.03736464051653363	-0.00020186290077982264	0.035333024413829094
68.8143550740996	0.005868060828773693	9.493376605329953	0.037071675429911057	-0.00015522403261841432	0.03570189162004019
68.96606307328317	0.005435615850044233	9.648116694281795	0.03676763605573889	-9.333267058485256e-05	0.036017164536018824
69.1177705293353	0.004855269464155532	9.806565336651406	0.036460364766323576	-2.3457216669497904e-05	0.0362834156602358
69.2694776129267	0.004173497407556262	9.967980521758847	0.036155871406216865	4.8113868611456184e-05	0.03650440301566478
69.42118469651808	0.003491725350956992	10.13157177010676	0.03585987458004348	0.00011614416389129691	0.03668367254394646
69.57289178010947	0.0028099532943577214	10.296594186558155	0.035579043583900224	0.00017638935810893508	0.036825135506387795
69.72459886370086	0.002128181237758451	10.462301194826331	0.03532032257661274	0.0002256085834772161	0.03693244525950349
69.87630594729225	0.0014464091811591806	10.627944536407592	0.03509098630276727	0.0002615520212434142	0.0370089415392325
70.02801274017905	0.0009172973156169709	10.792638561311264	0.03489813636785209	0.0002830820810963782	0.03705716475522926
70.17971612700094	0.0021768415628889504	10.95407059260473	0.0347458479070325	0.00029155858056968724	0.03707562520123868
70.33141951382282	0.0034363858101609302	11.113002210746497	0.03464987847897572	0.00028591065878330943	0.037073220241035654
70.48312290064472	0.00469593005743291	11.268705208019208	0.034618711861569645	0.00026733890441644657	0.03705243819250968
70.63482628746661	0.005955474304704889	11.420454461086608	0.03466090277384348	0.00023772030325474257	0.03701566473712003
70.78652967428849	0.007215018551976869	11.5675279273598	0.034785001536604646	0.00019949650101546917	0.03696525828410103
70.93823424621296	0.008227601368486347	11.709484158856936	0.034999086401883865	0.00015531419419374207	0.036903643698772
71.08994273454731	0.008424050459333428	11.846270009658499	0.03530948036787859	0.00010804327950802933	0.036832583013725356
71.24165122288167	0.00862049955018051	11.976251820118271	0.03572499446599422	6.203837729675106e-05	0.036754090633221506
71.39335971121602	0.008816948641027594	12.098693357985475	0.03625362598276081	2.0768142933952727e-05	0.03667091729688278
71.54506819955039	0.009013397731874675	12.21285887329846	0.03690318530884268	-1.254883107149124e-05	0.03658599573199288
71.69677668788474	0.009209846822721758	12.3180130982962	0.03768131950609232	-3.5173564682872636e-05	0.036502417087045644
71.8484851762191	0.009406295913568839	12.413421247329861	0.0385955578493457	-4.509293648580931e-05	0.036423385390553044
72.00019305080572	0.00905712191526328	12.498929292485073	0.03964929605278361	-4.0059126909398006e-05	0.03634975521885167
72.15190071327281	0.008519373168144637	12.573567549221632	0.040848151065054246	-1.982291169854353e-05	0.036284894734195924
72.3036083757399	0.007981624421025997	12.637393817269007	0.04218348370405015	1.4985210350812974e-05	0.03622967019754756
72.45531603820697	0.007443875673907354	12.690878905542293	0.04364201254064867	6.330431353008541e-05	0.03618355791831835
72.60702370067406	0.006906126926788714	12.734495633766986	0.045210559465259335	0.00012338773494210997	0.03614594120255182
72.75873136314115	0.006368378179670072	12.7687188337462	0.046876046858284656	0.00019296137513131497	0.03611611319523998
72.91043924323327	0.005896691177557263	12.793983109404635	0.048626287102536296	0.0002688151407119864	0.0360938236873559
73.06214715595114	0.00543490797578206	12.810816875335988	0.05044777397704276	0.00034836156098884353	0.03607785736941741
73.21385506866902	0.004973124774006856	12.819709340442706	0.05232750885913646	0.0004286609111054085	0.0360672603462901
73.3655629813869	0.004511341572231651	12.821144218668197	0.05425262616951423	0.0005067036546642016	0.036061142033743374
73.51727089410478	0.004049558370456448	12.81560695727245	0.05621025784931543	0.0005795859564993504	0.036058623243647
73.66897880682266	0.003587775168681244	12.803584737767506	0.05818751380327548	0.0006446022561795732	0.036058855750252826
73.82068596487798	0.0036749589662905717	12.785561543414708	0.060179985615242605	0.0006912511694905643	0.03606724147557799
73.97239203458497	0.004553844055522215	12.762235244683392	0.062179153215258166	0.0007123633260989495	0.03608671845210056
74.12409810429196	0.005432729144753858	12.734190165568043	0.06415978706704414	0.0007176076601473314	0.03610799253935995
74.27580417399895	0.006311614233985501	12.701912516802356	0.06610854887658714	0.000706216706543492	0.0361303519401777
74.42751024370592	0.007190499323217095	12.665885216532688	0.06801205173000899	0.0006779447408739329	0.03615311685487393
74.57921631341293	0.008069384412448739	12.626587893703613	0.06985687260745349	0.000633077865590123	0.036175627001450356
74.73090224319492	0.010316135305466899	12.585351873089653	0.07165212317401196	0.0005479776488889738	0.036216297892473735
74.88256842715182	0.01390398548268455	12.543001634394244	0.07338373836030003	0.00042398120029989855	0.03627537187483431
75.03423461110873	0.0174918356599022	12.49924463153015	0.07501577516066585	0.000287485074121775	0.0363334739089127
75.18590079506562	0.021079685837119846	12.454484647194004	0.07653445451084195	0.00014160550210233594	0.03638931070676714
75.33756697902251	0.0246675360143375	12.409112410286129	0.07792606877064327	-1.0229410263497884e-05	0.036441455888162146
75.48923316297942	0.028255386191555154	12.363505651800821	0.07917698554650279	-0.00016435944604007303	0.0364883467165952
75.64089936155254	0.031281566661780814	12.31744562009394	0.08026496303797961	-0.0003074314094173661	0.03651996447456052
75.79256573203597	0.027701610052484588	12.264708963421183	0.08108498900872634	-0.0003358608279081679	0.03644621267584927
75.9442321025194	0.024121653443188357	12.212423866895982	0.0817279931564371	-0.0003613907800499878	0.03636555018508826
76.09589847300282	0.02054169683389213	12.1611693998438	0.08218245677796786	-0.000381188650529228	0.03627816276981112
76.24756484348626	0.0169617402245959	12.111204692507693	0.08245043324359005	-0.0003938863419043759	0.03618499770283848
76.39923121396968	0.01338178361529967	12.062550054703287	0.08254352165951623	-0.0003993191702501425	0.03608745224200906
76.55086697676613	0.011719977759947937	12.01731849347228	0.08249987389911292	-0.00042504552837211107	0.03601057427113687
76.70234191104888	0.02013712151431051	11.983994653580233	0.0824364619879002	-0.0005811832855470605	0.036047025698829324
76.85381684533161	0.028554265268673086	11.95088949058929	0.08222042142789476	-0.0007183129635937505	0.03606460185007034
77.00529177961435	0.03697140902303565	11.917669398871652	0.08186258553852016	-0.0008375940632502477	0.036062413888511786
77.1567667138971	0.045388552777398235	11.884029990838181	0.08137385432578119	-0.000940477358014223	0.03603992641038587
77.30824164817983	0.05380569653176081	11.8496957640402	0.08076520093440956	-0.0010286220295102945	0.035996944210498115
77.45971658246258	0.06222284028612338	11.814419769337752	0.08004767863819436	-0.0011038233362235985	0.03593359853535371
77.61013623824832	0.08119407027643356	11.785454926853836	0.079335816819444	-0.0012837929530138978	0.0359221605936097
77.76027896086768	0.1029349734174364	11.755203642491397	0.07854873347876713	-0.0014761530855191256	0.035889917001005904
77.91042168348703	0.12467587655843924	11.721257783592298	0.07766901607309284	-0.0016528628735843192	0.03581719424846468
78.0605644061064	0.14641677969944208	11.683452792981843	0.07670840286471675	-0.0018173020042070755	0.03570631982400276
78.21070712872576	0.1681576828404449	11.641691970490793	0.0756788014382821	-0.0019726813769374964	0.03556033910375156
78.36084985134511	0.18989858598144777	11.595944368110409	0.07459228746542511	-0.002122009574948858	0.035382974345064495
78.51045846606556	0.21500936701393752	11.54710876441536	0.07348171834626674	-0.0022989134409088707	0.03518664889783034
78.65996545135144	0.2407613645223245	11.494049846674423	0.07233813065784767	-0.0024796221428892203	0.034965531248291604
78.80947243663731	0.26651336203071146	11.43675024224837	0.07116987693879627	-0.00266082265716379	0.03472400252117943
78.95897942192317	0.2922653595390985	11.375471196717971	0.06998975485916589	-0.0028449620811273465	0.03446903153491048
79.10848640720906	0.31801735704748546	11.31053724602358	0.06881064435360211	-0.003034267347334153	0.03420820287618325
79.25799339249494	0.34376935455587243	11.242333467350148	0.0676454778163536	-0.0032307792746617795	0.03394969233335407
79.4071980103139	0.37116629176743327	11.171154889274984	0.066511599308356	-0.0034501155953060953	0.03370241543523194
79.55608981602498	0.4002649896255738	11.097292184957453	0.06541919994517618	-0.0036941326294769347	0.033475130660330435
79.70498162173604	0.42936368748371434	11.021431101684799	0.06437566796316911	-0.003950289306974584	0.033278024246870916
79.8538734274471	0.4584623853418548	10.944236484663989	0.06339379832654818	-0.004220336301923407	0.03312234012101383
80.00276523315816	0.48756108319999536	10.866423076274033	0.062486194349066444	-0.0045060014589797075	0.03301986881456575
80.15165703886923	0.5166597810581358	10.78869626078059	0.06166227666814119	-0.004808485834034233	0.03298157962813628
80.30078432948493	0.5445005612928426	10.711846818631996	0.060921011314422194	-0.005117029743739961	0.033012342408882726
80.45011955159671	0.5712306092121355	10.63625712056816	0.06025940891812962	-0.005431452913508042	0.03311465894904984
80.59945477370849	0.5979606571314284	10.562002851030114	0.059672190878973845	-0.005758636544596644	0.03329142466431052
80.74878999582026	0.6246907050507213	10.489360417112245	0.05915418460925178	-0.0060964535401923535	0.0335441844209121
80.89812521793203	0.6514207529700142	10.418564152569704	0.058700173414412936	-0.006442571360644672	0.03387363857469236
81.04746044004382	0.6781508008893071	10.349807922716517	0.05830494977608992	-0.006794486363984906	0.03427964463900645
81.19693100018137	0.7040553179656476	10.283398832776717	0.057966465484560706	-0.007143937633019103	0.03475809317053449
81.34698398892594	0.7264071544397542	10.219849873212679	0.05769220718318102	-0.007471009265531243	0.03529375834976079
81.4970369776705	0.7487589909138608	10.158490128094563	0.05746533475202202	-0.007798479226164336	0.035895352470396456
81.64708996641507	0.7711108273879677	10.09933827622306	0.057280868286531374	-0.008124121709306476	0.03655955022483339
81.79714295515963	0.7934626638620742	10.042386469255247	0.05713397980422815	-0.008445784458290806	0.03728240746393349
81.94719594390419	0.8158145003361809	9.987601385973102	0.05702000618898516	-0.008761433166402622	0.03805938387465739
82.09739416631896	0.8370670917527849	9.934978077536122	0.05694116398903118	-0.009063849496321401	0.0388772057099505
82.24810334711356	0.8544523397855921	9.884394125213177	0.056911914577811806	-0.00934043687846275	0.0397064027005614
82.39881252790815	0.8718375878183993	9.835440093871483	0.05690543243918577	-0.009610478323058516	0.04056782670503949
82.54952170870276	0.8892228358512064	9.787982919033809	0.05691732709862392	-0.009873153293131601	0.04145542144436909
82.70023088949736	0.9066080838840136	9.741873886473286	0.05694333366278508	-0.010127884945484457	0.042362793616518075
82.85094007029195	0.9239933319168209	9.696949237977403	0.056979307355721084	-0.010374363379559126	0.043283238643298014
83.00164925108655	0.941378579949628	9.653030772158179	0.05702121801406024	-0.010612566421951823	0.04420976624286195
83.15288852915853	0.9531299369368359	9.609136094898998	0.05710893037383355	-0.010832065771101112	0.045073668520365526
83.30419552096598	0.9641616301487757	9.56542165810232	0.057202388598095094	-0.011047806855281351	0.04591661271611841
83.45550251277342	0.9751933233607156	9.521759687052851	0.05729208993134877	-0.011262210102207003	0.04673903226118374
83.60680950458088	0.9862250165726556	9.477933422470018	0.05737415530278167	-0.011476231677367298	0.04753355842655439
83.75811649638833	0.9972567097845956	9.43371842023315	0.05744488808536785	-0.011691037333280484	0.048292567964133074
83.90942348819577	1.0082884029965355	9.38888278579522	0.057500799371979015	-0.011908001269106636	0.04900816566225845
84.06103099002439	1.0135212003270726	9.341624610392676	0.057588885883217866	-0.012128496177850586	0.04959495476953804
84.21266778970934	1.0181886414086796	9.29298072879361	0.05766526288785154	-0.012356520299767162	0.050113987965275206
84.36430458939427	1.0228560824902868	9.243108304752862	0.05772827510855813	-0.012592578441103031	0.050573007440845946
84.51594138907922	1.027523523571894	9.192033121432555	0.05778158492259175	-0.01283685314045075	0.05097243838484791
84.66757818876417	1.0321909646535012	9.139781639516475	0.057829147414199034	-0.01308936632529602	0.05131239256927722
84.8192149884491	1.0368584057351082	9.086380991228172	0.057875204451916	-0.013349962513946836	0.051592673773408995
84.97089356588418	1.038598990575559	9.030835153914094	0.057952707602831714	-0.013618890197411138	0.0517669217999294
85.1226018059671	1.0382614762957982	8.973375971614031	0.05805969283338746	-0.01389452389558901	0.051844934155297104
85.27431004605	1.0379239620160376	8.914744058291207	0.058181251087742525	-0.014174834127983402	0.05185790508600726
85.42601828613292	1.0375864477362768	8.854979094203554	0.05832235960601049	-0.014458043477196467	0.05180512540738012
85.57772652621583	1.0372489334565163	8.794120719827252	0.05848804037221507	-0.01474200971140371	0.051685843339157996
85.72943476629874	1.0369114191767554	8.732208535826572	0.05868329688900721	-0.01502418273489177	0.05149932772830246
85.88113385045442	1.0354684667781098	8.668844596441923	0.05892489799140239	-0.01530007081047551	0.05122557378583564
86.03282686765866	1.0332930228196522	8.60419564417083	0.05921385243091397	-0.01556553098174889	0.0508702135483372
86.18451988486291	1.0311175788611948	8.53858827648685	0.05954670529463478	-0.01581711536379886	0.05044605290542385
86.33621290206715	1.0289421349027377	8.472064386111612	0.059927418473467435	-0.016050147639208777	0.04995358099457901
86.48790591927137	1.02676669094428	8.40466562006994	0.0603595252540047	-0.01625944583976393	0.04939373002706854
86.63959893647562	1.0245912469858227	8.336433378448868	0.06084605080996989	-0.016439330987383212	0.048767954693605675
86.7912914774746	1.0223834489353993	8.267395032757973	0.061389775080961564	-0.016583512355868097	0.04807775106676661
86.94298280956647	1.0200935159365798	8.197569672937941	0.06199296758658562	-0.016685109222131168	0.04732504160860621
87.09467414165832	1.0178035829377603	8.127032673676466	0.06265575764887696	-0.016737430122195033	0.046514794179990854
87.24636547375019	1.015513649938941	8.055824530415256	0.06337833768147771	-0.016733145488293622	0.04565136687405763
87.39805680584203	1.0132237169401213	7.983985472661875	0.06416001121940561	-0.01666465951465692	0.04474002126804041
87.54974813793388	1.0109337839413017	7.911555462609435	0.06499912553221383	-0.016524191816056386	0.04378698969482586
87.70144419891523	1.0091463360672122	7.83879993948181	0.06588860904502866	-0.016307265483781714	0.04280661619432145
87.85315176101565	1.0085809808854878	7.766088269325699	0.06681936506325324	-0.016011418610488784	0.041815547324830844
88.00485932311611	1.0080156257037631	7.692913671956319	0.06779777863501661	-0.0156206490792476	0.040804823138043324
88.15656688521656	1.0074502705220387	7.6193139923740505	0.06881669480888493	-0.015128357716019282	0.03978531172095921
88.30827444731699	1.006884915340314	7.545325266750621	0.06986425098630221	-0.01453344443061988	0.03877017872308567
88.45998200941743	1.0063195601585895	7.470983127661122	0.07092788038453146	-0.013837194009975157	0.03777273807993161
88.61168957151789	1.005754204976865	7.396323210246231	0.07199555229470601	-0.01304225975365085	0.03680575774883233
88.76339799022337	1.0059731919939594	7.321752824130707	0.07305117568075188	-0.012157865000254151	0.03588724736184109
88.91510642530855	1.0062071769186716	7.246947147312709	0.0740894639158883	-0.011183599988974302	0.03502094934855143
89.06681486039375	1.0064411618433837	7.171934479913027	0.07510112752439024	-0.01012562891417126	0.03421677350251232
89.21852329547893	1.006675146768096	7.096750187616591	0.07607802918128445	-0.00899129388014203	0.03348351429378758
89.37023173056413	1.0069091316928083	7.021429635254987	0.07701340870920968	-0.007788878045979122	0.03282859314591016
89.5219401656493	1.0071431166175207	6.946008186799488	0.07790198928377699	-0.006527461749713113	0.03225795222950401
89.67364590360121	1.006223099295557	6.869958305260813	0.07874729005387786	-0.005212195783929447	0.031772063445831875
89.82535158754771	1.0052799750930348	6.793862721670519	0.0795409203349837	-0.0038590480576650003	0.0313785044925897
89.97705727149423	1.0043368508905126	6.717768453467022	0.080282637588102	-0.0024786970608318454	0.03107813441157356
90.12876295544075	1.0033937266879904	6.641711295962518	0.08097401633060711	-0.0010818841982433434	0.0308700275642003
90.28046863938727	1.0024506024854682	6.565727048302321	0.08161831102169345	0.00032060661448973213	0.0307515617292969
90.43217432333377	1.001507478282946	6.489851513350928	0.08222044270675137	0.0017180577307403491	0.03071843144213468
90.58385425631803	0.9988125781226928	6.413263853847629	0.08280328204924509	0.003101179214792825	0.030761043780979172
90.73552211270723	0.9952961362773707	6.336452986784972	0.08336943713110034	0.0044569677492719804	0.030873537959108233
90.8871899690964	0.9917796944320487	6.259857075260292	0.08392173697468645	0.005774553979365467	0.031048055875188867
91.0388578254856	0.988263252586727	6.183512999715854	0.08447141640437152	0.007044336699668122	0.03127364548806015
91.19052568187477	0.9847468107414048	6.107457650173119	0.08503090623873343	0.008256940163102511	0.03153809470065979
91.34219353826396	0.981230368896083	6.031727924636046	0.0856136882364348	0.009403124215443513	0.031828076180876214
91.49378368180834	0.9754517810318706	5.955283294645679	0.08626534918448843	0.010469358949136465	0.03212213657501625
91.6453352926921	0.968551544552042	5.878712425072851	0.08698917750974355	0.01144639053436528	0.03240730697521459
91.79688690357585	0.9616513080722133	5.802589534347799	0.08778535874067409	0.012326208115378042	0.03267141463731362
91.94843851445962	0.9547510715923847	5.726953076356836	0.08866853948567291	0.013098341301809553	0.032899076838598745
92.0999901253434	0.9478508351125562	5.65183934033264	0.0896521638908496	0.01375195762247069	0.03307577484885106
92.25154173622714	0.9409505986327275	5.577258965826767	0.09074099248862112	0.014283381420690733	0.033193144310724405
92.40301863630454	0.9327380467511888	5.5026154806692595	0.09195493888308015	0.014688138217392867	0.03324202554864401
92.55437416763678	0.9223936202290149	5.427551357342968	0.09330430511447184	0.014961637196231434	0.033217231845941816
92.70572969896904	0.9120491937068413	5.3530277582182295	0.09474645705311548	0.015112118556807667	0.03313017557671087
92.8570852303013	0.9017047671846676	5.279039273066685	0.09627228834213306	0.015139757746565018	0.03298446801895675
93.00844076163355	0.8913603406624939	5.2055802756563265	0.09787120483424276	0.015044975415539468	0.03278533154493399
93.1597962929658	0.8810159141403202	5.132644924923679	0.09953137646091162	0.014828694885546941	0.0325393501089446
93.3111251626728	0.8703001949237797	5.060073516788159	0.10124599600372473	0.01449036322483637	0.03225251027227114
93.46240581914286	0.8589130529237083	4.987743368761926	0.10300576817818877	0.014030593829429457	0.03193225240934662
93.6136864756129	0.8475259109236368	4.91592987442093	0.1047854605908289	0.013457197329577217	0.03159092017374512
93.76496713208297	0.8361387689235653	4.84462673585401	0.10657086486367516	0.012775396341527563	0.031237884140886008
93.91624778855301	0.8247516269234938	4.773827418522726	0.10834801658761509	0.011991764251568282	0.030882421050881112
94.06752844502309	0.8133644849234224	4.7035251527563195	0.11010347941287474	0.01111425036613518	0.03053343264447901
94.21881124392782	0.802006257062007	4.633723823062334	0.11182425379535367	0.01015231851774098	0.03019926367593741
94.3701181028951	0.7909727420103573	4.564525150936011	0.11349540096983593	0.009118043074527123	0.029887977192330533
94.5214249618624	0.7799392269587075	4.495797268049467	0.1151107768021366	0.008021178828132847	0.02960492138090141
94.67273182082968	0.7689057119070579	4.427532387330705	0.11666137260733378	0.006874431256942821	0.029355232029701656
94.82403867979697	0.7578721968554081	4.359722503580589	0.11813966949032578	0.005691387988894237	0.02914271796874025
94.97534553876424	0.7468386818037585	4.292359395008744	0.11953971253914093	0.0044863353065860805	0.028969789705065745
95.12665695041748	0.7358723692054515	4.225457494530143	0.12085662131538522	0.003274169115155144	0.028837502889771202
95.27806942902568	0.7263979116134331	4.159482556060913	0.12207771921635256	0.0020706995640414516	0.028746661339218146
95.42948190763389	0.716923454021415	4.093908296308357	0.12321395872884149	0.0008871244186777408	0.028694022974622927
95.58089438624208	0.7074489964293966	4.028725426608597	0.12426514691786804	-0.0002616307992701684	0.02867690514623969
95.73230686485027	0.6979745388373784	3.9639244867988044	0.12523231771200538	-0.0013608173234949804	0.02869155216637861
95.88371934345848	0.6885000812453601	3.899495846467698	0.12611755837643593	-0.002396023460304541	0.02873331097823575
96.03513182206667	0.6790256236533418	3.8354297151337517	0.1269238079944264	-0.003353341296486415	0.028796839045506156
96.18664027970664	0.6712891904538625	3.772242974147816	0.1276475384984972	-0.004232299179018781	0.028878330190955367
96.33817531074921	0.6640339584195378	3.709526349278893	0.12830086261068754	-0.005027220911644329	0.02897121869593192
96.48971034179175	0.6567787263852132	3.6471254811843377	0.12889099687071567	-0.005734555431238788	0.029069893362902572
96.64124537283432	0.6495234943508885	3.5850342035310536	0.12942239163238936	-0.006353483298264457	0.0291697853973131
96.79278040387688	0.642268262316564	3.523246239944316	0.12989900330384666	-0.006883706648505671	0.029266891420153117
96.94431543491945	0.6350130302822394	3.461755204675923	0.1303242935770947	-0.007325400185088199	0.02935777469427926
97.0959032788318	0.6290090296826604	3.400900015116076	0.13069685449591537	-0.007691838697481067	0.029442344327311284
97.24751070671277	0.6234690083596857	3.340442054785136	0.1310221679561338	-0.007977533205760936	0.029516922354835128
97.39911813459373	0.6179289870367111	3.280244329631279	0.13130386438461006	-0.008178918360503539	0.02957860495267296
97.55072556247471	0.6123889657137365	3.220300158188624	0.1315434878040888	-0.00829714231022808	0.029625919960340596
97.70233299035567	0.6068489443907621	3.1606027821108924	0.1317421871639386	-0.008333617016540982	0.029657845434482546
97.85394041823663	0.6013089230677875	3.101145366583242	0.13190074272594488	-0.008289995333243217	0.0296737835292355
98.0055722471885	0.5965503880116404	3.0421192250129723	0.13201697089492984	-0.008177243878027853	0.029675555529412916
98.15722997411028	0.5926212799881632	2.983519852809785	0.1320907373733741	-0.007997724535997222	0.029663309463865
98.30888770103206	0.5886921719646858	2.9251266246818908	0.13212454366498982	-0.007743516130216464	0.02963520360306009
98.46054542795383	0.5847630639412084	2.8669326379881674	0.1321178547270078	-0.007416518453347009	0.029591870664780247
98.61220315487563	0.580833955917731	2.808930939706891	0.13206989549828002	-0.007018786972884739	0.02953422239857092
98.76386088179741	0.5769048478942537	2.751114526651321	0.131979680843151	-0.006552524246102725	0.0294634197754626
98.91553251150424	0.5736529069849049	2.693636519127409	0.13184322060018552	-0.0060263780425007804	0.029382069829044115
99.06722370812946	0.5713540178300331	2.636548066423738	0.13165734480846283	-0.005443607534184487	0.029291765485014613
99.21891490475468	0.5690551286751612	2.579613940015665	0.13142403668078637	-0.004796784993071044	0.029192278690595968
99.37060610137992	0.5667562395202893	2.5228272629780695	0.13114138748175785	-0.004088125831181604	0.029085463647849686
99.52229729800516	0.5644573503654174	2.46618113086826	0.13080736382224767	-0.003319977020295768	0.028973321653551227
99.67398849463038	0.5621584612105456	2.4096686118017567	0.13041983261709006	-0.0024948151264523226	0.028857976186946105
99.82568295478164	0.5603043045490266	2.3533834872662793	0.12997337666115366	-0.001616682820164819	0.028741923495869775
99.9773915529905	0.5603767921164036	2.29764946195293	0.12945259240389762	-0.000689327303928962	0.02862798586694863
100.12910015119934	0.5604492796837807	2.2420222921222535	0.12886700473667154	0.0002928650773464077	0.028517407117051467
100.2808087494082	0.5605217672511578	2.186511631381017	0.1282154012721289	0.0013220418121226846	0.028413823100332497
100.43251734761704	0.5605942548185348	2.131132530230222	0.12749766899103898	0.0023885377904604584	0.028320776844544246
100.58422594582589	0.5606667423859117	2.0759000485784265	0.12671428895526501	0.003482754763365974	0.028241221645250118
100.73593392651422	0.5608695713292655	2.020858487463387	0.1258645192329498	0.004595924790451605	0.028177538375107173
100.8876364012212	0.5622345595038043	1.9662534158207177	0.12493299325378297	0.0057264737921796744	0.028132258447268115
101.03933887592818	0.5635995476783432	1.9118383910637964	0.12393669948231129	0.0068606660565966055	0.02810606935534042
101.19104135063517	0.5649645358528821	1.8576285069729046	0.1228784746814994	0.007989518092126823	0.02809943143863964
101.34274382534215	0.566329524027421	1.8036388110074433	0.12176193386340421	0.009104309781193537	0.028112067178460418
101.49444630004913	0.5676945122019599	1.749884304459801	0.1205914639635191	0.010196642235944468	0.028142967463077057
101.64614877475614	0.5690595003764988	1.6963799426091466	0.1193722034195353	0.011258491823947257	0.028190411948354067
101.79785190693973	0.570349077889256	1.6431238272474225	0.11811212333064398	0.012281164495930025	0.028251734130286008
101.94955512010205	0.5716293673760731	1.5901456399390028	0.11681625315985202	0.013258333553383116	0.028324038730114236
102.10125833326437	0.5729096568628902	1.5374622836837013	0.11549149755175542	0.014183516415844836	0.028403745239737238
102.25296154642669	0.5741899463497071	1.4850885443681399	0.11414553890753058	0.01505062795106877	0.028486745572160972
102.404664759589	0.5754702358365242	1.4330391653842653	0.11278651862502712	0.015854116508618732	0.028568510137880553
102.55636797275132	0.5767505253233413	1.3813288477641095	0.11142295006747326	0.016588962841471884	0.028644174822973135
102.70807486581616	0.5766570866943768	1.3296746247398572	0.11012032542092737	0.01722519378687216	0.028698406986756603
102.85978276096115	0.5761895659758713	1.2783114864438612	0.1088526210759105	0.017776387961268077	0.02873165540656027
103.01149065610612	0.5757220452573657	1.2273359327957492	0.1076136449672549	0.01824627899173408	0.02874151740971255
103.16319855125109	0.5752545245388602	1.1767630073691944	0.10641167954527418	0.018632160800500838	0.028723199758838417
103.31490644639608	0.5747870038203546	1.1266077696169536	0.10525472094451427	0.018931597502420724	0.028672181812989316
103.46661434154105	0.5743194831018491	1.0768852948890042	0.10415037288509511	0.019142340620282312	0.02858432161920361
103.61827727596418	0.5712709907797859	1.0270981359445586	0.10323859586721826	0.019212208371163504	0.028431194540642402
103.76990940832479	0.5664543051228536	0.9774435020734134	0.10249155940292774	0.019155047951411274	0.028217537085323728
103.92154154068538	0.5616376194659212	0.9282944466755336	0.10182354090682556	0.019003520294374007	0.027959333639131237
104.073173673046	0.5568209338089887	0.8796680123252106	0.10123634334765433	0.018756099945173372	0.027656824542478704
104.2248058054066	0.5520042481520563	0.8315813274966923	0.10072609501601619	0.01841805333583044	0.02731435866279305
104.37643793776721	0.5471875624951238	0.7840513334390364	0.10028367521713336	0.018001447206360925	0.02694003979954391
104.5279439366888	0.5398285767978653	0.7366808668281819	0.10003994117818642	0.01746950125749418	0.02652255746394857
104.6793081805983	0.5296124282746837	0.6894791581504508	0.10000302864112219	0.01682813877271064	0.026072567590136462
104.83067242450781	0.5193962797515019	0.6429445256511815	0.10000550269852111	0.01614338994303959	0.025621857749720516
104.9820366684173	0.5091801312283202	0.5970940846301077	0.10003820802673652	0.015426242256515442	0.025177632692722048
105.13340091232679	0.49896398270513853	0.5519443789650623	0.10009322985040767	0.014687347492049592	0.024746031956591676
105.2847651562363	0.48874783418195683	0.5075113671738569	0.10016391659274272	0.01393702555660344	0.024332108694019933
105.4360339789451	0.47734981818898303	0.46367742532493517	0.10030804748845303	0.013163457122318149	0.023936237489252117
105.58707661866406	0.46315034595682203	0.4203146797961223	0.10060536637768575	0.012347303029999996	0.023560459375993405
105.73811925838301	0.448950873724661	0.37777415869945413	0.10090136256973044	0.01155018266557345	0.023217273703106896
105.88916189810196	0.4347514014925001	0.33606940951121694	0.10119384069007004	0.010781057048796306	0.022907405767657655
106.04020453782091	0.4205519292603391	0.2952130736698368	0.10148169667092673	0.010048180168957272	0.02263073540668669
106.19124717753988	0.4063524570281781	0.2552168590525365	0.10176476752990396	0.009359013918606066	0.022386450049231073
106.34225251298406	0.3917868216302767	0.2160709950306448	0.10206213150145232	0.008713809987168242	0.022173647496666206
106.49305545926828	0.3752346188481744	0.17771831254676773	0.10245537770186196	0.008090553663112383	0.021994072333957098
106.6438584055525	0.3586824160660721	0.14029596220229323	0.10284528830034106	0.007528341170455024	0.021844155801915937
106.79466135183672	0.34213021328396975	0.10381101737470558	0.10323418350740292	0.0070302711964518	0.021721440274628964
106.94546429812095	0.3255780105018674	0.06826929107112949	0.10362467846777826	0.006598104416836522	0.021623474143036954
107.09626724440517	0.30902580771976507	0.033675322103769785	0.1040195955689187	0.006232197230492767	0.02154790336959881
107.2470701906894	0.29247360493766184	0.00010499350939392707	0.10442190698248344	0.0059314389778033156	0.021492532821956657
