Q20	Q30	EHFB	M22	M23	M33
32.0	0.0	0.0001	0.03649999999999998	8.581994123912789e-07	0.06908000000000004
32.150902348911565	0.0	0.009640003505075299	0.03950960100153384	0.007675921235303489	0.06733247416757127
32.301804697823115	0.0	0.015413061438758315	0.042617629647604356	0.010398238754273129	0.06563351502662695
32.45270704673468	0.0	0.01743034010131319	0.04577510622038655	0.012098516981798271	0.06402025528768457
32.60360939564624	0.0	0.01580204645464174	0.04893871204600823	0.013165793687559053	0.0625241666173084
32.754511744557796	0.0	0.010638534011610674	0.05207062169285273	0.01376305877811838	0.06117122743980754
32.90541409346935	0.0	0.0020517901074918183	0.05513828059195984	0.01398564658971262	0.059982145316834413
33.05631644238092	0.0	0.009854617506399025	0.058114148837938244	0.013900955397732928	0.05897261314647279
33.207218791292476	0.0	0.024962225334618567	0.06097542630860557	0.01356251295412718	0.05815358404359708
33.358121140204034	0.0	0.043164212222554905	0.06370376926271043	0.013015933089011639	0.05753155474215112
33.50902348911559	0.0	0.0643501052859078	0.0662850042375428	0.01230171528522643	0.0571088516975372
33.65992583802715	0.0	0.08840957859210247	0.06870884137202793	0.011456638652069778	0.056883917763522404
33.810828186938714	0.0	0.11523232653528352	0.07096858622600315	0.010514469064571335	0.05685160037296174
33.96173053585028	0.0	0.14470804886620967	0.07306084675281002	0.009506307982747245	0.05700344456520591
34.11263288476183	0.0	0.17672644724237696	0.07498523031009208	0.008460746579870356	0.05732799597530332
34.263535233673394	0.0	0.21117722413535564	0.07674402446277073	0.007403913332923012	0.05781112003102544
34.41443758258495	0.0	0.247950082410041	0.0783418548425742	0.006359466647548666	0.05843634409333589
34.56533993149651	0.0	0.28693472513935314	0.07978531348023475	0.005348565573917614	0.05918522912419493
34.71624228040807	0.0	0.3280208555141061	0.08108255181951508	0.004389841816089321	0.060037776672532066
34.86714462931963	0.0	0.3710981767957012	0.082242834056614	0.0034993904088107867	0.06097287553484091
35.01804697823119	0.0	0.41605639228972585	0.08327604852420233	0.0026907921161294468	0.06196879037114277
35.16894932714275	0.0	0.4627852053304894	0.08419217755637302	0.001975176288359322	0.06300369184003701
35.31985167605431	0.0	0.5111743192715567	0.08500072962914315	0.0013613276331771397	0.06405622445819903
35.47075402496587	0.0	0.5611134374797498	0.08571014157082575	0.0008558335308585284	0.06510610439000782
35.62165637387743	0.0	0.6124922633312528	0.08632716327759543	0.0004632599565405563	0.06613473473198118
35.772558722788986	0.0	0.6652005002089814	0.0868562426518988	0.0001863340426267665	0.06712582057436489
35.923461071700544	0.0	0.7191278515007876	0.08729893440501713	2.610068375560791e-05	0.06806596019856982
36.07436342061211	0.0	0.7741652598120754	0.08765357447492556	-1.8251744400141228e-05	0.06894524387435524
36.22526576952366	0.0	0.830233158085513	0.08791970892167841	4.482259037806721e-05	0.06975905361575052
36.376168118435224	0.0	0.8872820294020051	0.08809846855035657	0.00020006784666728439	0.07050781198004831
36.52707046734678	0.0	0.9452637080308208	0.08818870829487047	0.00043210469188293885	0.07119451529787732
36.67797281625835	0.0	1.0041300282426335	0.08818784008324036	0.0007258889728896572	0.07182360290575691
36.828875165169904	0.0	1.0638328243091848	0.08809273652936964	0.0010668350702009125	0.07240005345432296
36.97977751408146	0.0	1.1243239305030743	0.08790045599084345	0.001440940554120147	0.0729286598505298
37.13067986299302	0.0	1.1855551810975733	0.08760878063289736	0.0018349337840602275	0.07341349119368136
37.28158221190458	0.0	1.2474784103664966	0.08721656733401668	0.002236448132293116	0.07385754186983168
37.43248456081614	0.0	1.310045452584099	0.08672391857537688	0.002634212595831345	0.07426256066234471
37.5833869097277	0.0	1.3732081420249866	0.08613218687453	0.0030182389575945825	0.07462904631820791
37.734289258639265	0.0	1.4369183129640717	0.08544383185337423	0.003379980063510352	0.07495639048006239
37.88519160755082	0.0	1.5011277996764993	0.08466215367151915	0.0037124315043195635	0.07524314425283815
38.03609395646238	0.0	1.5657884364376273	0.08379093030867107	0.004010149123057591	0.07548738092136814
38.18699630537394	0.0	1.6308520575229815	0.08283398904362047	0.004269156279322049	0.07568712447140141
38.337898654285496	0.0	1.6962704972082328	0.08179474445280568	0.004486716505581603	0.07584081159103902
38.488801003197054	0.0	1.7619955897691748	0.08067573633826525	0.0046609475589953105	0.07594775374278188
38.63970335210861	0.0	1.8279791694817054	0.07947820119306516	0.004790249533676926	0.07600856569810338
38.79060570102017	0.0	1.8941730706218116	0.07820171012200551	0.004872508280986677	0.07602552761674286
38.94150804993173	0.0	1.960529127465558	0.07684390455656628	0.004904006657683647	0.07600284933175978
39.0924103988433	0.0	2.0269991742890827	0.07540035863565067	0.004877908300656602	0.07594680796879019
39.24331274775485	0.0	2.0935350453685584	0.07386459376772228	0.0047820142484354235	0.07586573338391034
39.394215096666414	0.0	2.1600885749802394	0.07222826664540724	0.004595058671242929	0.07576982014903305
39.54511744557797	0.0	2.226611597400402	0.07048154685055885	0.004279484324237134	0.07567074994684475
39.69601979448953	0.0	2.2930559469053686	0.06861369416613078	0.0037635326801692516	0.07558111425893109
39.846922143401095	0.0	2.3593734577714995	0.06661383880101428	0.0028757379454754806	0.0755136341409402
39.99782449231266	0.0	2.4255159642751773	0.06447195993522875	0.00037044015423682474	0.0754801816773921
40.14872684122422	0.0	2.4914452285242388	0.06305212502845152	0.0	0.07462183980924987
40.299629190135775	0.0	2.557164479365491	0.06155490488465658	0.0	0.07375696802221274
40.45053153904733	0.0	2.622687770410431	0.05998216300527139	0.0	0.07290623030217575
40.60143388795889	0.0	2.6880291553016495	0.05834821458042626	0.0	0.07207783895665659
40.75233623687045	0.0	2.753202687681764	0.05666737480025153	0.0	0.0712800062931731
40.903238585782006	0.0	2.8182224211934086	0.05495395885487746	0.0	0.07052094461924303
41.054140934693564	0.0	2.8831024094792372	0.05322228193443439	0.0	0.06980886624238412
41.20504328360513	0.0	2.9478567061819225	0.05148665922905254	0.0	0.06915198347011413
41.355945632516686	0.0	3.0124993649441385	0.04976140592886237	0.0	0.06855850860995083
41.506847981428244	0.0	3.0770444394085854	0.04806083722399414	0.0	0.068036653969412
41.6577503303398	0.0	3.141505983217965	0.046399268304578106	0.0	0.06759463185601537
41.80865267925137	0.0	3.2058980500149956	0.04479101436074453	0.0	0.06724065457727871
41.959555028162924	0.0	3.2702346934423963	0.04325039058262388	0.0	0.06698293444071983
42.11045737707448	0.0	3.334529967142898	0.04179171216034638	0.0	0.06682968375385644
42.26135972598604	0.0	3.398797924759239	0.04042929428404232	0.0	0.0667891148242063
42.412262074897605	0.0	3.4630526199341665	0.03917745214384197	0.0	0.06686943995928721
42.563164423809155	0.0	3.527308106310419	0.0380505009298758	0.0	0.06707887146661688
42.71406677272072	0.0	3.591578437530762	0.03706275583227392	0.0	0.06742562165371313
42.86496912163228	0.0	3.6558776672379474	0.036228532041166765	0.0	0.06791790282809369
43.015871470543836	0.0	3.720219849074739	0.03556214474668461	0.0	0.06856392729727631
43.16677381945539	0.0	3.7846190366839036	0.03507790913895774	0.0	0.06937190736877877
43.31767616836696	0.0	3.8490892837082136	0.03479014040811649	0.0	0.0703500553501189
43.468578517278516	0.0	3.9136446437904353	0.03471315374429116	0.0	0.07150658354881433
43.619480866190074	0.0	3.978299170573348	0.034861264337612066	0.0	0.07284970427238288
43.77038321510164	0.0	4.043066917699732	0.035248787378209516	0.0	0.07438762982834239
43.921285564013196	0.0	4.1079619388123625	0.0358900380562138	0.0	0.07612857252421049
44.072187912924754	0.0	4.172995584590472	0.038393217198337014	0.00795506693627909	0.07648561030407419
44.22309026183632	0.0	4.23811023857051	0.04308051924530586	0.013778116868688312	0.07512596575766214
44.37399261074788	0.0	4.303175314111279	0.048197902196824155	0.01740388030089583	0.07375938683594205
44.524894959659434	0.0	4.368056720202049	0.05365141218336601	0.019919166260493764	0.07243391439524473
44.67579730857099	0.0	4.43262036583209	0.05934711377694211	0.02162249543801267	0.07119757085036423
44.82669965748256	0.0	4.496732159990667	0.06519301112504274	0.02265279029078888	0.07009643904061522
44.97760200639411	0.0	4.5602580116670355	0.07110082000648936	0.023097696354561936	0.06917289017398036
45.12850435530567	0.0	4.623063829850468	0.07698755474412063	0.02302625525316071	0.06846399691442666
45.27940670421723	0.0	4.685015523530216	0.08277689828732837	0.022501198087773882	0.06800016329936624
45.430309053128795	0.0	4.745979001695544	0.0884003283844544	0.021583913485780214	0.06780399856726269
45.58121140204035	0.0	4.805820173335706	0.09379797760086159	0.02033627002600881	0.0678894571395573
45.73211375095191	0.0	4.864404947439961	0.09891921000320722	0.018820922116622122	0.06826126193639773
45.883016099863475	0.0	4.921599232997569	0.10372290262397936	0.01710083700559843	0.06891462291210096
46.033918448775026	0.0	4.97726893899778	0.1081774253427794	0.015238423219568503	0.06983525717386962
46.18482079768659	0.0	5.031279974429862	0.11226031857210651	0.013294481538218019	0.07099971129601026
46.33572314659815	0.0	5.083498248283063	0.11595767411552135	0.011327121880369054	0.07237598046176622
46.4866254955097	0.0	5.133789669546642	0.11926323077507843	0.009390747480654693	0.07392441285588783
46.637527844421264	0.0	5.182020147209864	0.12217720272275276	0.007535181609930725	0.07559888129320536
46.78843019333282	0.0	5.228055590261979	0.12470486531731151	0.005804992282769126	0.0773481974017558
46.93933254224439	0.0	5.2717619076922535	0.12685492994365696	0.00423905179169647	0.07911773678344207
47.090234891155944	0.0	5.313005008489939	0.12863774657609578	0.002870347538899161	0.08085123645076187
47.2411372400675	0.0	5.3516508016443	0.13006338012029517	0.0017260368261010934	0.08249271848485284
47.39203958897906	0.0	5.387565196144598	0.13113961417083705	0.0008277104684725443	0.08398848627793798
47.542941937890625	0.0	5.420614100980096	0.13186994363230237	0.00019179906411297397	0.08528913191224105
47.69384428680218	0.0	5.450663425140053	0.13225162569169602	-0.00016997626115411712	0.08635148518756154
47.84474663571374	0.0	5.477579077613742	0.1322738668987615	-0.00025023598193119035	0.08714042654096127
47.995648984625305	0.0	5.501226967390422	0.13191623260833202	-4.580586412290575e-05	0.0876304776044113
48.14655133353686	0.0	5.521524960367692	0.1311554596272521	0.0004362291909492987	0.08781336796857095
48.29745368244842	0.0	5.538617537031797	0.12999344781289737	0.0011596557798253014	0.0877183812278598
48.44835603135998	0.0	5.552710945194507	0.12843608915838967	0.002079608999612927	0.08738790334811303
48.59925838027155	0.0	5.564011434027308	0.1264875537711978	0.0031500176600992	0.08686604255712631
48.7501607291831	0.0	5.572725252701685	0.1241533884744582	0.004323956661517587	0.08619553036702916
48.90106307809466	0.0	5.579058650389125	0.12144297069995501	0.005554231884766017	0.0854152676813018
49.05196542700621	0.0	5.58321787626112	0.11837128928324814	0.00679422386733892	0.0845585439996497
49.202867775917774	0.0	5.585409179489156	0.11496005585517302	0.007998950075202469	0.08365192602650173
49.35377012482933	0.0	5.585838809244725	0.11123817840787387	0.009126262496767557	0.08271478410497957
49.50467247374089	0.0	5.584713014699322	0.10724165250581494	0.010138075214158056	0.08175940100588358
49.655574822652454	0.0	5.582238045024433	0.10301294551290241	0.011001511571050874	0.08079158770057232
49.80647717156401	0.0	5.578620149391557	0.09859996511588706	0.011689868161908402	0.0798117148375606
49.95737952047557	0.0	5.574065576972179	0.09405471534164392	0.012183309118923392	0.07881605672523817
50.108281869387135	0.0	5.568780576937797	0.08943175119172925	0.012469225810970003	0.07779833669731348
50.25918421829869	0.0	5.562971398459902	0.08478654695178373	0.012542221586974045	0.0767513588034114
50.41008656721025	0.0	5.556844290709983	0.0801738931758999	0.012403706677179497	0.07566861082470414
50.560988916121815	0.0	5.550605502859534	0.07564643329700302	0.012061113209842064	0.07454572766353126
50.71189126503337	0.0	5.544461284080044	0.07125344277358839	0.011526762818513659	0.07338171219666294
50.86279361394493	0.0	5.538617883543009	0.06703994165083381	0.01081643697231301	0.07217982271418612
51.01369596285649	0.0	5.533281550419913	0.06304621539016214	0.009947707757388643	0.07094805208994297
51.164598311768046	0.0	5.528658533882251	0.05930779880574771	0.008938071163036517	0.06969914384502421
51.31550066067961	0.0	5.524955083101513	0.05585595393926574	0.0078028464684197045	0.0684501142730194
51.46640300959117	0.0	5.5223774472491876	0.05271864470536018	0.006552524021320821	0.06722127779455005
51.617305358502726	0.0	5.521131875496766	0.04992197914985364	0.005188141589832452	0.06603480469905834
51.76820770741429	0.0	5.5214246170157395	0.0474920541806556	0.0036875450270000935	0.06491287641389963
51.91911005632585	0.0	5.5234619209775975	0.0454570976576227	0.0019193872889348323	0.06387554341448264
52.07001240523741	0.0	5.5274449891744455	0.04396170056383137	0.0	0.06282517473751607
52.22091475414897	0.0	5.533436645071669	0.04285680228296069	0.0	0.06192164824557085
52.371817103060536	0.0	5.541347686616085	0.04193547820782172	0.0	0.061342998534312555
52.52271945197209	0.0	5.5510811273650615	0.041584353994586834	0.0027791257168275386	0.0606716767460826
52.673621800883645	0.0	5.56253998087597	0.04164482955201123	0.004496243294760825	0.06003535977063924
52.82452414979521	0.0	5.5756272607061765	0.042099735615018626	0.006086028968760143	0.05942029367157255
52.97542649870676	0.0	5.590245980413053	0.04294085683062736	0.007595910056160367	0.05880377060037786
53.12632884761832	0.0	5.6062991535539695	0.04415713000237039	0.009021586768884347	0.05816593055203588
53.277231196529875	0.0	5.623689793686292	0.045733123171298004	0.010343465770167214	0.057491282284010056
53.42813354544143	0.0	5.642320914367396	0.04764789089327798	0.01153549158383659	0.0567698480389463
53.579035894353	0.0	5.662095529154647	0.049874246275972534	0.012569035962314106	0.05599789150769607
53.729938243264556	0.0	5.682916651605412	0.052378466003192355	0.013415460225654806	0.05517821280496234
53.88084059217611	0.0	5.704687295277063	0.05512042286532274	0.014048182248277148	0.054320015938873506
54.03174294108768	0.0	5.727310473726968	0.058054121232178874	0.014444452233523222	0.053438373338128155
54.18264528999923	0.0	5.750689200512491	0.06112859444898486	0.014586865785855949	0.052553328456015624
54.3335476389108	0.0	5.774726489191007	0.064289109307182	0.014464590788069168	0.05168869129960875
54.48444998782236	0.0	5.799325353319874	0.06747861153944243	0.014074273401096033	0.050870592934748646
54.635352336733916	0.0	5.824388806456465	0.07063933771263073	0.013420592931401503	0.05012587359308454
54.786254685645474	0.0	5.849819862158141	0.0737145129434625	0.012516446470490692	0.04948038495641453
54.937157034557046	0.0	5.875521533982275	0.07665005053931682	0.011382758517127538	0.04895729051587355
55.088059383468604	0.0	5.901396835486223	0.07939616897101771	0.010047926565533744	0.04857544859915067
55.238961732380155	0.0	5.927348780227353	0.08190884351544632	0.008546929926840216	0.04834796072787862
55.38986408129171	0.0	5.95328038176303	0.08415101446354495	0.006920145150333246	0.04828096340962907
55.54076643020328	0.0	5.979094653650619	0.08609348097366447	0.005211926671229597	0.048372734284564706
55.691668779114835	0.0	6.004694609447477	0.08771541946125769	0.003469024989111034	0.048613173735746217
55.84257112802639	0.0	6.029983262710973	0.08900447785364499	0.0017389258389043335	0.04898371063436705
55.99347347693795	0.0	6.054863626998466	0.0899564121029757	6.820123097781806e-05	0.04945766582679161
56.14437582584951	0.0	6.079259528530893	0.09057842453213473	-0.0015013982324595149	0.05000271053183759
56.29527817476107	0.0	6.103189591351717	0.09090123622340562	-0.0029434751310115706	0.050589400299041735
56.44618052367264	0.0	6.126699415257416	0.09096130162758523	-0.004241118436531446	0.0511900705963291
56.597082872584195	0.0	6.149834601967085	0.09079389169180943	-0.0053833914817367524	0.051778240930769485
56.74798522149575	0.0	6.172640753199813	0.09043227339887952	-0.006364505145367673	0.052329434773767225
56.89888757040731	0.0	6.19516347067469	0.0899070903681173	-0.007182986745897538	0.05282179896020616
57.04978991931887	0.0	6.2174483561108085	0.08924592520242447	-0.007840872583133993	0.053236541341390255
57.20069226823043	0.0	6.23954101122726	0.08847302495785493	-0.008342947745741068	0.053558205315471265
57.351594617141984	0.0	6.261487037743132	0.0876091714000933	-0.008696052288216035	0.05377479957097023
57.50249696605355	0.0	6.283332037377521	0.08667167799896557	-0.00890846819831211	0.05387780109226668
57.653399314965114	0.0	6.3051216118495175	0.08567449589749407	-0.008989396635096989	0.05386204919054409
57.80430166387667	0.0	6.32690136287821	0.08462841137603845	-0.008948529740876753	0.053725548039648394
57.95520401278823	0.0	6.348716892182693	0.08354131761475148	-0.008795716060925777	0.05346919491363246
58.10610636169978	0.0	6.370613801482057	0.08241854383890859	-0.008540713499889383	0.05309645104142658
58.25700871061134	0.0	6.392637692495397	0.08126322521165302	-0.008193019140537576	0.052612971714093036
58.407911059522895	0.0	6.414834166941804	0.0800766971173318	-0.007761761516287876	0.05202621200149046
58.55881340843446	0.0	6.437248826540374	0.07885889775587768	-0.007255638397395873	0.051345024157891744
58.70971575734602	0.0	6.459927273010193	0.07760876324462546	-0.006682882063441382	0.050579262520167846
58.860618106257576	0.0	6.482915108070358	0.07632459969853105	-0.006051234500211932	0.04973941142756845
59.01152045516914	0.0	6.5062579334399615	0.07500441703299347	-0.00536791694089539	0.04883625141889995
59.1624228040807	0.0	6.530001350838098	0.07364620950536091	-0.004639581507695718	0.047880578691020206
59.31332515299225	0.0	6.554190961983856	0.07224816828172938	-0.003872237158029343	0.04688299253203873
59.46422750190382	0.0	6.57887236859634	0.07080881158482748	-0.0030711474354719573	0.045853765173432134
59.61512985081538	0.0	6.60409117239463	0.06932701824660702	-0.002240703446020945	0.04480280823745486
59.766032199726936	0.0	6.629892975097829	0.06780195075563723	-0.0013842818972163399	0.0437397496897431
59.9169345486385	0.0	6.6563233784250295	0.06623285415453492	-0.0005041049667025557	0.042674134941885516
60.06783689755006	0.0	6.683426302265108	0.0646186181329273	0.0003987578497403257	0.04161586376339245
60.218739246461624	0.0	6.711196008728195	0.06295478050111913	0.0013209536920337206	0.04057815842267297
60.36964159537318	0.0	6.739570110479879	0.06123414482736452	0.0022553979535429197	0.039576941913088845
60.520543944284746	0.0	6.768483132411762	0.05945048286855394	0.0031942919539919568	0.03862716721245871
60.671446293196304	0.0	6.797869599415435	0.05759871840917455	0.004129061566479979	0.03774263527100499
60.822348642107855	0.0	6.827664036382503	0.055674978417139635	0.005050139521273274	0.03693594385552383
60.973250991019405	0.0	6.857800968204564	0.053676714898479326	0.00594680102135044	0.03621836569469432
61.12415333993097	0.0	6.888214919773213	0.051602895282345795	0.006807062742130243	0.03559965809407335
61.27505568884253	0.0	6.918840415980049	0.049454252927993124	0.007617656728866128	0.035087812429116606
61.425958037754086	0.0	6.949611981716671	0.04723358404583224	0.008364090473333979	0.034688757224122416
61.57686038666564	0.0	6.9804641418746725	0.044946072965347174	0.009030802806795567	0.03440603288431618
61.7277627355772	0.0	7.011331421345653	0.04259962426357196	0.009601422454041619	0.03424045956737311
61.878665084488766	0.0	7.042148345021208	0.04020517778898585	0.010059132400377117	0.034189822159523264
62.02956743340033	0.0	7.072849437792937	0.03777698107707618	0.010387138846754521	0.03424859785998881
62.18046978231189	0.0	7.103369224552431	0.035332793055448154	0.010569238649186085	0.03440775247587398
62.331372131223446	0.0	7.133642230191288	0.03289399327822913	0.010590473894855774	0.0346546311877607
62.482274480135004	0.0	7.163602979601104	0.030485572211620043	0.010437856733084639	0.034972968264157384
62.63317682904657	0.0	7.193185997673478	0.028135980314787857	0.01010114170815199	0.03534303798060635
62.78407917795813	0.0	7.222325809299998	0.025876816822873856	0.009573616304591264	0.03574196583667585
62.93498152686968	0.0	7.250956939372263	0.023742343241708208	0.00885287211576387	0.036144215061245086
63.08588387578124	0.0	7.279013912781873	0.021768811606877558	0.00794150549064156	0.03652225835343654
63.23678622469281	0.0	7.306431254420419	0.019993603543084278	0.006847665612381076	0.03684743882325739
63.38768857360436	0.0	7.33314348917949	0.018454183083261688	0.005585270524839944	0.03709101717248374
63.53859092251592	0.0	7.359085141950691	0.017186874070681053	0.004173290681382926	0.03722539429255351
63.68949327142749	0.0	7.38419073762561	0.016225481771288512	0.002630722792657337	0.03722548965223004
63.840395620339045	0.0	7.408394801095844	0.015599788067748938	0.000915449874338817	0.03707024610355785
63.99129796925061	0.0	7.431631857252987	0.015339036967547078	0.0	0.036739144373761495
64.14220031816217	0.0	7.453894401273955	0.015438839297386256	0.002040897329169236	0.03624239866090456
64.29310266707373	0.0	7.475450695621038	0.015888492173044326	0.0035714407779590183	0.03558274282182041
64.4440050159853	0.0	7.49665091644751	0.01664242607454611	0.004923770227589456	0.03479367997502096
64.59490736489686	0.0	7.517845253191763	0.01765610699518488	0.0060866675221053455	0.03390767706121954
64.7458097138084	0.0	7.539383895292195	0.01888267155849765	0.007044480341584644	0.032959530390885644
64.89671206271996	0.0	7.5616170321872085	0.02027451648091771	0.007787231992296412	0.03198477618159262
65.04761441163151	0.0	7.5848948533151965	0.02178473521437251	0.008311935665885653	0.031018253915419576
65.19851676054307	0.0	7.60956754811456	0.02336837753787	0.008622427668027927	0.030092846747365128
65.34941910945463	0.0	7.635985306023703	0.024983515003098086	0.008728729725382899	0.02923841605974796
65.50032145836619	0.0	7.664498316481023	0.02659210174199985	0.008646193585015128	0.028480940654631567
65.65122380727774	0.0	7.695456768924922	0.028160626214174218	0.008394528591592182	0.027841865006423584
65.8021261561893	0.0	7.729210852793803	0.029660555008788936	0.007996770817599821	0.027337655459962855
65.95302850510086	0.0	7.7661107575260715	0.03106857481948143	0.007478236991256157	0.026979558255618534
66.10393085401243	0.0	7.806506672560141	0.03236664318146262	0.006865498857288572	0.026773548792186373
66.25483320292399	0.0	7.850748787334407	0.033541862497727566	0.006185408429716233	0.026720457600677677
66.40573555183555	0.0	7.899187291287285	0.03458619528592051	0.005464200170287675	0.02681625509745493
66.5566379007471	0.0	7.952172373857188	0.03549604144898874	0.004726691864005054	0.027052474313577338
66.70754024965868	0.0	8.010054224482534	0.03627170071130699	0.003995601649700155	0.027416748458676907
66.85844259857024	0.0	8.073183032601728	0.03691674516744301	0.003290994222446315	0.027893438372192225
67.0093449474818	0.0	8.141908987653197	0.03743732816318236	0.002629864634117644	0.028464323642344434
67.16024729639335	0.0	8.216582279075359	0.03784145646782124	0.0020258633817201816	0.02910933043384389
67.31114964530491	0.0	8.297553096306642	0.03813825290308503	0.0014891616090717407	0.029807268858971822
67.46205199421647	0.0	8.38517162878547	0.03833723626732387	0.0010264502930337062	0.03053655305338463
67.61295434312802	0.0	8.47978806595027	0.0384476445338848	0.000641062306845734	0.03127587797774187
67.76385669203958	0.0	8.581752597239479	0.03847782590975687	0.00033320136440349055	0.032004828359061044
67.91475904095115	0.0	8.69141541209154	0.03843472041473431	0.00010025724026105966	0.032704397111554595
68.06566138986273	0.0	8.809111808864873	0.03832362485767359	-6.285555894716978e-05	0.03335753187978523
68.21656373877428	0.0	8.93470238956733	0.0381531881286546	-0.00016429136165172374	0.03395375881159085
68.36746608768584	0.0	9.067485408701474	0.03793615327216781	-0.00021423943708480584	0.0344902741353937
68.51836843659738	0.0	9.206726541528605	0.03768349458700596	-0.00022277215731612477	0.03496672437870571
68.66927078550896	0.0	9.351691463310067	0.03740452745835439	-0.00019945672010217508	0.03538441498264617
68.8201731344205	0.0	9.501645849307115	0.037107354171376755	-0.00015315411252027377	0.03574586448835609
68.97107548333206	0.0	9.655855374781083	0.03679925539408117	-9.188772033898733e-05	0.036054413054132026
69.12197783224362	0.0	9.813585714993248	0.03648702300186737	-2.2762340921843985e-05	0.03631388963087893
69.27288018115519	0.0	9.97410254520491	0.036177232424318105	4.808151190193037e-05	0.03652833961531863
69.42378253006675	0.0	10.136671540677323	0.035876454924781344	0.0001154892673375034	0.036701812570407916
69.5746848789783	0.0	10.300558376671768	0.03559141217508412	0.00017529765150924923	0.03683820765062437
69.72558722788986	0.0	10.46502872844952	0.03532907716133332	0.00022432836119325213	0.03694117269616577
69.87648957680142	0.0	10.629348271271846	0.035096726852184325	0.0002603720919297783	0.03701405156468141
70.02739192571298	0.0	10.792782680400007	0.03490195317820259	0.00028216294236792683	0.03705987315191047
70.17829427462453	0.0	10.954597631095263	0.034752639710001906	0.0002893418060065432	0.037081374713543835
70.32919662353609	0.0	11.114058798618872	0.03465691198371687	0.0002824065324828945	0.03708105153975155
70.48009897244765	0.0	11.270431858232088	0.03462306970505746	0.0002626463334906229	0.03706122475112836
70.63100132135921	0.0	11.42298248519617	0.0346595090676983	0.00023205803351149186	0.03702411898030424
70.78190367027076	0.0	11.570976354772363	0.03477464314807678	0.00019324221426216036	0.03697194197714648
70.93280601918234	0.0	11.713679142221931	0.034976827786809966	0.00014927795764040834	0.03690695872734271
71.0837083680939	0.0	11.850356522806102	0.035274299536892435	0.00010357563989936728	0.03683155350420297
71.23461071700545	0.0	11.980274171786132	0.03567513115060498	5.97079631137469e-05	0.036748274381751114
71.38551306591702	0.0	12.102697764423288	0.036187208690646615	2.122003566260988e-05	0.0366598561235929
71.53641541482858	0.0	12.216892975978794	0.03681823268640078	-8.580244163776599e-06	0.0365692190266494
71.68731776374014	0.0	12.322125481713911	0.03757574381346236	-2.6850043019359666e-05	0.03647944324163049
71.8382201126517	0.0	12.41766095688989	0.03846717135357879	-3.145629160947541e-05	0.036393720313093327
71.98912246156326	0.0	12.502765076767975	0.03949990019300717	-2.12361682573116e-05	0.036315286181085565
72.14002481047481	0.0	12.57686611407659	0.04067859344135667	3.86143159917628e-06	0.03624687502320077
72.29092715938637	0.0	12.640200267522616	0.0419943143016061	4.326644847338875e-05	0.03618880357094325
72.44182950829793	0.0	12.693254199070916	0.04343398382702723	9.572639525982316e-05	0.03614056520317229
72.59273185720949	0.0	12.736514646910157	0.044984626977129245	0.00015932916053489296	0.03610154788135189
72.74363420612104	0.0	12.770468349229022	0.046633366592928036	0.00023166504901263988	0.03607104168543933
72.89453655503262	0.0	12.795602044216187	0.04836740683884637	0.0003099763770359023	0.036048255371985215
73.04543890394416	0.0	12.812402470060327	0.05017401113490089	0.00039129468290513715	0.036032338441945574
73.19634125285572	0.0	12.821356364950125	0.05204047766559646	0.0004725657602518712	0.036022405631789225
73.3472436017673	0.0	12.822950467074268	0.05395411495220826	0.000550762754943183	0.03601756134121439
73.49814595067885	0.0	12.817671514621432	0.05590221942175592	0.0006229875541557611	0.03601692206417368
73.6490482995904	0.0	12.806006245780301	0.05787205639893515	0.0006865606561451753	0.036019635396945325
73.79995064850198	0.0	12.788441398739563	0.05985084548656534	0.0007390996538581827	0.03602489465768314
73.95085299741353	0.0	12.765463711687902	0.061825750885780975	0.0007785864052352248	0.03603194856622539
74.10175534632509	0.0	12.737559922813999	0.06378387683918128	0.0008034229057073503	0.036040105800946236
74.25265769523665	0.0	12.705216770306539	0.06571226805849531	0.0008124758296456564	0.03604873457108988
74.40356004414821	0.0	12.668920992354206	0.06759791472301249	0.0008051096709876068	0.03605725761833996
74.55446239305977	0.0	12.629159327145686	0.06942776140605991	0.0007812083907752218	0.03606514329034267
74.70536474197132	0.0	12.586418512869669	0.07118871910418594	0.0007411854711899574	0.03607189351152281
74.85626709088288	0.0	12.541185287714827	0.07286767940743714	0.0006859822808667285	0.03607702961280693
75.00716943979444	0.0	12.493946389869857	0.074451529759184	0.0006170546727909693	0.03608007707179782
75.158071788706	0.0	12.445188557523428	0.07592716871036705	0.0005363477611226825	0.03608055025852806
75.30897413761755	0.0	12.395398528864234	0.07728152007579767	0.00044625885351144077	0.036077938279159484
75.45987648652911	0.0	12.345063042080955	0.07850154494925318	0.00034958854723716055	0.036071692960888
75.61077883544067	0.0	12.294668835362275	0.07957425062955947	0.0002494800271532007	0.036061219925860866
75.76168118435224	0.0	12.244702646896865	0.08048669565165213	0.00014934662742605083	0.03604587356011566
75.9125835332638	0.0	12.195651214873418	0.08122599030475039	5.27877343856207e-05	0.0360249564954063
76.06348588217537	0.0	12.147993601180174	0.08177958960947021	-3.654102208805058e-05	0.03599773665206324
76.21438823108693	0.0	12.101943960055744	0.08214524368772576	-0.00011620871191457003	0.035963885578678495
76.36529057999847	0.0	12.057390541272905	0.08233332738976835	-0.00018550384949647937	0.03592361228145167
76.51619292891004	0.0	12.014201554488272	0.0823549760646831	-0.00024412933341341335	0.03587717462068076
76.66709527782159	0.0	11.972245209358478	0.08222130736487696	-0.0002920707567114624	0.03582484815334191
76.81799762673316	0.0	11.93138971554014	0.08194342103273765	-0.0003295538987369994	0.03576692634643042
76.9688999756447	0.0	11.89150328268989	0.08153239970447163	-0.00035700487345507347	0.03570371977312313
77.11980232455628	0.0	11.852454120464333	0.08099931044454362	-0.0003750129313711543	0.03563555457833816
77.27070467346783	0.0	11.814110438520116	0.08035520676519792	-0.0003842959095834511	0.03556277045921461
77.42160702237939	0.0	11.776340446513853	0.07961113092390165	-0.00038566832322515653	0.035485718367668326
77.57250937129095	0.0	11.739012354102165	0.07877811632723172	-0.00038001209127139446	0.0354047581065055
77.7234117202025	0.0	11.701994370941678	0.07786718990270833	-0.0003682498900970888	0.035320255957589086
77.87431406911406	0.0	11.66515470668902	0.07688937433037596	-0.0003513211290374617	0.035232582450257746
78.02521641802562	0.0	11.628361571000813	0.07585569005353904	-0.0003301605433248927	0.03514211035059013
78.17611876693718	0.0	11.591483173533682	0.0747771570129758	-0.0003056794009962807	0.035049212927191105
78.32702111584874	0.0	11.55438772394425	0.07366479607118057	-0.00027874932156228836	0.03495426252694946
78.47792346476031	0.0	11.516943431889143	0.0725296301127224	-0.00025018870531504447	0.03485762947467919
78.62882581367187	0.0	11.479018507024987	0.07138268482365544	-0.00022075177306435509	0.034759681293709425
78.77972816258342	0.0	11.440481159008412	0.070234989167073	-0.00019112021680002563	0.03466078223032989
78.930630511495	0.0	11.401199597496033	0.06909757558336765	-0.00016189746226754403	0.034561293053531006
79.08153286040655	0.0	11.361042032144482	0.06798147995253619	-0.00013360554472194598	0.03446157109269935
79.2324352093181	0.0	11.31987667261039	0.0668977413619564	-0.00010668459921120072	0.034361970469840165
79.38333755822967	0.0	11.277571728550368	0.06585740172646415	-8.149496666775922e-05	0.03426284247950046
79.53423990714123	0.0	11.233995409621055	0.06487150530826667	-5.8321916894099e-05	0.034164536068856416
79.68514225605279	0.0	11.18901592547907	0.06395109818224567	-3.738298925828453e-05	0.03406739837240928
79.83604460496434	0.0	11.14250148578105	0.06310722768753846	-1.8837951612203743e-05	0.03397177526040494
79.9869469538759	0.0	11.094320300183607	0.062350941898920376	-2.8013776475369514e-06	0.033878011867451076
80.13784930278746	0.0	11.044366013422074	0.0616912600395473	1.069680913647055e-05	0.033786381927806815
80.28875165169902	0.0	10.992664302080087	0.06112666782211876	2.1906715922047736e-05	0.03369679041406748
80.43965400061059	0.0	10.939283551702772	0.06065224237117646	3.112507275411883e-05	0.03360902427786903
80.59055634952213	0.0	10.88429216943036	0.060263057806628516	3.860213714628411e-05	0.03352287169230881
80.74145869843369	0.0	10.827758562403059	0.059954187256147144	4.4547451983377245e-05	0.03343812182271987
80.89236104734525	0.0	10.76975113776108	0.05972070308205331	4.9135332511621884e-05	0.03335456459978666
81.04326339625682	0.0	10.710338302644644	0.059557677057255974	5.25100340165114e-05	0.03327199054360555
81.19416574516839	0.0	10.64958846419397	0.059460180500582396	5.4790600014878313e-05	0.03319019062835469
81.34506809407995	0.0	10.587570029549278	0.059423284380411036	5.607539083997373e-05	0.033108956178661005
81.4959704429915	0.0	10.524351405850787	0.05944205939418709	5.644629253619132e-05	0.033028078790084674
81.64687279190305	0.0	10.460001000238709	0.05951157603015868	5.5972606006634026e-05	0.032947350267382894
81.79777514081462	0.0	10.394587219853255	0.059626904616521585	5.471461637477673e-05	0.032866562575365285
81.94867748972617	0.0	10.328178471834658	0.059783115362100576	5.272684253334005e-05	0.032785507798212425
82.09957983863772	0.0	10.260843163323122	0.05997527839172776	5.006096686105363e-05	0.03270397810409766
82.25048218754928	0.0	10.19264970145886	0.06019846377859973	4.676844509280086e-05	0.032621765712829695
82.40138453646085	0.0	10.123666493382096	0.060447741575110465	4.290279633183825e-05	0.032538662865019954
82.55228688537241	0.0	10.053961946233047	0.060718181842959816	3.8521573195293326e-05	0.03245446179197394
82.70318923428397	0.0	9.983604467151935	0.06100485468273474	3.368801208650983e-05	0.03236895468611007
82.85409158319554	0.0	9.912662463278961	0.06130283026264547	2.8472363590430388e-05	0.0322819336722235
83.00499393210711	0.0	9.841204341754345	0.061607178845677686	2.295290299118415e-05	0.03219319078033392
83.15589628101866	0.0	9.769298509718329	0.06191297081408971	1.721662091438061e-05	0.03210251792118831
83.30679862993021	0.0	9.6970133743111	0.062215276689944005	1.13595941001261e-05	0.032009706865729654
83.45770097884179	0.0	9.624417342672878	0.06250916715021165	5.487036316208078e-06	0.031914549229992276
83.60860332775334	0.0	9.551578821943888	0.06278971303493189	-2.869705761549771e-07	0.03181683646694222
83.75950567666489	0.0	9.478566219264351	0.0630519853469404	-5.840065389438859e-06	0.03171635986674922
83.91040802557646	0.0	9.405447941774458	0.06329105524180377	-1.104251619432712e-05	0.03161291056685207
84.061310374488	0.0	9.332291554792414	0.0635020955217967	-1.576005935568732e-05	0.03150628524013174
84.21221272339957	0.0	9.259133082307597	0.06368408262714452	-1.9915261943717156e-05	0.0313964928147551
84.36311507231113	0.0	9.18596824738731	0.06384085283382997	-2.3510830816082306e-05	0.03128381356202907
84.51401742122269	0.0	9.112790146306692	0.06397655909648027	-2.6559822155769796e-05	0.03116854552206089
84.66491977013425	0.0	9.039591875340877	0.06409535428884294	-2.9079796592873642e-05	0.031050986815837376
84.81582211904582	0.0	8.966366530765004	0.06420139121092786	-3.109198447030004e-05	0.030931435638083073
84.96672446795736	0.0	8.893107208854234	0.06429882259702789	-3.262052696845369e-05	0.03081019024923948
85.11762681686893	0.0	8.819807005883678	0.06439180112420485	-3.369179308633993e-05	0.03068754896697924
85.26852916578048	0.0	8.746459018128503	0.06448447942089959	-3.4333772476559354e-05	0.03056381015759585
85.41943151469204	0.0	8.673056341863832	0.06458101007539449	-3.457554413186217e-05	0.03043927222754133
85.5703338636036	0.0	8.599592073364816	0.06468554564391539	-3.4446820921171585e-05	0.03031423361532426
85.72123621251515	0.0	8.52605930890659	0.0648022386582165	-3.3977569973298956e-05	0.030188992783924767
85.87213856142671	0.0	8.452451144764298	0.06493524163253979	-3.3197708906887905e-05	0.030063848213835384
86.0230409103383	0.0	8.378760677213071	0.06508870706988201	-3.213687790544366e-05	0.02993909839679367
86.17394325924985	0.0	8.304981002528068	0.06526678746753989	-3.082428763660468e-05	0.0298150418302373
86.3248456081614	0.0	8.231105216984435	0.0654736353219325	-2.9288643015077438e-05	0.029691977012481614
86.47574795707295	0.0	8.157126416857295	0.0657134031327237	-2.7558142808895934e-05	0.029570202438597194
86.62665030598453	0.0	8.08303769842179	0.06599024340628476	-2.5660555088858123e-05	0.02945001659694711
86.77755265489608	0.0	8.008832157953078	0.06630830865854861	-2.362336852114944e-05	0.029331717966332813
86.92845500380764	0.0	7.934502891726291	0.066671751417311	-2.1474019503284524e-05	0.029215605013692972
87.0793573527192	0.0	7.860042996016576	0.06708472422403268	-1.9240195143592544e-05	0.029101976192301267
87.23025970163076	0.0	7.785445567099071	0.06755137963518891	-1.6950212084530228e-05	0.028991129940416804
87.38116205054232	0.0	7.710703701248923	0.06807587022319844	-1.463347117015325e-05	0.028883364680355243
87.53206439945387	0.0	7.635810494741271	0.06866234857694332	-1.2320987958102784e-05	0.028778978817968915
87.68296674836543	0.0	7.560759043851262	0.06931496730186475	-1.0045999076478787e-05	0.028678270742550995
87.833869097277	0.0	7.4855424448540315	0.07003787901958688	-7.844644425976286e-06	0.028581538827211834
87.98477144618856	0.0	7.410153794024736	0.07083523636698086	-5.756725227656185e-06	0.028489081429814562
88.13567379510012	0.0	7.334590484547669	0.07171013683293272	-3.819890405072006e-06	0.02840114952007508
88.28657614401168	0.0	7.258873215753968	0.07265995478667019	-2.0400522622276566e-06	0.0283177371053874
88.43747849292322	0.0	7.183030551625169	0.07368013332481338	-4.133704703130046e-07	0.02823875148936329
88.58838084183479	0.0	7.107091062219149	0.07476611404460973	1.0623410047202487e-06	0.028164099915862724
88.73928319074635	0.0	7.0310833175938265	0.0759133385368702	2.3880042620695683e-06	0.028093689635181558
88.8901855396579	0.0	6.955035887807094	0.07711724838659213	3.5636533069679157e-06	0.02802742790342976
89.04108788856948	0.0	6.878977342916841	0.0783732851734493	4.588786110405309e-06	0.027965221982040635
89.19199023748102	0.0	6.8029362529809845	0.0796768904721969	5.462692887628098e-06	0.027906979137365923
89.3428925863926	0.0	6.726941188057399	0.08102350585302918	6.184760595369597e-06	0.027852606640318883
89.49379493530415	0.0	6.651020718204	0.08240857288191625	6.754753647770107e-06	0.02780201176603624
89.64469728421571	0.0	6.57520341347868	0.0838275331209477	7.173070850956783e-06	0.027755101793535592
89.79559963312727	0.0	6.499517843939335	0.0852758281286952	7.440978556249698e-06	0.027711784005352347
89.94650198203882	0.0	6.4239925796438655	0.08674889946060692	7.5608200319673235e-06	0.027671965687145608
90.09740433095038	0.0	6.348656190650169	0.08824218866943728	7.536201053803636e-06	0.027635554127267925
90.24830667986194	0.0	6.27353724701614	0.08975113730571385	7.372151713751286e-06	0.02760245661629897
90.39920902877351	0.0	6.19866431879967	0.09127118691823545	7.075264447546746e-06	0.027572580446547142
90.55011137768506	0.0	6.124065976058681	0.09279777905459399	6.6538082806161505e-06	0.02754583291152721
90.70101372659663	0.0	6.049770788851039	0.09432635526171122	6.117819292502458e-06	0.027522121305425185
90.85191607550817	0.0	5.975807327234669	0.09585235708637023	5.479167299760834e-06	0.027501352922564466
91.00281842441974	0.0	5.902204161267445	0.0973712260757343	4.751598757309448e-06	0.0274834350568895
91.15372077333132	0.0	5.828989861007268	0.09887840377782578	3.95075587823307e-06	0.027468275001484754
91.30462312224286	0.0	5.756192996512059	0.10036933174195366	3.0941719720361293e-06	0.027455780048148144
91.45552547115442	0.0	5.683842137839686	0.1018394515190666	2.2012430013503093e-06	0.027445857487038445
91.60642782006597	0.0	5.611965855048058	0.1032842046620108	1.2931753571064553e-06	0.027438414606416554
91.75733016897753	0.0	5.5405927181950645	0.1046990327256761	3.9290985218054103e-07	0.02743335869249971
91.90823251788909	0.0	5.469751297338607	0.10607937726701046	-4.7497806647037996e-07	0.027430597029447088
92.05913486680066	0.0	5.399469755299217	0.10742073057286566	-1.2846622676670103e-06	0.027430037296148364
92.2100372157122	0.0	5.329759636257742	0.10872065505108289	-2.0197868590252047e-06	0.02743160335686355
92.36093956462376	0.0	5.2606104293615665	0.10997946041957032	-2.678135176148699e-06	0.027435240557773174
92.51184191353532	0.0	5.192010101868389	0.11119764597147257	-3.2590642319553484e-06	0.02744089572806961
92.66274426244689	0.0	5.12394662103589	0.11237571099925882	-3.762518818442867e-06	0.02744851569762077
92.81364661135845	0.0	5.056407954121775	0.11351415479474858	-4.1890011512039415e-06	0.027458047296943993
92.96454896027001	0.0	4.989382068383724	0.11461347664914803	-4.539541146764202e-06	0.02746943735717029
93.11545130918157	0.0	4.922856931079428	0.11567417585309354	-4.815667332741199e-06	0.027482632710000374
93.26635365809312	0.0	4.856820509466581	0.11669675169670186	-5.019378390824116e-06	0.027497580187654507
93.4172560070047	0.0	4.791260770802865	0.1176817034696254	-5.153115332572933e-06	0.027514226622817408
93.56815835591625	0.0	4.726165682345986	0.1186295304611104	-5.219734308036044e-06	0.027532518848579785
93.71906070482781	0.0	4.66152321135363	0.11954073196005775	-5.222480047185526e-06	0.02755240369837784
93.86996305373937	0.0	4.597321325083487	0.12041580725508422	-5.1649599341689435e-06	0.027573828005931927
94.02086540265093	0.0	4.533547990793257	0.12125525563458335	-5.051118714377082e-06	0.02759673860518553
94.17176775156248	0.0	4.470191175740629	0.12205957638678522	-4.885213834326821e-06	0.027621082330245576
94.32267010047406	0.0	4.407238847183293	0.12282926879981396	-4.671791414358606e-06	0.02764680601532511
94.47357244938561	0.0	4.344678972378958	0.12356483216174159	-4.41566285414811e-06	0.027673856494689057
94.62447479829717	0.0	4.282499518585313	0.12426676576063857	-4.121882071031491e-06	0.027702180602604008
94.77537714720874	0.0	4.22068845306005	0.12493556888461944	-3.795723371144388e-06	0.027731725173292615
94.92627949612032	0.0	4.159233743060874	0.12557174082188283	-3.442659953374358e-06	0.02776243704089321
95.07718184503187	0.0	4.0981233558454875	0.12617578086074627	-3.068343046126651e-06	0.02779426303942532
95.22808419394342	0.0	4.037345258671594	0.1267481882896743	-2.6785816769034797e-06	0.02782715000276137
95.37898654285496	0.0	3.9768874187968857	0.12728946239730038	-2.2793230746970077e-06	0.027861044764605106
95.52988889176652	0.0	3.9167378034790614	0.1278001024724411	-1.8766337051962653e-06	0.027895894158476982
95.68079124067809	0.0	3.856884379975826	0.12828060780410364	-1.4766809388081913e-06	0.027931645017706896
95.83169358958965	0.0	3.797315115544894	0.12873147768148555	-1.0857153514931315e-06	0.027968244175434285
95.98259593850119	0.0	3.738017977443972	0.12915321139396702	-7.100536584148579e-07	0.028005638464615974
96.13349828741275	0.0	3.6789814341937714	0.12954638929882104	-3.5540649361383733e-07	0.028043741743461758
96.28440063632432	0.0	3.620196795785852	0.1299120512957636	-2.3776999888631614e-08	0.028082280949629796
96.4353029852359	0.0	3.561656372247325	0.13025139901717928	2.8419000594769574e-07	0.02812091723545432
96.58620533414745	0.0	3.503352474715986	0.1305656342750535	5.679088527723491e-07	0.028159311680231846
96.73710768305901	0.0	3.4452774143296243	0.13085595888134302	8.268479988728858e-07	0.02819712536328792
96.88801003197057	0.0	3.387423502226034	0.131123574647973	1.0605264242365909e-06	0.02823401936397945
97.03891238088214	0.0	3.329783049543007	0.13136968338683516	1.2685099843101968e-06	0.028269654761696822
97.18981472979368	0.0	3.2723483674183598	0.13159548690978576	1.4504077252296665e-06	0.028303692635865865
97.34071707870524	0.0	3.2151117669898794	0.13180218702864405	1.6058681605204645e-06	0.028335794065949525
97.4916194276168	0.0	3.1580655593953764	0.1319909855551905	1.7345755092676907e-06	0.02836562013144935
97.64252177652835	0.0	3.10120205577266	0.13216308430116577	1.83624589575671e-06	0.028392831911906898
97.7934241254399	0.0	3.0445135672595476	0.13231968507826924	1.910623510583916e-06	0.028417090486904887
97.94432647435146	0.0	2.9879924049938453	0.13246198969815798	1.9574767332377555e-06	0.028438056936068306
98.09522882326304	0.0	2.931630880113368	0.13259119997244603	1.9765942161499596e-06	0.028455392339065362
98.2461311721746	0.0	2.8754213037559624	0.13270851771270312	1.9677809302170654e-06	0.028468757775608325
98.39703352108616	0.0	2.8193559870594487	0.13281514473045414	1.930854171792178e-06	0.028477814325454407
98.54793586999772	0.0	2.7634272411616623	0.13291228283717846	1.8656395311469724e-06	0.028482223068406434
98.69883821890929	0.0	2.7076273772004416	0.13300113384430892	1.7719668224039353e-06	0.02848164508431367
98.84974056782085	0.0	2.651948706313643	0.13308289956323124	1.6496659749389363e-06	0.028475741453072478
99.0006429167324	0.0	2.596383539639121	0.13315878180528334	1.4985628862539574e-06	0.028464173254627138
99.15154526564396	0.0	2.5409241883147393	0.1332299823817543	1.318475236320168e-06	0.02844660156897059
99.30244761455552	0.0	2.4855629634783725	0.13329770310388378	1.1092082633912408e-06	0.028422687476145375
99.45334996346708	0.0	2.4302921762679057	0.13336314578286076	8.705505012869335e-07	0.02839209205624457
99.60425231237863	0.0	2.375104137821235	0.1334275122298227	6.022694781469567e-07	0.02835447638941287
99.75515466129019	0.0	2.319991159276272	0.13349200425585409	3.0410737665512207e-07	0.028309501555847865
99.90605701020175	0.0	2.264945551770939	0.13355782367198527	-2.422334426623003e-08	0.028256828635801427
100.0569593591133	0.0	2.209959882331317	0.13362614687151944	-3.8301221172621144e-07	0.028196125741427283
100.20786170802486	0.0	2.1550381303632107	0.13369701664256112	-7.711454091417082e-07	0.028127374598899184
100.35876405693642	0.0	2.100200008200269	0.13376891300293262	-1.1855227858312522e-06	0.028050989277683236
100.50966640584798	0.0	2.045466376192329	0.13384020193671792	-1.6228627561136038e-06	0.027967415394845437
100.66056875475954	0.0	1.9908580946892467	0.1339092494280814	-2.0798387952801763e-06	0.027877098567371052
100.8114711036711	0.0	1.9363960240409006	0.13397442146128283	-2.5530737065760246e-06	0.027780484412150395
100.96237345258265	0.0	1.88210102459719	0.134034084020689	-3.0391352462541438e-06	0.027678018545966424
101.11327580149423	0.0	1.8279939567080383	0.13408660309078446	-3.5345331067030706e-06	0.027570146585484488
101.26417815040578	0.0	1.7740956807234105	0.13413034465617954	-4.035717257647426e-06	0.0274573141472442
101.41508049931733	0.0	1.7204270569932967	0.1341636747016161	-4.539077645421922e-06	0.027339966847653458
101.56598284822891	0.0	1.6670089458677027	0.13418495921197138	-5.040945250318236e-06	0.027218550302984895
101.71688519714046	0.0	1.6138622076967293	0.13419256417225883	-5.53759450200393e-06	0.027093510129374946
101.86778754605204	0.0	1.561007702830462	0.13418485556762688	-6.025247053015827e-06	0.02696529194282506
102.01868989496359	0.0	1.5084662916191043	0.13416019938335447	-6.500076910323807e-06	0.026834341359206197
102.16959224387514	0.0	1.4562588344128717	0.13411696160484432	-6.958216924969245e-06	0.026701103994265504
102.32049459278672	0.0	1.4044061915620716	0.13405350821761294	-7.395766639774159e-06	0.026566025463636227
102.47139694169827	0.0	1.3529292234171055	0.1339682052072782	-7.808801495123382e-06	0.026429551382850452
102.62229929060983	0.0	1.301848790328455	0.13385941855954345	-8.193383392819036e-06	0.026292127367354708
102.77320163952137	0.0	1.2511857526467258	0.13372551426017895	-8.545572618006726e-06	0.026154199032528615
102.92410398843293	0.0	1.2009609707226385	0.13356485829500023	-8.861441119174181e-06	0.0260162119937064
103.07500633734449	0.0	1.151195304907083	0.13337581664984377	-9.137087146221704e-06	0.025878611866201495
103.22590868625605	0.0	1.101909615551125	0.13315675531053967	-9.36865124660493e-06	0.025741844265333734
103.3768110351676	0.0	1.0531247630060463	0.13290604026288141	-9.552333619549747e-06	0.025606354806459397
103.52771338407916	0.0	1.0048616076233845	0.13262203749259377	-9.684412828339495e-06	0.0254725891050037
103.67861573299074	0.0	0.9571410097549823	0.13230311298529746	-9.761265870674577e-06	0.025340992776495642
103.8295180819023	0.0	0.9099838297530676	0.13194763272647278	-9.779389607104803e-06	0.025212011436604915
103.98042043081385	0.0	0.8634109279703096	0.13155396270142064	-9.735423547534656e-06	0.02508609070118045
104.13132277972542	0.0	0.817441347032047	0.13112100785028188	-9.627135920663762e-06	0.024963617649239152
104.28222512863698	0.0	0.7720833580176589	0.1306508668690945	-9.45814951108586e-06	0.02484463247940546
104.43312747754852	0.0	0.7273412792147296	0.1301468104540352	-9.234250261044559e-06	0.024729048097028302
104.58402982646008	0.0	0.6832194228875679	0.12961211108743337	-8.961251575151584e-06	0.024616777213543897
104.73493217537165	0.0	0.6397221013020317	0.12905004125157662	-8.644959032159934e-06	0.024507732540429934
104.88583452428321	0.0	0.5968536267260112	0.12846387342875965	-8.291141331935219e-06	0.024401826789157532
105.03673687319477	0.0	0.5546183114300819	0.12785688010132545	-7.905504279230113e-06	0.024298972671149097
105.18763922210633	0.0	0.5130204676884852	0.12723233375170162	-7.493667804262251e-06	0.024199082897742637
105.33854157101788	0.0	0.47206440778053255	0.12659350686242973	-7.061146020095207e-06	0.024102070180162038
105.48944391992944	0.0	0.4317544439927187	0.12594367191618921	-6.613330316822767e-06	0.024007847229493496
105.64034626884101	0.0	0.3920948886219827	0.12528610139581456	-6.1554754925564585e-06	0.023916326756667872
105.79124861775256	0.0	0.35309005398095084	0.1246240677843081	-5.692688921216972e-06	0.023827421472448693
105.94215096666412	0.0	0.3147442524066068	0.12396084356484557	-5.229922757128578e-06	0.023741044087425476
106.09305331557569	0.0	0.27706179627556304	0.12329970122077838	-4.7719691764183566e-06	0.023657107312012322
106.24395566448723	0.0	0.24004699803235768	0.1226439132356304	-4.323458655219161e-06	0.0235755238564512
106.39485801339879	0.0	0.20370417024602075	0.12199675209308948	-3.888861284676581e-06	0.02349620643081954
106.54576036231036	0.0	0.16803762573461867	0.1213614902769964	-3.4724911227612556e-06	0.02341906774504209
106.69666271122192	0.0	0.13305167787653321	0.12074140027132917	-3.0785135828854893e-06	0.02334402050890646
106.84756506013346	0.0	0.0987506415442966	0.12013975456018401	-2.710955859324676e-06	0.02327097743208205
106.99846740904503	0.0	0.065138836839976	0.11955982562775296	-2.3737203894439067e-06	0.023199851224142157
107.1493697579566	0.0	0.03222061524276951	0.11900488595829933	-2.0706013527299653e-06	0.023130554594589115
107.30027210686816	0.0	0.00010000000004847821	0.11847820803612957	-1.8053042066279895e-06	0.023063000252882042
