Q20	Q30	EHFB	M22	M23	M33
181.0119629760777	0.0	0.5000000000000134	0.0213394406854658	-1.4814959645107828e-06	0.016014323416034097
181.26895041058887	0.0	0.5054131296908722	0.021384417763712745	-1.8969682791722935e-06	0.01600545519582796
181.52593784510012	0.0	0.5107507027536534	0.02144001528179362	-2.290905220272862e-06	0.015996689323026964
181.78292527961136	0.0	0.515992017572389	0.02150548398774801	-2.642827855452371e-06	0.0159880382314187
182.03991271412252	0.0	0.52111637253109	0.02158007463874652	-2.9304241233182856e-06	0.015979514345659713
182.2969001486337	0.0	0.5261030660137533	0.02166303799703336	-3.1292822939541533e-06	0.015971130085332977
182.55388758314487	0.0	0.5309313964043576	0.02175362482368991	-3.212682565246524e-06	0.015962897871184285
182.8108750176561	0.0	0.5355806620868723	0.021851085869840987	-3.151446795554874e-06	0.015954830133916034
183.06786245216736	0.0	0.5400301614452555	0.021954671864915766	-2.9138463746423697e-06	0.015946939325926203
183.3248498866785	0.0	0.5442591928634559	0.022063633501584797	-2.465568236763714e-06	0.01593923793637135
183.5818373211897	0.0	0.5482470547254253	0.02217722141702222	-1.7697390224440558e-06	0.015931738509904612
183.83882475570093	0.0	0.5519730454151094	0.02229468617018792	-7.870073988596283e-07	0.015924453669393233
184.09581219021211	0.0	0.5554167494441548	0.022415278299180354	5.233034417465811e-07	0.01591739618556545
184.35279962472333	0.0	0.5585708918692529	0.022538252102452222	2.156523622240797e-06	0.015910580901306922
184.60978705923452	0.0	0.5614465362094354	0.022662867298475494	4.038566887915984e-06	0.01590402537912308
184.86677449374568	0.0	0.5640561080323805	0.02278838415048448	6.0826699167420914e-06	0.015897747241310708
185.12376192825687	0.0	0.56641203290579	0.022914063124496873	8.19381963540213e-06	0.015891763907383238
185.38074936276809	0.0	0.5685267363973859	0.023039164922565428	1.0268672977952859e-05	0.01588609256081897
185.63773679727925	0.0	0.5704126440749074	0.02316295048745823	1.2195691842721739e-05	0.015880750144380867
185.8947242317904	0.0	0.5720821815061106	0.023284680974294664	1.3855493157987793e-05	0.015875753388480705
186.1517116663016	0.0	0.5735477742587645	0.02340361768494895	1.5121413974778343e-05	0.015871118876775298
186.40869910081275	0.0	0.5748218479006496	0.023519021961576868	1.5860291536141095e-05	0.015866863152639944
186.66568653532397	0.0	0.5759168279995571	0.023630155036419537	1.5933458329716222e-05	0.01586300286936465
186.92267396983516	0.0	0.576845140123286	0.023736277836094808	1.519795221654767e-05	0.01585955498586263
187.1796614043463	0.0	0.577619209839643	0.023836650739900742	1.3507941844574604e-05	0.01585653700836688
187.43664883885745	0.0	0.5782514627164412	0.023930533293225375	1.0716367699003077e-05	0.015853967277020483
187.6936362733686	0.0	0.5787543243214983	0.024017183878984476	6.676799310437706e-06	0.015851865294438744
187.95062370787977	0.0	0.5791402202226367	0.024095859352093824	1.2455093292037866e-06	0.015850252091236982
188.20761114239087	0.0	0.5794199131471989	0.024165874116206066	-5.667137057882097e-06	0.015849148791569838
188.4645985769021	0.0	0.5795921820624753	0.02422696994601891	-1.3786050000118485e-05	0.01584856456494736
188.7215860114132	0.0	0.5796505520999208	0.024279078251127913	-2.2661832913193042e-05	0.015848501069919443
188.97857344592433	0.0	0.5795885260216079	0.024322134506706457	-3.182764084453364e-05	0.015848956674891782
189.23556088043543	0.0	0.5793996065896115	0.02435607803434525	-4.080485582870792e-05	0.015849925901852694
189.49254831494656	0.0	0.5790772965660086	0.024380852055135613	-4.910817174814442e-05	0.015851399373289908
189.7495357494577	0.0	0.5786150987128802	0.02439640319855307	-5.625073879636127e-05	0.015853364303306923
190.0065231839688	0.0	0.5780065157923099	0.02440268046484179	-6.17493626425808e-05	0.015855805535238594
190.26351061847987	0.0	0.5772450505663865	0.024399633654087226	-6.512975519772709e-05	0.015858707112578526
190.52049805299103	0.0	0.576324205797202	0.02438721129093895	-6.593183691609864e-05	0.01586205435425618
190.77748548750216	0.0	0.5752374842468553	0.024365358090008313	-6.371509472117322e-05	0.015865836389239215
191.0344729220133	0.0	0.5739783886774501	0.024334012023315487	-5.8064004733421864e-05	0.015870049089086517
191.2914603565244	0.0	0.5725404218510975	0.024293101067797942	-4.8593534744803e-05	0.015874698320439657
191.54844779103547	0.0	0.5709170865299161	0.024242539727818112	-3.495474749646285e-05	0.01587980342251523
191.80543522554655	0.0	0.5691018854760318	0.02418222544482078	-1.6840531865587262e-05	0.015885400797447484
192.06242266005768	0.0	0.5670883462150212	0.02411203603596334	6.00358004832846e-06	0.015891547504370534
192.31941009456875	0.0	0.5648732148650084	0.024031961236187956	3.314549598138431e-05	0.015898322909951246
192.57639752907983	0.0	0.5624596117634033	0.023942261971296296	6.288806001763906e-05	0.015905801014762473
192.83338496359093	0.0	0.5598514071018014	0.023843270021958126	9.343635963986604e-05	0.015914016235760033
193.090372398102	0.0	0.5570524710718049	0.023735365797992306	0.00012306921628567086	0.01592295436075066
193.3473598326131	0.0	0.5540666738650221	0.02361897834650944	0.00015015877302184278	0.01593255254024931
193.6043472671242	0.0	0.5508978856730686	0.023494578337037043	0.00017318853348282422	0.015942706302354077
193.8613347016353	0.0	0.5475499766875662	0.02336266479143077	0.0001907696244506207	0.015953282822834883
194.1183221361464	0.0	0.544026817100143	0.023223746505390306	0.00020165513975263597	0.015964139503617594
194.3753095706574	0.0	0.5403322771024359	0.02307831926451119	0.00020475255396965947	0.01597514675673233
194.63229700516848	0.0	0.5364702268860849	0.022926840091013857	0.00019913435712058607	0.015986213757584137
194.88928443967956	0.0	0.5324445366427412	0.022769699867601637	0.00018404724006545345	0.015997315821095336
195.14627187419063	0.0	0.5282590765640609	0.022607195772304436	0.00015892033698520317	0.016008521966861564
195.40325930870168	0.0	0.52391771684171	0.022439505022671752	0.0001233731868098453	0.01602002117495893
195.66024674321275	0.0	0.5194243276673597	0.02226666146928063	7.722419038299399e-05	0.01603214579243596
195.91723417772377	0.0	0.514782779232693	0.0220885365972263	2.0500395937449663e-05	0.016045390531823026
196.17422161223493	0.0	0.5099968138764917	0.021904834094925902	-4.62664523549612e-05	0.016060417971280903
196.431209046746	0.0	0.5050687468389138	0.021715272110926345	-0.00011929109202329702	0.016077876998490587
196.68819648125705	0.0	0.4999999999999854	0.021519931168586342	-0.00019320739261876617	0.016098054608119826
