Q20	Q30	EHFB	M22	M23	M33
181.0119629760829	0.0	0.5000000000001236	0.0213394406854666	-1.4814959645192802e-06	0.016014323416033916
181.17080633855673	0.2115680453061348	0.5700184397752491	0.014777036521473705	-2.45411139164461e-06	0.015697890685554498
181.3431303452454	0.4123453377655755	0.6399093590650533	0.00967660808245418	-3.413318072386604e-05	0.01544165604060161
181.52627434424247	0.6032261406590338	0.7090425358971454	0.005769916876648152	-9.09405721479706e-05	0.015233249251553052
181.7240546038864	0.7790343947943748	0.774707482384717	0.0029235952499651312	-0.00016602251114446285	0.015067487753530383
181.9417570155608	0.929226219760714	0.8318692252593842	0.0010162006821538045	-0.00024848285445675856	0.014941475391414267
182.18798559125085	1.026362036988372	0.8685320462280806	6.78263632241007e-06	-0.0003174739390605494	0.01485995963687581
182.45242179001963	1.022392424463866	0.8650621777922034	7.673059017503413e-06	-0.00033745096887659206	0.014840646492616405
182.71701916100224	1.0159710552088794	0.86058438477556	8.623590469219958e-06	-0.0003575108578285455	0.014821438230573098
182.98137159431084	1.008004481348571	0.8554710663883008	9.557901845768942e-06	-0.00037615225204210896	0.014803512214240283
183.2459133584161	0.9990765588888122	0.8499462801666818	1.0385752966961534e-05	-0.00039190052046314056	0.014788144723628422
183.51021620366816	0.9898906906733222	0.8442692070022109	1.1009268551017093e-05	-0.00040333487374609526	0.014776551196468861
183.77477634032513	0.9808570607020564	0.8385679904621313	1.1327610142389444e-05	-0.00040903425163054774	0.014770019174730366
184.0390964694016	0.9724813825746894	0.8330021276133969	1.124860636477026e-05	-0.0004076019113925488	0.014769769052564084
184.3037117344003	0.9644784510261416	0.8274330898492409	1.0718061986622193e-05	-0.00039796802136868233	0.014776789519391197
184.56806789407452	0.9576426715496595	0.8220947363252338	9.815428151858914e-06	-0.0003810056248412737	0.014789501172518588
184.83275793305737	0.9515293065038154	0.8167784000292128	8.620633275411615e-06	-0.0003572746628754392	0.014806938267149981
185.09714517924775	0.9463391896460706	0.8115113409144142	7.238216272987792e-06	-0.0003276062107926903	0.014827662686796542
185.3618925837287	0.9419624209643157	0.8062007822182435	5.763946984139303e-06	-0.0002925709694507098	0.014850548140166486
185.62630287205215	0.9383222801912787	0.8007867909196488	4.299812688622029e-06	-0.0002528972282296857	0.014874370740729686
185.89109281084063	0.9355485647472233	0.7952526897034208	2.9364842355810056e-06	-0.00020915893046492332	0.014897903303259134
186.15552221623935	0.9335374705821671	0.7895334245961236	1.761055806359576e-06	-0.0001620953516159305	0.014919971826337048
186.4203425645337	0.9324698419418896	0.7836220464043373	8.433605949206592e-07	-0.00011224646394055402	0.014939361339669178
186.68478641752407	0.9323148033814749	0.7774767384269974	2.438927940966404e-07	-6.0393628086761335e-05	0.014954891664559804
186.94962267037909	0.9330190917879784	0.771015455532494	3.317695191048636e-09	-7.0463438393927074e-06	0.014965498228079901
187.21407473437412	0.9345001308256748	0.7641859626309002	1.4723387030545862e-07	4.694784129488133e-05	0.014970059522830112
187.47890989551408	0.9371335523436387	0.7570189005279571	6.819761500748987e-07	0.00010103119275760793	0.014967241756040741
187.7433580266855	0.9408408336872462	0.7494592588732406	1.5923084015655705e-06	0.00015431942958737006	0.014955950948168501
188.0081696030157	0.9456736002560612	0.7414383214974087	2.8468109642560457e-06	0.0002061966029557095	0.014934970956733492
188.2725934112076	0.9519168678275306	0.7330234161319098	4.390759829316195e-06	0.00025580930789972066	0.01490366236185715
188.53733598362265	0.9597948594489286	0.7243201056158874	6.1690986291098965e-06	0.0003028125609142664	0.014863670134041364
188.80167062211248	0.9698549062955488	0.7155865043529301	8.114409263369995e-06	0.00034674558699483184	0.014817160214378535
189.06622420468017	0.9826148384095564	0.707009089532459	1.0164667386358098e-05	0.0003874182293321802	0.014766138301812018
189.33028148991255	0.9989015775391544	0.6988957153265271	1.224980485146938e-05	0.00042453190554039247	0.014712670202263528
189.5943285814212	1.0196415274172153	0.691520269197832	1.4310630285484781e-05	0.00045801166053902417	0.014658661219309673
189.85760749092412	1.0460112458395208	0.685273717740074	1.628510371703294e-05	0.0004877131204535043	0.014606237208898296
190.1202898458056	1.0798888011100447	0.6806784022067904	1.8131774160681652e-05	0.0005137597671032383	0.014557268139062825
190.3812275961085	1.123980589031328	0.678546698500504	1.9821456935414692e-05	0.0005363628471506545	0.01451382230584442
190.639417577797	1.183020103567174	0.6802467079542931	2.1366183938894682e-05	0.0005561779228188097	0.014477731854958856
190.8902899200149	1.267387099175047	0.6888856226865887	2.2866044356044958e-05	0.0005748145520715037	0.01444988753316288
191.12821663289304	1.3837389702343292	0.707510429089268	6.815509498644863e-05	0.0005912031567829144	0.014436064758075717
191.38740293819944	1.437553293409086	0.7114027413697189	0.0007609222419571658	0.0005640093260643436	0.01447613371189927
191.64986594507	1.4020103387002956	0.693600516034396	0.0018941330894288884	0.0005000001594991161	0.014567372538458042
191.90706539591267	1.3392877986006235	0.671515952284526	0.0032039634832933066	0.0004227465651940292	0.01469194364778404
192.16279367829725	1.2703119801997895	0.650840108920603	0.004643820705110382	0.00034026018116786874	0.014846041946746514
192.41752376004325	1.198172409057946	0.632330795384667	0.006190875473608421	0.00025781753894723816	0.015024843821473361
192.67171536139276	1.123713492289132	0.6159970572082527	0.007819245353590965	0.00018063377777716006	0.015221384348262314
192.92524913428835	1.047434016757654	0.6017279228474729	0.009498455457745877	0.00011344611414448419	0.01542816041867568
193.17841659273367	0.9695494612401394	0.5893249044334947	0.011199096870920952	5.995666409242163e-05	0.015637917961935394
193.43106667239945	0.8903463425425174	0.578580516447327	0.012887364684306523	2.2748974526821063e-05	0.01584304010409831
193.68345839676476	0.8099717299495491	0.5692523330805341	0.014531056202983065	2.835916717261673e-06	0.01603632324894491
193.93547098163907	0.7287126556691088	0.5611086212385384	0.016094857860942748	-4.2864125403460193e-07	0.016210449841746317
194.18736719605727	0.6467876643947696	0.5539093113968406	0.01754590301723961	1.048529877540905e-05	0.01635870338866322
194.43909738327477	0.5646024047375027	0.5474374337575281	0.018850323073233758	3.134611126940333e-05	0.01647470186707223
194.6909628805492	0.4825722753876284	0.5414873144050532	0.019978116920844575	5.6413090946750426e-05	0.01655310457545089
194.94302761083367	0.4013569097771876	0.5358869896702982	0.020901479615497855	7.885707243067171e-05	0.01658981006611734
195.1956679990038	0.3217350605415389	0.5304908098175175	0.021599073306294334	9.151902717074073e-05	0.016582798151563875
195.449100525748	0.2448259272123769	0.525194720419066	0.02205659519058406	8.783430895180823e-05	0.01653293217149083
195.7037981603994	0.17204591269526742	0.5199291207875831	0.02227111195931874	6.299662646215496e-05	0.016445038967607357
195.96012706580947	0.10533508262282015	0.5146642878074394	0.022254489544932327	1.5117661750706264e-05	0.016329150322727175
196.21856715814323	0.04722690940540002	0.5093971361704356	0.022039256038313495	-5.3423206876372796e-05	0.01620151199727594
196.47941850240235	0.0012706272141454367	0.5041332593000557	0.02168565038784124	-0.0001330731061735747	0.01608545401754201
