Q20,Q30,Q40
1.400000000000000000e+02,0.000000000000000000e+00,1.600000000000000000e+01
1.408180357449219002e+02,0.000000000000000000e+00,1.604550056921244661e+01
1.416348913710073703e+02,0.000000000000000000e+00,1.610803126542113262e+01
1.424504163723586032e+02,0.000000000000000000e+00,1.618486261278982141e+01
1.432644903264460083e+02,0.000000000000000000e+00,1.627430042853412573e+01
1.440770039870368748e+02,0.000000000000000000e+00,1.637519230666809378e+01
1.448878521088797413e+02,0.000000000000000000e+00,1.648670875516488721e+01
1.456968900342337463e+02,0.000000000000000000e+00,1.660849702436593134e+01
1.465039224071671811e+02,0.000000000000000000e+00,1.674059154291078144e+01
1.473086894003001532e+02,0.000000000000000000e+00,1.688337624906067092e+01
1.481108454834164831e+02,0.000000000000000000e+00,1.703759112462139669e+01
1.489099696445430538e+02,0.000000000000000000e+00,1.720417220429767013e+01
1.497056454281877222e+02,0.000000000000000000e+00,1.738381961824227062e+01
1.504973983594259721e+02,0.000000000000000000e+00,1.757731874086994139e+01
1.506226519273407689e+02,0.000000000000000000e+00,1.838241985803276179e+01
1.505508448257309055e+02,0.000000000000000000e+00,1.919356826144495543e+01
1.505008144159585584e+02,0.000000000000000000e+00,2.000583021781663717e+01
1.512933160660257101e+02,0.000000000000000000e+00,2.018833962718762365e+01
1.521058484084965414e+02,0.000000000000000000e+00,2.022954364632666113e+01
1.529191898916084540e+02,0.000000000000000000e+00,2.025854139272866661e+01
1.537331860434861142e+02,0.000000000000000000e+00,2.027083129393212246e+01
1.545473243749271717e+02,0.000000000000000000e+00,2.025612591458661882e+01
1.553584272675069542e+02,0.000000000000000000e+00,2.018283394598255498e+01
1.561411699677223339e+02,0.000000000000000000e+00,1.995761154833853368e+01
1.569330059978759664e+02,0.000000000000000000e+00,2.014865897100831305e+01
1.577215304715118407e+02,0.000000000000000000e+00,2.035302404905177198e+01
1.585083930005005470e+02,0.000000000000000000e+00,2.056364470628418673e+01
1.592938425530260815e+02,0.000000000000000000e+00,2.077930867657004654e+01
1.600785007992385545e+02,0.000000000000000000e+00,2.099756825119911952e+01
1.608598889858682242e+02,0.000000000000000000e+00,2.122692120998766896e+01
1.616394013446096096e+02,0.000000000000000000e+00,2.146216734980895069e+01
1.624177231814659308e+02,0.000000000000000000e+00,2.170086295471938342e+01
1.631953694560396855e+02,0.000000000000000000e+00,2.194124117673878160e+01
1.639727424102334226e+02,0.000000000000000000e+00,2.218194987291910536e+01
1.647499667296636403e+02,0.000000000000000000e+00,2.242255077696613341e+01
1.655261800615832328e+02,0.000000000000000000e+00,2.266578580247490748e+01
1.663009560426324640e+02,0.000000000000000000e+00,2.291294377344197386e+01
1.670735109610110101e+02,0.000000000000000000e+00,2.316634475283365902e+01
1.678425031129865204e+02,0.000000000000000000e+00,2.342976341890481962e+01
1.686055873000756264e+02,0.000000000000000000e+00,2.370927342111239255e+01
1.693574580329073740e+02,0.000000000000000000e+00,2.401717217466898546e+01
1.701227558857378597e+02,0.000000000000000000e+00,2.428942480223476252e+01
1.708954162758446103e+02,0.000000000000000000e+00,2.453941495532578188e+01
1.716728988406222811e+02,0.000000000000000000e+00,2.477334781306884537e+01
1.724537181753850064e+02,0.000000000000000000e+00,2.499524568959235182e+01
1.732364761331071179e+02,0.000000000000000000e+00,2.520956246940995271e+01
1.740206277658246563e+02,0.000000000000000000e+00,2.541808940074297496e+01
1.748058162302795324e+02,0.000000000000000000e+00,2.562205990664375577e+01
1.755917804323140672e+02,0.000000000000000000e+00,2.582242294122161752e+01
1.763782617238279897e+02,0.000000000000000000e+00,2.602017345217783273e+01
1.771651096527365894e+02,0.000000000000000000e+00,2.621591399136027078e+01
1.779520265784058211e+02,0.000000000000000000e+00,2.641086151983934016e+01
1.787387101582067430e+02,0.000000000000000000e+00,2.660626639994645615e+01
1.795249550725520749e+02,0.000000000000000000e+00,2.680298078464767642e+01
1.803107393529564604e+02,0.000000000000000000e+00,2.700111149006612621e+01
1.810972943480000197e+02,0.000000000000000000e+00,2.719576495863914900e+01
1.818839315406980006e+02,0.000000000000000000e+00,2.738971549458618782e+01
1.826702205654177078e+02,0.000000000000000000e+00,2.758472789111437606e+01
1.834558475669085169e+02,0.000000000000000000e+00,2.778207049696366226e+01
1.842402856852317257e+02,0.000000000000000000e+00,2.798379190587760945e+01
1.850228396901647443e+02,0.000000000000000000e+00,2.819243215243551859e+01
1.858009066147133410e+02,0.000000000000000000e+00,2.841698738467323437e+01
1.859608993275146815e+02,0.000000000000000000e+00,2.921078737727752284e+01
1.865259349971518077e+02,0.000000000000000000e+00,2.979077993291682702e+01
1.872631798618228629e+02,0.000000000000000000e+00,3.012554447232174226e+01
1.880713789785319250e+02,0.000000000000000000e+00,3.017405583833568627e+01
1.887622876210112679e+02,0.000000000000000000e+00,2.975199940450878344e+01
1.894996817033005811e+02,0.000000000000000000e+00,3.008625698224287248e+01
1.902083098942113111e+02,0.000000000000000000e+00,3.047781363764375939e+01
1.909043055531948028e+02,0.000000000000000000e+00,3.089140019375098589e+01
1.915910250237887169e+02,0.000000000000000000e+00,3.132020578993416748e+01
1.922720240218243646e+02,0.000000000000000000e+00,3.175803344915283688e+01
1.929497272239370034e+02,0.000000000000000000e+00,3.220094043712438037e+01
1.936848555579755669e+02,0.000000000000000000e+00,3.254010228184738907e+01
1.944699512427935986e+02,0.000000000000000000e+00,3.273775394290278484e+01
1.952713091938711045e+02,0.000000000000000000e+00,3.285292656716857351e+01
1.960758281365117739e+02,0.000000000000000000e+00,3.294340875479673514e+01
1.968774459756509145e+02,0.000000000000000000e+00,3.305674680096880280e+01
1.976716020349120413e+02,0.000000000000000000e+00,3.321407498098252375e+01
1.984562505101832244e+02,0.000000000000000000e+00,3.341348031173774302e+01
1.992321154610694975e+02,0.000000000000000000e+00,3.364471471159127702e+01
2.000017393992234531e+02,0.000000000000000000e+00,3.389594193955581147e+01
2.007688949291598419e+02,0.000000000000000000e+00,3.415460995232309216e+01
2.015370907462971672e+02,0.000000000000000000e+00,3.441017360844144690e+01
2.023079022251417882e+02,0.000000000000000000e+00,3.465773833628565370e+01
2.030813950520468154e+02,0.000000000000000000e+00,3.489679619224635587e+01
2.038569066549838738e+02,0.000000000000000000e+00,3.512922436113191083e+01
2.046335367989958343e+02,0.000000000000000000e+00,3.535789021435564905e+01
2.054112298948875832e+02,0.000000000000000000e+00,3.558291748952604650e+01
2.061889116568428619e+02,0.000000000000000000e+00,3.580798691708709924e+01
2.069659540341586421e+02,0.000000000000000000e+00,3.603525674914536836e+01
2.077419793744595893e+02,0.000000000000000000e+00,3.626597785277315467e+01
2.085168419990824589e+02,0.000000000000000000e+00,3.650057621670154617e+01
2.092943009914512800e+02,0.000000000000000000e+00,3.672642273740842711e+01
2.100716456386990387e+02,0.000000000000000000e+00,3.695266322274033399e+01
2.108475870885463905e+02,0.000000000000000000e+00,3.718367024394882492e+01
2.116218017549112744e+02,0.000000000000000000e+00,3.742039895192827004e+01
2.123947475019936064e+02,0.000000000000000000e+00,3.766123631442295761e+01
2.131618114967344582e+02,0.000000000000000000e+00,3.792019376822984356e+01
2.139251006121782268e+02,0.000000000000000000e+00,3.819007088350144130e+01
2.146862320017431500e+02,0.000000000000000000e+00,3.846596973186949953e+01
2.154462608524590621e+02,0.000000000000000000e+00,3.874488556992925226e+01
2.162056753990000573e+02,0.000000000000000000e+00,3.902546315647899888e+01
2.169637398583869583e+02,0.000000000000000000e+00,3.930966136639329278e+01
2.177196721760845151e+02,0.000000000000000000e+00,3.959947648464574144e+01
2.184709963989551795e+02,0.000000000000000000e+00,3.990103051735819406e+01
2.192118375183733008e+02,0.000000000000000000e+00,4.022748805829399288e+01
2.199656838138438673e+02,0.000000000000000000e+00,4.052267309602188305e+01
2.207263108259645605e+02,0.000000000000000000e+00,4.079991857502950126e+01
2.214897567788563038e+02,0.000000000000000000e+00,4.106930892212032091e+01
2.222542858327657314e+02,0.000000000000000000e+00,4.133561988358717088e+01
2.230189552103016695e+02,0.000000000000000000e+00,4.160154439831497797e+01
2.237833164853155097e+02,0.000000000000000000e+00,4.186837764830001163e+01
2.245472562171282789e+02,0.000000000000000000e+00,4.213644795148414346e+01
2.253113172436158607e+02,0.000000000000000000e+00,4.240421272134089747e+01
2.260756063967401985e+02,0.000000000000000000e+00,4.267137217507286095e+01
2.268402554104283126e+02,0.000000000000000000e+00,4.293755029557942748e+01
2.276052139137613892e+02,0.000000000000000000e+00,4.320288949487849806e+01
2.283697538597481298e+02,0.000000000000000000e+00,4.346948180676385931e+01
2.291405635542995185e+02,0.000000000000000000e+00,4.371740882586927057e+01
2.299101995723155198e+02,0.000000000000000000e+00,4.396898796322300740e+01
2.306739237225341981e+02,0.000000000000000000e+00,4.423798995586401617e+01
