Q20	Q30	M_22	M_32	M_33	EHFB	isInterpolated
0.0	0.0	0.01304	2.659e-09	0.139	-1864.37197	False
0.0	4.0	0.01402	-0.007903	0.1428	-1863.974679	False
0.0	8.0	0.01742	-0.01814	0.1882	-1860.873122	False
0.0	12.0	0.02051	-0.0333	0.1929	-1855.400911	False
0.0	16.0	0.01871	-0.03373	0.09444	-1834.0737	False
0.0	20.0	0.0161	-0.0291	0.1232	-1829.82074	False
0.0	24.0	0.0211	-0.02461	0.05741	-1825.950425	False
0.0	28.0	0.02149	-0.02535	0.0511	-1821.209299	False
0.0	32.0	0.01988	-0.03862	0.09621	-1815.985057	False
0.0	36.0	0.01705	-0.0318	0.08262	-1809.846576	False
0.0	40.0	0.016564777739227488	-0.031123153429904793	0.07771710620772865	-1806.8827936758553	True
0.0	44.0	0.01609314654825722	-0.030146372408544675	0.07322486311700516	-1802.7679476400915	True
0.0	48.0	0.016402812552858137	-0.030779770258544392	0.07375666931595504	-1798.0165118566247	True
0.0	52.0	0.01726773509418189	-0.03269331685802257	0.07650662532668306	-1793.498246272402	True
0.0	56.0	0.017972894650276627	-0.03436430386587652	0.07866826380185898	-1789.2343883195806	True
0.0	60.0	0.01835137472823667	-0.03548724428146466	0.07979681123831384	-1785.1668625213765	True
4.0	0.0	0.01322	-8.68e-09	0.1271	-1864.713293	False
4.0	4.0	0.01459	-0.006161	0.1396	-1863.726671	False
4.0	8.0	0.01661	-0.01894	0.1674	-1860.675575	False
4.0	12.0	0.01862	-0.03273	0.1801	-1856.008075	False
4.0	16.0	0.01921	-0.02658	0.1098	-1840.628801	False
4.0	20.0	0.01496	-0.02662	0.1095	-1832.847	False
4.0	24.0	0.01622	-0.02836	0.06173	-1831.935172	False
4.0	28.0	0.02195	-0.01185	0.1086	-1828.845083	False
4.0	32.0	0.02202	-0.02593	0.0453	-1826.504218	False
4.0	36.0	0.02018	-0.03443	0.08189	-1822.584726	False
4.0	40.0	0.01925	-0.03467	0.07838	-1817.296829	False
4.0	44.0	0.01691	-0.03034	0.06908	-1810.752068	False
4.0	48.0	0.01721233548648482	-0.030969438425179963	0.07099330392276215	-1804.8295373774151	True
4.0	52.0	0.018213118818250384	-0.03314836092563489	0.07458728119091163	-1799.85749459681	True
4.0	56.0	0.01878520312859755	-0.03453272536700691	0.07649403076930028	-1795.16041696241	True
4.0	60.0	0.01892307690017181	-0.03519975665115682	0.07705664329094475	-1790.6525732216237	True
8.0	0.0	0.01351	4.907e-08	0.1139	-1866.085016	False
8.0	4.0	0.01459	-0.007351	0.1336	-1864.399437	False
8.0	8.0	0.01405	-0.01892	0.1504	-1861.082901	False
8.0	12.0	0.01641	-0.02921	0.1642	-1856.348225	False
8.0	16.0	0.01877	-0.01629	0.1431	-1840.914479	False
8.0	20.0	0.01638	-0.02927	0.1122	-1835.442379	False
8.0	24.0	0.01685	-0.02926	0.06119	-1833.958573	False
8.0	28.0	0.02046	-0.01951	0.08992	-1831.452642	False
8.0	32.0	0.0211	-0.02489	0.04375	-1830.002325	False
8.0	36.0	0.02115	-0.02115	0.08145	-1826.170552	False
8.0	40.0	0.02025	-0.03584	0.07803	-1822.564217	False
8.0	44.0	0.01739	-0.03094	0.06738	-1816.660323	False
8.0	48.0	0.01785	-0.0316	0.06911	-1811.103258	False
8.0	52.0	0.01876423703925756	-0.033282581991205706	0.07192066572858735	-1806.1618676150447	True
8.0	56.0	0.019191326955666943	-0.034243673575706346	0.07346696871552894	-1800.9463601414095	True
8.0	60.0	0.019076395038832183	-0.034364609329597506	0.07340375419764555	-1795.9625584038313	True
12.0	0.0	0.01474	-3.346e-09	0.1021	-1868.330534	False
12.0	4.0	0.01458	-0.009218	0.1268	-1865.859833	False
12.0	8.0	0.01285	-0.01801	0.1367	-1861.793888	False
12.0	12.0	0.01545	-0.02593	0.1492	-1856.551338	False
12.0	16.0	0.01583	-0.01752	0.07417	-1841.368326	False
12.0	20.0	0.02095	-0.0333	0.1182	-1836.147139	False
12.0	24.0	0.01663	-0.02848	0.05785	-1835.017377	False
12.0	28.0	0.02155	-0.02579	0.04435	-1833.200994	False
12.0	32.0	0.02099	-0.01638	0.08538	-1832.860898	False
12.0	36.0	0.02138	-0.02501	0.04038	-1830.78514	False
12.0	40.0	0.01908	-0.02906	0.06879	-1826.637331	False
12.0	44.0	0.0202	-0.03479	0.07285	-1823.416642	False
12.0	48.0	0.01657	-0.02858	0.06037	-1817.390645	False
12.0	52.0	0.01824	-0.03164	0.06609	-1812.10109	False
12.0	56.0	0.018467937773078313	-0.032132525275625046	0.06747428797814337	-1806.1010640700874	True
12.0	60.0	0.01852318303977385	-0.03244713911755159	0.0680030130851641	-1800.9221033657666	True
16.0	0.0	0.01618	6.331e-09	0.09255	-1871.317642	False
16.0	4.0	0.01477	-0.01035	0.118	-1868.089636	False
16.0	8.0	0.01343	-0.01771	0.127	-1862.775647	False
16.0	12.0	0.01538	-0.02178	0.1363	-1856.838294	False
16.0	16.0	0.0163	-0.02636	0.1315	-1848.360128	False
16.0	20.0	0.01864	-0.03268	0.1101	-1839.649282	False
16.0	24.0	0.01437	-0.02416	0.04905	-1835.296933	False
16.0	28.0	0.01676	-0.02802	0.05567	-1835.560927	False
16.0	32.0	0.02202	-0.02595	0.04168	-1834.815902	False
16.0	36.0	0.02086	-0.02438	0.03912	-1833.478884	False
16.0	40.0	0.02035	-0.02077	0.071	-1829.71832	False
16.0	44.0	0.01989	-0.03401	0.06991	-1826.031974	False
16.0	48.0	0.01984	-0.03433	0.06954	-1822.123897	False
16.0	52.0	0.01571	-0.02674	0.05548	-1816.302286	False
16.0	56.0	0.01696	-0.02882	0.05981	-1810.777685	False
16.0	60.0	0.017443760546890674	-0.029790185982753403	0.061296807562273514	-1805.8464134699032	True
20.0	0.0	0.01479	4.52e-09	0.0856	-1874.704341	False
20.0	4.0	0.0147	-0.01058	0.1082	-1870.964244	False
20.0	8.0	0.01466	-0.01696	0.1205	-1864.168805	False
20.0	12.0	0.01526	-0.01817	0.1249	-1857.41308	False
20.0	16.0	0.01621	-0.02554	0.1219	-1849.775602	False
20.0	20.0	0.01723	-0.02984	0.1	-1841.666592	False
20.0	24.0	0.01782	-0.03242	0.09623	-1833.745024	False
20.0	28.0	0.01573	-0.02725	0.07856	-1824.985383	False
20.0	32.0	0.01988	-0.02287	0.03818	-1836.261802	False
20.0	36.0	0.02227	-0.02557	0.03952	-1836.038339	False
20.0	40.0	0.02076	-0.02387	0.0366	-1834.026793	False
20.0	44.0	0.01879	-0.02398	0.06207	-1829.762592	False
20.0	48.0	0.02001	-0.03364	0.06693	-1826.686246	False
20.0	52.0	0.01929	-0.03263	0.06456	-1822.367343	False
20.0	56.0	0.01623	-0.02725	0.05442	-1816.808145	False
20.0	60.0	0.01675	-0.02804	0.0562	-1811.052111	False
24.0	0.0	0.01144	-5.457e-09	0.07986	-1877.997555	False
24.0	4.0	0.01388	-0.008331	0.09689	-1874.128827	False
24.0	8.0	0.01713	-0.01674	0.122	-1864.280697	False
24.0	12.0	0.01447	-0.01734	0.1178	-1858.46723	False
24.0	16.0	0.01548	-0.02377	0.113	-1851.33391	False
24.0	20.0	0.01612	-0.02783	0.09526	-1843.644779	False
24.0	24.0	0.01839	-0.03175	0.09479	-1835.686765	False
24.0	28.0	0.01579	-0.02698	0.07862	-1827.879442	False
24.0	32.0	0.01936	-0.02274	0.03703	-1836.961005	False
24.0	36.0	0.02022	-0.02322	0.03577	-1837.714162	False
24.0	40.0	0.02228	-0.02541	0.03777	-1836.559028	False
24.0	44.0	0.01875	-0.02197	0.06021	-1832.894649	False
24.0	48.0	0.01858	-0.0308	0.06085	-1828.377551	False
24.0	52.0	0.02003	-0.03376	0.06546	-1826.041752	False
24.0	56.0	0.01699	-0.02828	0.05551	-1820.91853	False
24.0	60.0	0.01739	-0.02889	0.05672	-1815.983416	False
28.0	0.0	0.01099	-2.917e-09	0.07508	-1880.401974	False
28.0	4.0	0.0137	-0.003776	0.08814	-1876.984393	False
28.0	8.0	0.01451	-0.01204	0.1077	-1868.447418	False
28.0	12.0	0.01442	-0.01866	0.1178	-1859.988097	False
28.0	16.0	0.01426	-0.02086	0.1057	-1852.988723	False
28.0	20.0	0.0168	-0.02722	0.09547	-1845.468855	False
28.0	24.0	0.01697	-0.02793	0.08722	-1837.452107	False
28.0	28.0	0.01774	-0.02016	0.03457	-1835.513265	False
28.0	32.0	0.02149	-0.02543	0.04036	-1837.373079	False
28.0	36.0	0.01882	-0.02153	0.03328	-1838.600419	False
28.0	40.0	0.0207	-0.02331	0.03428	-1838.740296	False
28.0	44.0	0.0224	-0.02483	0.03681	-1836.74543	False
28.0	48.0	0.01778	-0.02381	0.05461	-1832.346226	False
28.0	52.0	0.01916	-0.03169	0.06084	-1828.93075	False
28.0	56.0	0.01978	-0.03284	0.06263	-1826.076133	False
28.0	60.0	0.01588	-0.02595	0.05006	-1820.756488	False
32.0	0.0	0.0121	-1.575e-08	0.07224	-1881.446397	False
32.0	4.0	0.01523	0.002269	0.08509	-1878.931396	False
32.0	8.0	0.01419	-0.008338	0.0964	-1871.131698	False
32.0	12.0	0.01428	-0.01883	0.1144	-1862.064789	False
32.0	16.0	0.01423	-0.01892	0.1028	-1854.746519	False
32.0	20.0	0.01755	-0.0242	0.09208	-1847.264401	False
32.0	24.0	0.01813	-0.02863	0.09685	-1838.219209	False
32.0	28.0	0.01775	-0.02935	0.08388	-1832.181869	False
32.0	32.0	0.0185	-0.02106	0.0335	-1837.606972	False
32.0	36.0	0.02131	-0.0246	0.03688	-1839.044202	False
32.0	40.0	0.01863	-0.02085	0.03099	-1839.824837	False
32.0	44.0	0.02115	-0.02343	0.03349	-1839.091962	False
32.0	48.0	0.01875	-0.02332	0.0545	-1835.93041	False
32.0	52.0	0.01674	-0.02514	0.05011	-1830.956524	False
32.0	56.0	0.01945	-0.032	0.05987	-1829.036659	False
32.0	60.0	0.01924	-0.03148	0.05868	-1825.485963	False
36.0	0.0	0.01689	2.931e-08	0.07147	-1880.948909	False
36.0	4.0	0.01835	0.007856	0.08287	-1879.579025	False
36.0	8.0	0.0143	-0.004335	0.07959	-1873.68861	False
36.0	12.0	0.0136	-0.01604	0.1038	-1864.548024	False
36.0	16.0	0.01483	-0.02128	0.1044	-1856.624179	False
36.0	20.0	0.01643	-0.02122	0.08523	-1849.115726	False
36.0	24.0	0.01869	-0.02937	0.09638	-1839.927573	False
36.0	28.0	0.01648	-0.02625	0.07504	-1833.876491	False
36.0	32.0	0.0168	-0.01842	0.02931	-1837.402952	False
36.0	36.0	0.01936	-0.02186	0.0328	-1839.39786	False
36.0	40.0	0.02081	-0.02339	0.03371	-1840.480349	False
36.0	44.0	0.01866	-0.02048	0.02975	-1840.566907	False
36.0	48.0	0.01896	-0.02289	0.05279	-1838.528062	False
36.0	52.0	0.01667	-0.02422	0.04837	-1834.161121	False
36.0	56.0	0.01819	-0.02972	0.05525	-1830.712962	False
36.0	60.0	0.01959	-0.03195	0.05873	-1828.877136	False
40.0	0.0	0.02317	-1.119e-07	0.06861	-1879.37029	False
40.0	4.0	0.02127	0.004412	0.0753	-1878.944826	False
40.0	8.0	0.01478	-0.002802	0.06622	-1875.530802	False
40.0	12.0	0.01448	-0.01157	0.09354	-1867.22871	False
40.0	16.0	0.01493	-0.02365	0.1022	-1858.649436	False
40.0	20.0	0.01487	-0.02128	0.0737	-1850.543458	False
40.0	24.0	0.01525	-0.02433	0.08041	-1842.819562	False
40.0	28.0	0.01574	-0.0247	0.0699	-1835.4767	False
40.0	32.0	0.01716	-0.02771	0.07193	-1829.606565	False
40.0	36.0	0.01684	-0.01818	0.02734	-1839.217323	False
40.0	40.0	0.02008	-0.02231	0.03191	-1840.820106	False
40.0	44.0	0.02027	-0.02216	0.0309	-1841.520816	False
40.0	48.0	0.01805	-0.01643	0.04513	-1841.016401	False
40.0	52.0	0.01849	-0.02436	0.05028	-1838.382724	False
40.0	56.0	0.01617	-0.02396	0.04582	-1833.830845	False
40.0	60.0	0.01852	-0.02984	0.05417	-1831.428714	False
44.0	0.0	0.01444	6.645e-09	0.06361	-1877.520117	False
44.0	4.0	0.0172	-0.0005135	0.06959	-1877.586487	False
44.0	8.0	0.0176	-0.005124	0.05829	-1876.383687	False
44.0	12.0	0.01714	-0.008609	0.08325	-1869.840623	False
44.0	16.0	0.01395	-0.02208	0.08993	-1860.913018	False
44.0	20.0	0.01446	-0.02587	0.08951	-1852.76011	False
44.0	24.0	0.01452	-0.02309	0.07797	-1844.147001	False
44.0	28.0	0.01544	-0.02451	0.06832	-1837.134756	False
44.0	32.0	0.01494	-0.0151	0.02486	-1837.449202	False
44.0	36.0	0.01732	-0.02793	0.06657	-1825.574482	False
44.0	40.0	0.0171	-0.01823	0.02621	-1840.670473	False
44.0	44.0	0.02067	-0.02253	0.03099	-1841.808727	False
44.0	48.0	0.01981	-0.01671	0.04531	-1841.903308	False
44.0	52.0	0.01635	-0.01992	0.04227	-1840.635861	False
44.0	56.0	0.01757	-0.02489	0.04729	-1837.279572	False
44.0	60.0	0.01648	-0.02617	0.04722	-1832.698194	False
48.0	0.0	0.01453	-1.158e-08	0.05569	-1876.040401	False
48.0	4.0	0.01474	-0.002245	0.05919	-1876.214572	False
48.0	8.0	0.02039	-0.009698	0.05526	-1876.37444	False
48.0	12.0	0.01722	-0.008399	0.06559	-1872.080004	False
48.0	16.0	0.01352	-0.01924	0.07644	-1863.296528	False
48.0	20.0	0.01564	-0.02549	0.08976	-1854.554849	False
48.0	24.0	0.01322	-0.02227	0.07143	-1845.909615	False
48.0	28.0	0.01461	-0.02279	0.06196	-1838.971013	False
48.0	32.0	0.01353	-0.01352	0.0217	-1837.670163	False
48.0	36.0	0.01541	-0.01591	0.02405	-1839.021663	False
48.0	40.0	0.01568	-0.0248	0.05671	-1821.923103	False
48.0	44.0	0.0174	-0.01822	0.02581	-1841.781335	False
48.0	48.0	0.01952	-0.01883	0.04594	-1842.273432	False
48.0	52.0	0.01586	-0.01925	0.0403	-1841.555497	False
48.0	56.0	0.01625	-0.02307	0.04307	-1839.369003	False
48.0	60.0	0.01559	-0.02348	0.04271	-1835.703486	False
52.0	0.0	0.01461	-9.1e-09	0.04758	-1874.881025	False
52.0	4.0	0.01418	-0.00458	0.05183	-1875.068519	False
52.0	8.0	0.014	-0.008334	0.05105	-1875.761103	False
52.0	12.0	0.01388	-0.007834	0.05084	-1873.6559	False
52.0	16.0	0.0152	-0.01931	0.07284	-1865.66586	False
52.0	20.0	0.01683	-0.02154	0.07982	-1856.559276	False
52.0	24.0	0.01655	-0.02266	0.07644	-1848.341597	False
52.0	28.0	0.01387	-0.02066	0.05519	-1841.044499	False
52.0	32.0	0.0165	-0.02551	0.06036	-1835.2721	False
52.0	36.0	0.01356	-0.01348	0.0204	-1839.297333	False
52.0	40.0	0.01624	-0.01688	0.02411	-1840.322617	False
52.0	44.0	0.01705807393519132	-0.01792313429179293	0.02854069334104281	-1841.6757018635806	True
52.0	48.0	0.0159	-0.01692	0.03926	-1842.420627	False
52.0	52.0	0.01715	-0.02113	0.04307	-1842.2512	False
52.0	56.0	0.01402	-0.01972	0.03664	-1840.830495	False
52.0	60.0	0.01633	-0.02443	0.04362	-1838.341768	False
56.0	0.0	0.0137	8.309e-10	0.0418	-1873.816715	False
56.0	4.0	0.01358	-0.004986	0.04491	-1874.081362	False
56.0	8.0	0.01529	-0.01131	0.05184	-1874.791049	False
56.0	12.0	0.0104	-0.006908	0.04729	-1873.868574	False
56.0	16.0	0.01643	-0.01839	0.06992	-1867.882863	False
56.0	20.0	0.01342	-0.007903	0.02582	-1856.580778	False
56.0	24.0	0.01501	-0.008547	0.03472	-1849.253226	False
56.0	28.0	0.01391	-0.02093	0.05535	-1843.294985	False
56.0	32.0	0.0163	-0.02443	0.05652	-1837.137861	False
56.0	36.0	0.01263	-0.01231	0.01891	-1839.194639	False
56.0	40.0	0.01363	-0.01343	0.01937	-1840.723831	False
56.0	44.0	0.01723	-0.0179	0.02445	-1841.464342	False
56.0	48.0	0.01465	-0.01474	0.035	-1842.419503	False
56.0	52.0	0.01545	-0.018	0.03746	-1843.234776	False
56.0	56.0	0.01667	-0.02116	0.0407	-1842.73972	False
56.0	60.0	0.01407	-0.02004	0.03608	-1841.243144	False
60.0	0.0	0.01149	1.636e-08	0.03757	-1872.674894	False
60.0	4.0	0.01193	-0.00439	0.04006	-1872.968516	False
60.0	8.0	0.01457	-0.009974	0.04725	-1873.800262	False
60.0	12.0	0.01609	-0.01176	0.0465	-1874.296881	False
60.0	16.0	0.01599	-0.01365	0.05255	-1869.866461	False
60.0	20.0	0.01599	-0.006062	0.024	-1857.608161	False
60.0	24.0	0.01615	-0.006131	0.03412	-1851.866282	False
60.0	28.0	0.01462	-0.02361	0.0616	-1845.690216	False
60.0	32.0	0.01542	-0.02203	0.05072	-1839.186265	False
60.0	36.0	0.01675	-0.02499	0.05507	-1834.118628	False
60.0	40.0	0.01268	-0.01227	0.0179	-1840.632102	False
60.0	44.0	0.01361	-0.01328	0.01846	-1841.857682	False
60.0	48.0	0.013933693857510976	-0.012873474405256768	0.028984244750784427	-1842.4248667330883	True
60.0	52.0	0.01353	-0.01569	0.03256	-1843.009776	False
60.0	56.0	0.01517	-0.01876	0.03626	-1843.358922	False
60.0	60.0	0.01444	-0.01999	0.03579	-1842.373916	False
64.0	0.0	0.009852	5.803e-08	0.03433	-1871.538441	False
64.0	4.0	0.01052	-0.003994	0.0369	-1871.749904	False
64.0	8.0	0.01244	-0.00759	0.04286	-1872.627746	False
64.0	12.0	0.01903	-0.0152	0.05531	-1873.059021	False
64.0	16.0	0.01941	-0.01688	0.05011	-1870.839529	False
64.0	20.0	0.01677	-0.02287	0.07012	-1864.084436	False
64.0	24.0	0.01792	-0.005784	0.02473	-1853.714715	False
64.0	28.0	0.01317	-0.01898	0.03501	-1845.940905	False
64.0	32.0	0.01458	-0.02092	0.04932	-1841.394321	False
64.0	36.0	0.01714	-0.02443	0.0525	-1835.863213	False
64.0	40.0	0.01156	-0.01094	0.01634	-1840.163172	False
64.0	44.0	0.01267	-0.01213	0.01705	-1841.828471	False
64.0	48.0	0.01436	-0.009511	0.02862	-1842.615475	False
64.0	52.0	0.01645	-0.01991	0.04035	-1842.461037	False
64.0	56.0	0.01343	-0.0166	0.03212	-1843.091634	False
64.0	60.0	0.01498	-0.02048	0.03657	-1842.86631	False
68.0	0.0	0.008757	-2.62e-09	0.03348	-1871.387153	False
68.0	4.0	0.009276	-0.003846	0.03627	-1871.014154	False
68.0	8.0	0.01065	-0.00657	0.04105	-1871.369201	False
68.0	12.0	0.01588	-0.01156	0.05141	-1872.200137	False
68.0	16.0	0.02022	-0.01625	0.04533	-1872.133202	False
68.0	20.0	0.03617	-0.04527	0.09625	-1865.393314	False
68.0	24.0	0.01871	-0.006867	0.02185	-1855.624086	False
68.0	28.0	0.01549	-0.007875	0.03015	-1850.113682	False
68.0	32.0	0.01424	-0.02199	0.05306	-1843.766574	False
68.0	36.0	0.01625	-0.02246	0.04815	-1837.737941	False
68.0	40.0	0.01039	-0.00959	0.01494	-1839.433567	False
68.0	44.0	0.01166	-0.01075	0.01593	-1841.47728	False
68.0	48.0	0.01328	-0.008554	0.02639	-1842.878179	False
68.0	52.0	0.01251	-0.01106	0.02893	-1843.362004	False
68.0	56.0	0.01484	-0.01862	0.03525	-1843.112675	False
68.0	60.0	0.01351	-0.01669	0.03115	-1843.690492	False
72.0	0.0	0.009017	-1.718e-09	0.03222	-1872.260633	False
72.0	4.0	0.008778	-0.003223	0.03449	-1871.252167	False
72.0	8.0	0.009255	-0.006048	0.03988	-1870.360468	False
72.0	12.0	0.01339	-0.008697	0.04804	-1870.639139	False
72.0	16.0	0.00576	-0.003872	0.03775	-1872.066824	False
72.0	20.0	0.04359	-0.0363	0.06061	-1867.827693	False
72.0	24.0	0.0181	-0.02841	0.07493	-1861.728878	False
72.0	28.0	0.01785	-0.00755	0.02385	-1852.047046	False
72.0	32.0	0.01395	-0.02259	0.05476	-1846.207735	False
72.0	36.0	0.01476	-0.02074	0.04564	-1839.805193	False
72.0	40.0	0.01654	-0.02287	0.04746	-1834.732153	False
72.0	44.0	0.01084	-0.006833	0.02334	-1840.73035	False
72.0	48.0	0.01112	-0.00851	0.02528	-1842.492248	False
72.0	52.0	0.01095	-0.01054	0.02569	-1843.464966	False
72.0	56.0	0.0116	-0.01321	0.02753	-1843.393777	False
72.0	60.0	0.01177	-0.01587	0.02828	-1843.17319	False
76.0	0.0	0.009846	-2.017e-08	0.03109	-1873.517241	False
76.0	4.0	0.00879	-0.002682	0.03237	-1872.031347	False
76.0	8.0	0.008518	-0.005389	0.03821	-1869.838433	False
76.0	12.0	0.01067	-0.008621	0.0421	-1870.183417	False
76.0	16.0	0.01752	-0.01368	0.04388	-1871.461274	False
76.0	20.0	0.03262	-0.02106	0.04266	-1869.567386	False
76.0	24.0	0.02062	-0.02668	0.06278	-1864.318676	False
76.0	28.0	0.02074	-0.009721	0.0221	-1853.190044	False
76.0	32.0	0.01348	-0.02092	0.05017	-1848.630498	False
76.0	36.0	0.01371	-0.02038	0.04631	-1842.028602	False
76.0	40.0	0.0155	-0.02128	0.0438	-1836.44998	False
76.0	44.0	0.00953	-0.006355	0.02196	-1839.872659	False
76.0	48.0	0.009807	-0.007922	0.02251	-1841.909722	False
76.0	52.0	0.01012	-0.009787	0.02331	-1843.412436	False
76.0	56.0	0.0103	-0.01122	0.0238	-1844.068327	False
76.0	60.0	0.01079	-0.01227	0.02443	-1843.445526	False
80.0	0.0	0.01032	-5.165e-09	0.02992	-1874.92081	False
80.0	4.0	0.009206	-0.002354	0.03063	-1873.106934	False
80.0	8.0	0.008654	-0.004125	0.0353	-1869.846153	False
80.0	12.0	0.009925	-0.007475	0.03879	-1869.137672	False
80.0	16.0	0.01422	-0.01091	0.04344	-1869.828054	False
80.0	20.0	0.02625	-0.01738	0.03822	-1870.229093	False
80.0	24.0	0.02068	-0.02099	0.04144	-1866.588022	False
80.0	28.0	0.0174	-0.009379	0.02151	-1853.580474	False
80.0	32.0	0.01623	-0.02143	0.04757	-1849.536989	False
80.0	36.0	0.01359	-0.02005	0.04583	-1844.357148	False
80.0	40.0	0.01428	-0.01959	0.04099	-1838.37678	False
80.0	44.0	0.01501	-0.0204	0.04169	-1833.818589	False
80.0	48.0	0.007865	-0.01172	0.02266	-1839.012694	False
80.0	52.0	0.009049	-0.008923	0.0211	-1842.764153	False
80.0	56.0	0.009533	-0.0105	0.02205	-1843.844082	False
80.0	60.0	0.009941	-0.01153	0.02284	-1843.946892	False
84.0	0.0	0.01064	-7.716e-09	0.02881	-1876.334986	False
84.0	4.0	0.009914	-0.002124	0.03003	-1874.260572	False
84.0	8.0	0.009391	-0.003073	0.03185	-1870.29665	False
84.0	12.0	0.009248	-0.006642	0.03528	-1868.448808	False
84.0	16.0	0.009958	-0.01042	0.03903	-1869.160963	False
84.0	20.0	0.02032	-0.0133	0.03531	-1869.764062	False
84.0	24.0	0.009627	-0.01003	0.02945	-1868.126158	False
84.0	28.0	0.01838	-0.02209	0.04919	-1861.870705	False
84.0	32.0	0.01445	-0.02009	0.04583	-1853.854748	False
84.0	36.0	0.01385	-0.01871	0.04192	-1846.80341	False
84.0	40.0	0.01377	-0.01876	0.04015	-1840.567821	False
84.0	44.0	0.009307	-0.00869	0.01344	-1838.39837	False
84.0	48.0	0.01461	-0.01972	0.03962	-1831.824577	False
84.0	52.0	0.007803	-0.01143	0.02136	-1840.446303	False
84.0	56.0	0.0126	-0.0213	0.04206	-1841.793619	False
84.0	60.0	0.01185	-0.0196	0.03787	-1843.459423	False
88.0	0.0	0.01111	-6.468e-09	0.02781	-1877.720216	False
88.0	4.0	0.01102	-0.001677	0.02994	-1875.376018	False
88.0	8.0	0.009862	-0.002863	0.02873	-1871.020099	False
88.0	12.0	0.008142	-0.005879	0.03159	-1868.119578	False
88.0	16.0	0.009528	-0.01002	0.03679	-1867.93326	False
88.0	20.0	0.01743	-0.01194	0.03743	-1868.45393	False
88.0	24.0	0.008504	-0.008502	0.02737	-1868.836141	False
88.0	28.0	0.01583	-0.01534	0.03232	-1864.126702	False
88.0	32.0	0.0155	-0.02076	0.04685	-1856.674206	False
88.0	36.0	0.01337	-0.01739	0.03789	-1849.40846	False
88.0	40.0	0.01355	-0.01837	0.03942	-1843.044858	False
88.0	44.0	0.01115730788689906	-0.01129290422123952	0.025017508411401934	-1839.2091053039785	True
88.0	48.0	0.00937	-0.006141	0.02125	-1839.47328	False
88.0	52.0	0.01285	-0.01928	0.04535	-1839.337296	False
88.0	56.0	0.012266794582907359	-0.02118148759330185	0.04271294979515261	-1841.402439756247	True
88.0	60.0	0.008253	-0.01151	0.02015	-1842.6657	False
92.0	0.0	0.01208	2.452e-09	0.027	-1879.006407	False
92.0	4.0	0.01225	-0.001013	0.02847	-1876.536144	False
92.0	8.0	0.009397	-0.00362	0.02709	-1871.929179	False
92.0	12.0	0.007327	-0.005273	0.02824	-1868.177412	False
92.0	16.0	0.008916	-0.009014	0.03353	-1867.017454	False
92.0	20.0	0.008804	-0.00957	0.03497	-1868.141921	False
92.0	24.0	0.0075	-0.007305	0.02603	-1868.551026	False
92.0	28.0	0.009228	-0.009528	0.02587	-1865.511288	False
92.0	32.0	0.01497	-0.01743	0.03787	-1859.495136	False
92.0	36.0	0.01356	-0.01845	0.03918	-1852.169653	False
92.0	40.0	0.01259	-0.01722	0.03661	-1845.764614	False
92.0	44.0	0.01324	-0.01802	0.0362	-1839.719818	False
92.0	48.0	0.009784380390507552	-0.009329150869143987	0.0221764045022379	-1841.2808964616054	True
92.0	52.0	0.008207	-0.007056	0.01917	-1840.409786	False
92.0	56.0	0.0115	-0.01922	0.0379	-1842.278232	False
92.0	60.0	0.01254	-0.02089	0.04011	-1843.890573	False
96.0	0.0	0.01383	2.179e-08	0.02643	-1879.958865	False
96.0	4.0	0.01246	-0.001367	0.02647	-1877.598629	False
96.0	8.0	0.008754	-0.004492	0.02659	-1872.829686	False
96.0	12.0	0.007323	-0.005057	0.02551	-1868.529514	False
96.0	16.0	0.008121	-0.00768	0.0297	-1866.470887	False
96.0	20.0	0.008387	-0.009396	0.03299	-1866.841253	False
96.0	24.0	0.01284	-0.0114	0.02996	-1867.722083	False
96.0	28.0	0.007953	-0.007939	0.02353	-1866.305575	False
96.0	32.0	0.01344	-0.01225	0.0259	-1862.104169	False
96.0	36.0	0.01436	-0.01967	0.04055	-1854.98668	False
96.0	40.0	0.007533	-0.01047	0.01729	-1850.045457	False
96.0	44.0	0.008841	-0.01228	0.01965	-1849.121337	False
96.0	48.0	0.01007	-0.01395	0.02193	-1846.751866	False
96.0	52.0	0.01039	-0.01424	0.02252	-1843.378625	False
96.0	56.0	0.007546	-0.007453	0.01728	-1841.139797	False
96.0	60.0	0.007184	-0.007607	0.01601	-1842.427974	False
100.0	0.0	0.01333	1.476e-08	0.02572	-1880.583982	False
100.0	4.0	0.01095	-0.002455	0.02496	-1878.44625	False
100.0	8.0	0.008652	-0.004742	0.02532	-1873.685478	False
100.0	12.0	0.008072	-0.005229	0.02346	-1869.108398	False
100.0	16.0	0.007806	-0.006709	0.02605	-1866.2976	False
100.0	20.0	0.008867	-0.009423	0.0305	-1865.738954	False
100.0	24.0	0.009851	-0.009751	0.02996	-1866.622918	False
100.0	28.0	0.006621	-0.006508	0.02216	-1866.387561	False
100.0	32.0	0.01213	-0.009717	0.02207	-1863.938535	False
100.0	36.0	0.01326	-0.01666	0.03331	-1857.834426	False
100.0	40.0	0.01433	-0.01916	0.0372	-1851.442305	False
100.0	44.0	0.007743	-0.0106	0.0171	-1850.586939	False
100.0	48.0	0.009093	-0.01245	0.01962	-1849.285852	False
100.0	52.0	0.01034	-0.0141	0.02205	-1846.538224	False
100.0	56.0	0.009802	-0.009614	0.02447	-1842.580394	False
100.0	60.0	0.0159	-0.02117	0.04434	-1842.107947	False
104.0	0.0	0.01099	6.673e-09	0.02446	-1880.852037	False
104.0	4.0	0.009764	-0.002834	0.0235	-1878.953837	False
104.0	8.0	0.00922	-0.004613	0.02315	-1874.461459	False
104.0	12.0	0.008968	-0.005437	0.02205	-1869.80671	False
104.0	16.0	0.00819	-0.00638	0.02326	-1866.4421	False
104.0	20.0	0.008915	-0.008941	0.02762	-1864.982886	False
104.0	24.0	0.008907	-0.009399	0.02898	-1865.472517	False
104.0	28.0	0.006496	-0.006099	0.02179	-1865.680786	False
104.0	32.0	0.01034	-0.00965	0.02229	-1865.305996	False
104.0	36.0	0.01172	-0.009998	0.02404	-1859.886922	False
104.0	40.0	0.01453	-0.01931	0.03719	-1854.292063	False
104.0	44.0	0.006894	-0.00924	0.01505	-1851.266289	False
104.0	48.0	0.007924	-0.01065	0.01688	-1851.0732	False
104.0	52.0	0.009274	-0.01246	0.01939	-1849.425755	False
104.0	56.0	0.009963	-0.009999	0.02426	-1845.358306	False
104.0	60.0	0.01479	-0.01888	0.04094	-1842.76096	False
108.0	0.0	0.009801	-7.994e-09	0.02283	-1880.78515	False
108.0	4.0	0.009542	-0.002656	0.02175	-1879.095625	False
108.0	8.0	0.009473	-0.004267	0.02117	-1875.133062	False
108.0	12.0	0.0081	-0.004965	0.02106	-1870.627345	False
108.0	16.0	0.007819	-0.005747	0.02094	-1866.922487	False
108.0	20.0	0.008317	-0.007979	0.02468	-1864.619775	False
108.0	24.0	0.00909	-0.009387	0.02729	-1864.478278	False
108.0	28.0	0.009633	-0.009243	0.02484	-1864.763143	False
108.0	32.0	0.00894	-0.009348	0.0227	-1865.419615	False
108.0	36.0	0.007472	-0.005557	0.01828	-1862.727825	False
108.0	40.0	0.01194	-0.01502	0.0295	-1857.041493	False
108.0	44.0	0.01482	-0.01906	0.03486	-1851.076313	False
108.0	48.0	0.01003	-0.009603	0.02571	-1851.078283	False
108.0	52.0	0.009986	-0.01002	0.0244	-1850.063867	False
108.0	56.0	0.01017	-0.01015	0.02426	-1848.275031	False
108.0	60.0	0.01373	-0.01719	0.03795	-1843.104616	False
112.0	0.0	0.009432	7.945e-09	0.02129	-1880.477223	False
112.0	4.0	0.008889	-0.002235	0.01994	-1879.027729	False
112.0	8.0	0.008021	-0.003718	0.01969	-1875.76942	False
112.0	12.0	0.007127	-0.004482	0.02014	-1871.54535	False
112.0	16.0	0.006694	-0.004852	0.01923	-1867.692104	False
112.0	20.0	0.007413	-0.006933	0.0222	-1864.636055	False
112.0	24.0	0.008299	-0.008434	0.02485	-1863.767988	False
112.0	28.0	0.009457	-0.009153	0.02443	-1863.822048	False
112.0	32.0	0.007819	-0.008523	0.02266	-1864.427627	False
112.0	36.0	0.008975	-0.008332	0.01961	-1864.764728	False
112.0	40.0	0.009141	-0.007788	0.01983	-1858.706168	False
112.0	44.0	0.01505	-0.01924	0.035	-1853.953254	False
112.0	48.0	0.01171	-0.007041	0.02968	-1852.343026	False
112.0	52.0	0.01002	-0.009604	0.02417	-1851.989368	False
112.0	56.0	0.01002	-0.01016	0.02332	-1850.781573	False
112.0	60.0	0.01431	-0.0186	0.03958	-1843.793151	False
116.0	0.0	0.009212	1.847e-08	0.02046	-1880.102518	False
116.0	4.0	0.007309	-0.001814	0.01858	-1878.914364	False
116.0	8.0	0.007366	-0.00333	0.01846	-1876.308531	False
116.0	12.0	0.00672	-0.004195	0.01887	-1872.493861	False
116.0	16.0	0.006037	-0.00441	0.01835	-1868.56049	False
116.0	20.0	0.006638	-0.006093	0.02027	-1865.005361	False
116.0	24.0	0.007331	-0.007348	0.02248	-1863.360066	False
116.0	28.0	0.008514	-0.008352	0.023	-1863.040027	False
116.0	32.0	0.0092	-0.008581	0.02134	-1863.236888	False
116.0	36.0	0.008139	-0.008013	0.01927	-1865.098562	False
116.0	40.0	0.008967	-0.008332	0.01868	-1862.17993	False
116.0	44.0	0.01171	-0.01356	0.02548	-1856.709932	False
116.0	48.0	0.01411	-0.01761	0.03137	-1850.894006	False
116.0	52.0	0.01187	-0.006996	0.02829	-1853.30481	False
116.0	56.0	0.01009	-0.009546	0.02317	-1852.775364	False
116.0	60.0	0.01171	-0.01371	0.03124	-1844.851083	False
120.0	0.0	0.01025	1.656e-08	0.02206	-1879.338353	False
120.0	4.0	0.006714	-0.001564	0.0174	-1878.721325	False
120.0	8.0	0.007035	-0.003081	0.01736	-1876.73138	False
120.0	12.0	0.006535	-0.004038	0.01775	-1873.389009	False
120.0	16.0	0.005719	-0.004216	0.01779	-1869.433899	False
120.0	20.0	0.006078	-0.005426	0.01868	-1865.625629	False
120.0	24.0	0.006758	-0.006628	0.02052	-1863.258185	False
120.0	28.0	0.007287	-0.007327	0.02135	-1862.461969	False
120.0	32.0	0.008662	-0.008344	0.02119	-1862.380877	False
120.0	36.0	0.007257	-0.007351	0.01873	-1864.301564	False
120.0	40.0	0.008617	-0.008102	0.01818	-1864.006073	False
120.0	44.0	0.01074	-0.01093	0.01958	-1859.102308	False
120.0	48.0	0.01521	-0.01865	0.03215	-1853.796314	False
120.0	52.0	0.01169	-0.01001	0.01282	-1854.048591	False
120.0	56.0	0.01271	-0.01092	0.01351	-1854.161483	False
120.0	60.0	0.01027	-0.009416	0.02271	-1853.485089	False
124.0	0.0	0.009442	-5.041e-09	0.02106	-1879.475844	False
124.0	4.0	0.006482	-0.001418	0.01626	-1878.472625	False
124.0	8.0	0.006783	-0.002892	0.01641	-1877.045519	False
124.0	12.0	0.006543	-0.003905	0.01683	-1874.204466	False
124.0	16.0	0.005792	-0.004139	0.01701	-1870.318079	False
124.0	20.0	0.005746	-0.004939	0.01746	-1866.378558	False
124.0	24.0	0.006292	-0.006044	0.01884	-1863.430262	False
124.0	28.0	0.006567	-0.006682	0.01994	-1862.102464	False
124.0	32.0	0.007757	-0.007653	0.02013	-1861.662033	False
124.0	36.0	0.01344	-0.01239	0.02302	-1862.654898	False
124.0	40.0	0.007654	-0.007459	0.01757	-1864.529793	False
124.0	44.0	0.008578	-0.00808	0.01747	-1861.184395	False
124.0	48.0	0.01446	-0.01485	0.02453	-1856.472479	False
124.0	52.0	0.009815	-0.008272	0.01106	-1854.128013	False
124.0	56.0	0.01189	-0.01009	0.01243	-1854.971339	False
124.0	60.0	0.01265	-0.006191	0.02689	-1854.973491	False
128.0	0.0	0.00865	1.008e-08	0.02017	-1879.584061	False
128.0	4.0	0.006254	-0.001316	0.01528	-1878.178758	False
128.0	8.0	0.006591	-0.002677	0.01561	-1877.272749	False
128.0	12.0	0.006614	-0.003738	0.01605	-1874.936635	False
128.0	16.0	0.006045	-0.004101	0.01611	-1871.212485	False
128.0	20.0	0.005639	-0.004651	0.01655	-1867.209646	False
128.0	24.0	0.005872	-0.00552	0.01742	-1863.851872	False
128.0	28.0	0.006298	-0.006349	0.0187	-1861.975799	False
128.0	32.0	0.006778	-0.006866	0.01894	-1861.167587	False
128.0	36.0	0.007376	-0.007929	0.01956	-1861.573181	False
128.0	40.0	0.006544	-0.006554	0.01682	-1863.94667	False
128.0	44.0	0.008094	-0.007663	0.01689	-1863.119006	False
128.0	48.0	0.01204	-0.01175	0.01896	-1858.842754	False
128.0	52.0	0.01461	-0.01718	0.02834	-1853.728042	False
128.0	56.0	0.009933	-0.008304	0.01066	-1855.036235	False
128.0	60.0	0.012	-0.01009	0.01201	-1855.762268	False
132.0	0.0	0.007878	6.618e-09	0.01933	-1879.667565	False
132.0	4.0	0.007271	-0.001941	0.01942	-1876.917716	False
132.0	8.0	0.006366	-0.002424	0.01496	-1877.421066	False
132.0	12.0	0.006573	-0.003498	0.01538	-1875.590432	False
132.0	16.0	0.006167	-0.004009	0.01534	-1872.154348	False
132.0	20.0	0.005629	-0.004465	0.01578	-1868.086335	False
132.0	24.0	0.005596	-0.005115	0.01627	-1864.496898	False
132.0	28.0	0.006082	-0.006011	0.01747	-1862.080355	False
132.0	32.0	0.006019	-0.006176	0.01777	-1860.875293	False
132.0	36.0	0.007183	-0.007121	0.01864	-1860.853524	False
132.0	40.0	0.008982	-0.008474	0.01852	-1862.47784	False
132.0	44.0	0.006939	-0.006773	0.01607	-1863.810633	False
132.0	48.0	0.008318	-0.007508	0.01672	-1860.223654	False
132.0	52.0	0.01585	-0.01624	0.02447	-1856.419398	False
132.0	56.0	0.008734	-0.005816	0.01647	-1854.606063	False
132.0	60.0	0.0105	-0.006395	0.01528	-1855.86602	False
136.0	0.0	0.007234	-9.871e-09	0.01855	-1879.711844	False
136.0	4.0	0.006074	-0.001539	0.01665	-1877.949376	False
136.0	8.0	0.006065	-0.002144	0.01441	-1877.536102	False
136.0	12.0	0.006402	-0.003202	0.01481	-1876.186874	False
136.0	16.0	0.006168	-0.003858	0.01475	-1873.065425	False
136.0	20.0	0.005635	-0.0043	0.01502	-1868.994452	False
136.0	24.0	0.005524	-0.00488	0.01545	-1865.249074	False
136.0	28.0	0.005807	-0.005585	0.01626	-1862.373291	False
136.0	32.0	0.005601	-0.005687	0.01666	-1860.741335	False
136.0	36.0	0.006614	-0.006519	0.01747	-1860.260208	False
136.0	40.0	0.0069	-0.007508	0.01786	-1861.373218	False
136.0	44.0	0.005852	-0.005834	0.0153	-1863.405438	False
136.0	48.0	0.007464	-0.007122	0.01595	-1862.204815	False
136.0	52.0	0.01354	-0.01377	0.02057	-1858.525182	False
136.0	56.0	0.01389	-0.01529	0.02393	-1853.783759	False
136.0	60.0	0.01243	-0.01423	0.02338	-1848.365028	False
140.0	0.0	0.006764	-4.592e-09	0.01783	-1879.703834	False
140.0	4.0	0.006162	-0.001508	0.01618	-1878.085951	False
140.0	8.0	0.005834	-0.001891	0.01399	-1877.62482	False
140.0	12.0	0.006236	-0.002906	0.01433	-1876.744678	False
140.0	16.0	0.006119	-0.003665	0.01428	-1873.951791	False
140.0	20.0	0.005643	-0.004148	0.01432	-1869.9507	False
140.0	24.0	0.005542	-0.004732	0.01483	-1866.073107	False
140.0	28.0	0.005544	-0.005139	0.01511	-1862.894852	False
140.0	32.0	0.005455	-0.005382	0.01563	-1860.79125	False
140.0	36.0	0.005961	-0.005949	0.01638	-1859.852674	False
140.0	40.0	0.006483	-0.006466	0.01725	-1860.468586	False
140.0	44.0	0.006108	-0.005875	0.01554	-1862.112132	False
140.0	48.0	0.006235	-0.006166	0.01491	-1863.026225	False
140.0	52.0	0.0085	-0.006674	0.01621	-1859.37719	False
140.0	56.0	0.01527	-0.01584	0.02296	-1856.35004	False
140.0	60.0	0.0074	-0.006039	0.01875	-1853.290371	False
144.0	0.0	0.006372	7.984e-09	0.01717	-1879.670173	False
144.0	4.0	0.006132	-0.001393	0.01559	-1878.277089	False
144.0	8.0	0.005764	-0.001714	0.01371	-1877.752348	False
144.0	12.0	0.00613	-0.002634	0.0139	-1877.293938	False
144.0	16.0	0.006071	-0.003451	0.01387	-1874.846991	False
144.0	20.0	0.005654	-0.004006	0.01377	-1870.944047	False
144.0	24.0	0.005546	-0.004577	0.01423	-1866.971675	False
144.0	28.0	0.005471	-0.004849	0.01422	-1863.579508	False
144.0	32.0	0.005441	-0.005185	0.01471	-1861.033897	False
144.0	36.0	0.005454	-0.005466	0.01539	-1859.655273	False
144.0	40.0	0.006764	-0.006179	0.01639	-1859.874125	False
144.0	44.0	0.00687	-0.007257	0.01642	-1861.168342	False
144.0	48.0	0.005277	-0.005266	0.01411	-1862.780419	False
144.0	52.0	0.006736	-0.006581	0.01517	-1861.429227	False
144.0	56.0	0.01333	-0.0141	0.02058	-1858.158285	False
144.0	60.0	0.004823	-0.006824	0.01622	-1855.006467	False
148.0	0.0	0.006062	-6.767e-11	0.01658	-1879.595137	False
148.0	4.0	0.006061	-0.001251	0.015	-1878.468125	False
148.0	8.0	0.006134	-0.001766	0.01378	-1877.989592	False
148.0	12.0	0.006111	-0.002419	0.01353	-1877.842527	False
148.0	16.0	0.006057	-0.003262	0.01352	-1875.752057	False
148.0	20.0	0.005629	-0.003866	0.01332	-1871.976542	False
148.0	24.0	0.005528	-0.004434	0.01366	-1867.944854	False
148.0	28.0	0.005511	-0.004696	0.01358	-1864.404872	False
148.0	32.0	0.005477	-0.005045	0.01393	-1861.475709	False
148.0	36.0	0.005152	-0.005101	0.01446	-1859.662042	False
148.0	40.0	0.006435	-0.005766	0.01549	-1859.406865	False
148.0	44.0	0.007953755228574888	-0.007643399767881753	0.01689275563247694	-1860.857749308716	True
148.0	48.0	0.00773	-0.007544	0.01567	-1861.948167	False
148.0	52.0	0.005609	-0.005719	0.01406	-1862.348507	False
148.0	56.0	0.009628	-0.009942	0.01673	-1859.62302	False
148.0	60.0	0.004763	-0.006935	0.01671	-1857.000843	False
152.0	0.0	0.005766	3.334e-09	0.01604	-1879.499818	False
152.0	4.0	0.005961	-0.001107	0.01443	-1878.646869	False
152.0	8.0	0.00647	-0.00181	0.01371	-1878.402318	False
152.0	12.0	0.006638	-0.002208	0.01443	-1877.318932	False
152.0	16.0	0.006069	-0.00312	0.01324	-1876.63043	False
152.0	20.0	0.005604	-0.003753	0.01297	-1872.982318	False
152.0	24.0	0.005474	-0.004314	0.01318	-1868.949919	False
152.0	28.0	0.005529	-0.004601	0.01312	-1865.278871	False
152.0	32.0	0.005589	-0.004986	0.01335	-1862.06816	False
152.0	36.0	0.005094	-0.00493	0.0137	-1859.805084	False
152.0	40.0	0.005811	-0.005323	0.01471	-1859.028749	False
152.0	44.0	0.006698	-0.005862	0.01537	-1859.68218	False
152.0	48.0	0.007345	-0.007658	0.0159	-1860.91913	False
152.0	52.0	0.004831	-0.004936	0.01332	-1862.19589	False
152.0	56.0	0.01086	-0.01135	0.01905	-1861.367275	False
152.0	60.0	0.01109	-0.01244	0.02294	-1857.601652	False
156.0	0.0	0.005506	1.238e-09	0.01555	-1879.380273	False
156.0	4.0	0.005876	-0.0009903	0.0139	-1878.807259	False
156.0	8.0	0.006524	-0.001762	0.01343	-1878.892405	False
156.0	12.0	0.006131	-0.002209	0.01299	-1878.945766	False
156.0	16.0	0.00602	-0.003008	0.01298	-1877.545058	False
156.0	20.0	0.005507	-0.003623	0.01266	-1874.057914	False
156.0	24.0	0.005323	-0.004162	0.01272	-1870.056244	False
156.0	28.0	0.005406	-0.00447	0.0127	-1866.268541	False
156.0	32.0	0.005607	-0.004882	0.01284	-1862.872986	False
156.0	36.0	0.005189	-0.00488	0.01306	-1860.212948	False
156.0	40.0	0.005298	-0.004971	0.01388	-1858.883829	False
156.0	44.0	0.00238	-0.0006822	0.007787	-1854.147746	False
156.0	48.0	0.003239	-0.002734	0.01199	-1860.713352	False
156.0	52.0	0.003851	-0.003486	0.01334	-1865.218574	False
156.0	56.0	0.009092	-0.01296	0.03286	-1864.996327	False
156.0	60.0	0.01163	-0.01099	0.01853	-1860.037674	False
160.0	0.0	0.005266	1.266e-08	0.01512	-1879.251041	False
160.0	4.0	0.005757	-0.001152	0.01532	-1877.77554	False
160.0	8.0	0.006416	-0.001687	0.01312	-1879.387353	False
160.0	12.0	0.005936	-0.002202	0.0129	-1879.484931	False
160.0	16.0	0.005893	-0.002927	0.01275	-1878.448896	False
160.0	20.0	0.005397	-0.003502	0.0124	-1875.154383	False
160.0	24.0	0.00517	-0.004016	0.01233	-1871.192488	False
160.0	28.0	0.005251	-0.004335	0.01229	-1867.36154	False
160.0	32.0	0.005454	-0.0047	0.0124	-1863.796388	False
160.0	36.0	0.005296	-0.004841	0.01252	-1860.821695	False
160.0	40.0	0.005159	-0.004891	0.01316	-1858.943092	False
160.0	44.0	0.00623	-0.005227	0.01412	-1858.896745	False
160.0	48.0	0.003419	-0.003374	0.01356	-1859.328631	False
160.0	52.0	0.003186	-0.002545	0.01118	-1865.261525	False
160.0	56.0	0.005966	-0.006996	0.01948	-1867.406829	False
160.0	60.0	0.009301	-0.01499	0.03518	-1865.635602	False
164.0	0.0	0.005062	3.509e-09	0.01473	-1879.115667	False
164.0	4.0	0.005536	-0.001018	0.01491	-1877.795025	False
164.0	8.0	0.006178	-0.001596	0.01281	-1879.856792	False
164.0	12.0	0.005741	-0.002216	0.01287	-1880.044308	False
164.0	16.0	0.005723	-0.002879	0.01259	-1879.281997	False
164.0	20.0	0.005321	-0.003398	0.01217	-1876.266606	False
164.0	24.0	0.005071	-0.00389	0.01198	-1872.346588	False
164.0	28.0	0.005162	-0.004218	0.01194	-1868.53475	False
164.0	32.0	0.005255	-0.004515	0.01202	-1864.81395	False
164.0	36.0	0.005151	-0.004599	0.01193	-1861.619607	False
164.0	40.0	0.005154	-0.004892	0.01254	-1859.250844	False
164.0	44.0	0.005551	-0.004883	0.01353	-1858.708383	False
164.0	48.0	0.002232	-0.0006724	0.00702	-1858.15872	False
164.0	52.0	0.003075	-0.002611	0.01097	-1864.362824	False
164.0	56.0	0.003825	-0.003494	0.01282	-1868.602215	False
164.0	60.0	0.007904	-0.01058	0.0268	-1868.415044	False
168.0	0.0	0.004892	4.692e-09	0.01437	-1878.981714	False
168.0	4.0	0.00554	-0.0007735	0.01255	-1879.184917	False
168.0	8.0	0.005862	-0.001495	0.01254	-1880.269647	False
168.0	12.0	0.00559	-0.002141	0.01263	-1880.663475	False
168.0	16.0	0.00564	-0.002889	0.01255	-1880.030971	False
168.0	20.0	0.005368	-0.003335	0.01195	-1877.353278	False
168.0	24.0	0.005706	-0.004094	0.01327	-1872.45082	False
168.0	28.0	0.005049	-0.004078	0.01164	-1869.768362	False
168.0	32.0	0.005193	-0.004422	0.01173	-1865.926645	False
168.0	36.0	0.004801	-0.004208	0.01134	-1862.56833	False
168.0	40.0	0.00501	-0.004722	0.0119	-1859.786406	False
168.0	44.0	0.005245	-0.004714	0.01287	-1858.662476	False
168.0	48.0	0.008064	0.00627	0.01715	-1856.672752	False
168.0	52.0	0.01168	0.001558	0.02177	-1862.860224	False
168.0	56.0	0.003104	-0.002517	0.01059	-1868.601755	False
168.0	60.0	0.006035	-0.007172	0.01919	-1870.701269	False
172.0	0.0	0.004758	1.479e-09	0.01405	-1878.854593	False
172.0	4.0	0.005292	-0.0007051	0.01217	-1879.290488	False
172.0	8.0	0.005477	-0.001381	0.01228	-1880.627477	False
172.0	12.0	0.005495	-0.002042	0.01234	-1881.278708	False
172.0	16.0	0.005744	-0.00288	0.01242	-1880.751498	False
172.0	20.0	0.005591	-0.003338	0.01176	-1878.365386	False
172.0	24.0	0.005737	-0.00399	0.01299	-1873.610305	False
172.0	28.0	0.0049	-0.003948	0.0114	-1870.998809	False
172.0	32.0	0.005157	-0.004364	0.01152	-1867.118369	False
172.0	36.0	0.004672	-0.003975	0.01094	-1863.608278	False
172.0	40.0	0.004655	-0.004328	0.0112	-1860.553489	False
172.0	44.0	0.00506	-0.004515	0.01202	-1858.823067	False
172.0	48.0	0.007781	0.007256	0.01506	-1855.527997	False
172.0	52.0	0.01167	-0.004253	0.03838	-1861.622548	False
172.0	56.0	0.01291	0.003425	0.01958	-1867.259086	False
172.0	60.0	0.00374	-0.003381	0.01218	-1871.760617	False
176.0	0.0	0.004647	-8.04e-09	0.01376	-1878.754896	False
176.0	4.0	0.004975	-0.000626	0.01184	-1879.374188	False
176.0	8.0	0.005128	-0.001274	0.01203	-1880.920584	False
176.0	12.0	0.005507	-0.001978	0.01207	-1881.855286	False
176.0	16.0	0.006174	-0.002837	0.01203	-1881.50219	False
176.0	20.0	0.005904	-0.003382	0.01162	-1879.326031	False
176.0	24.0	0.006238	-0.003832	0.01284	-1874.524452	False
176.0	28.0	0.004741	-0.003838	0.01119	-1872.215354	False
176.0	32.0	0.00496	-0.004238	0.01129	-1868.381838	False
176.0	36.0	0.004848	-0.003987	0.01074	-1864.708089	False
176.0	40.0	0.004311	-0.003919	0.01061	-1861.504869	False
176.0	44.0	0.004753	-0.004206	0.01115	-1859.20531	False
176.0	48.0	0.007703	0.007642	0.01423	-1854.438145	False
176.0	52.0	0.007549	0.005146	0.01645	-1860.348095	False
176.0	56.0	0.01082	0.001296	0.01957	-1866.366883	False
176.0	60.0	0.003007	-0.002479	0.01003	-1871.688714	False
180.0	0.0	0.004527	5.463e-09	0.01349	-1878.696044	False
180.0	4.0	0.004613	-0.0005434	0.01151	-1879.461414	False
180.0	8.0	0.004811	-0.001175	0.01175	-1881.165636	False
180.0	12.0	0.003136	-0.001144	0.01288	-1881.985029	False
180.0	16.0	0.007017	-0.002958	0.01166	-1882.244965	False
180.0	20.0	0.006111	-0.003358	0.01141	-1880.244424	False
180.0	24.0	0.004913	-0.003497	0.01084	-1876.813222	False
180.0	28.0	0.005147	-0.003871	0.01271	-1872.13946	False
180.0	32.0	0.004682	-0.004057	0.01104	-1869.650791	False
180.0	36.0	0.00492	-0.004051	0.01067	-1865.855257	False
180.0	40.0	0.004269	-0.003725	0.01025	-1862.572973	False
180.0	44.0	0.004475	-0.003981	0.01052	-1859.816867	False
180.0	48.0	0.00495	-0.004025	0.01125	-1858.778882	False
180.0	52.0	0.007128	0.006205	0.01397	-1859.196493	False
180.0	56.0	0.006656	-0.001546	0.01608	-1865.547215	False
180.0	60.0	0.01193	0.002845	0.01764	-1870.520601	False
184.0	0.0	0.004397	-7.461e-09	0.01323	-1878.665824	False
184.0	4.0	0.004287	-0.0004733	0.01122	-1879.525873	False
184.0	8.0	0.00455	-0.001098	0.01147	-1881.333504	False
184.0	12.0	0.005834	-0.002074	0.01151	-1882.745658	False
184.0	16.0	0.008004	-0.003191	0.01138	-1882.938979	False
184.0	20.0	0.006103	-0.003185	0.01102	-1881.121125	False
184.0	24.0	0.004789	-0.003381	0.01067	-1877.824275	False
184.0	28.0	0.005318	-0.003737	0.01287	-1873.095666	False
184.0	32.0	0.004456	-0.003875	0.01077	-1870.866025	False
184.0	36.0	0.004763	-0.004087	0.01067	-1867.032564	False
184.0	40.0	0.004483	-0.003729	0.01007	-1863.67951	False
184.0	44.0	0.004278	-0.003854	0.01013	-1860.620117	False
184.0	48.0	0.004474	-0.003623	0.01032	-1859.083896	False
184.0	52.0	0.001674	0.0001628	0.004247	-1858.15982	False
184.0	56.0	0.00615	-0.000467	0.01712	-1864.539811	False
184.0	60.0	0.009925	0.0009515	0.01748	-1869.60943	False
188.0	0.0	0.003883	-4.282e-08	0.01097	-1878.515942	False
188.0	4.0	0.004048	-0.0004203	0.01099	-1879.549238	False
188.0	8.0	0.004341	-0.00104	0.01119	-1881.444052	False
188.0	12.0	0.006233	-0.002273	0.01125	-1883.06243	False
188.0	16.0	0.008588	-0.00331	0.01111	-1883.572733	False
188.0	20.0	0.005901	-0.00294	0.01059	-1881.989232	False
188.0	24.0	0.004681	-0.003301	0.0106	-1878.812511	False
188.0	28.0	0.004526	-0.003561	0.01042	-1875.48639	False
188.0	32.0	0.004319	-0.00372	0.01049	-1872.030063	False
188.0	36.0	0.004609	-0.004109	0.01065	-1868.242671	False
188.0	40.0	0.004544	-0.003721	0.009929	-1864.829717	False
188.0	44.0	0.004162	-0.003739	0.009829	-1861.615838	False
188.0	48.0	0.004238	-0.003506	0.009853	-1859.572071	False
188.0	52.0	0.004772	0.004453	0.008394	-1857.565011	False
188.0	56.0	0.005598295899039263	-0.00010823777551971503	0.012588328846107721	-1861.4557007232731	True
188.0	60.0	0.006123	-0.001461	0.01457	-1868.860812	False
192.0	0.0	0.003926	6.024e-11	0.009708	-1878.656968	False
192.0	4.0	0.003869	-0.0003793	0.0108	-1879.542797	False
192.0	8.0	0.00418	-0.0009983	0.01094	-1881.488379	False
192.0	12.0	0.006545	-0.002446	0.01095	-1883.287005	False
192.0	16.0	0.008544	-0.003217	0.01079	-1884.131505	False
192.0	20.0	0.005687	-0.002738	0.01025	-1882.807408	False
192.0	24.0	0.004627	-0.003211	0.01048	-1879.761908	False
192.0	28.0	0.004473	-0.003437	0.01012	-1876.410632	False
192.0	32.0	0.004267	-0.003607	0.01022	-1873.094136	False
192.0	36.0	0.004528	-0.004041	0.01049	-1869.417521	False
192.0	40.0	0.00431	-0.00361	0.0098	-1865.965305	False
192.0	44.0	0.004209	-0.003704	0.009645	-1862.700615	False
192.0	48.0	0.0043	-0.003631	0.009697	-1860.188341	False
192.0	52.0	0.001365	0.0008886	0.002569	-1856.983577	False
192.0	56.0	0.005494	-0.004004	0.01094	-1859.047777	False
192.0	60.0	0.005687	-0.0004417	0.01572	-1867.916914	False
196.0	0.0	0.003648	4.273e-09	0.009309	-1878.882461	False
196.0	4.0	0.003733	-0.0003519	0.01067	-1879.556877	False
196.0	8.0	0.004013	-0.0009568	0.01069	-1881.509695	False
196.0	12.0	0.006261	-0.002329	0.01053	-1883.453852	False
196.0	16.0	0.007804	-0.002896	0.01042	-1884.606841	False
196.0	20.0	0.005409	-0.002549	0.009957	-1883.567332	False
196.0	24.0	0.00455	-0.00305	0.01019	-1880.737549	False
196.0	28.0	0.004362	-0.003322	0.00989	-1877.282785	False
196.0	32.0	0.004233	-0.003489	0.009884	-1874.104084	False
196.0	36.0	0.004399	-0.003844	0.01018	-1870.536437	False
196.0	40.0	0.004143	-0.003504	0.009678	-1867.102921	False
196.0	44.0	0.0042	-0.003653	0.00951	-1863.84146	False
196.0	48.0	0.004417	-0.00381	0.009609	-1860.978396	False
196.0	52.0	0.004229	-0.003006	0.009152	-1859.529188	False
196.0	56.0	0.003031	-0.003275	0.01122	-1861.911539	False
196.0	60.0	0.006003	0.0007076	0.0165	-1867.038962	False
200.0	0.0	0.003465	-8.906e-08	0.01038	-1878.602636	False
200.0	4.0	0.003662	-0.0003368	0.01061	-1879.590791	False
200.0	8.0	0.003857	-0.0009099	0.01047	-1881.519635	False
200.0	12.0	0.005369	-0.001895	0.01002	-1883.578225	False
200.0	16.0	0.006857	-0.00251	0.01005	-1884.982433	False
200.0	20.0	0.005152	-0.002379	0.009675	-1884.242795	False
200.0	24.0	0.004478	-0.002873	0.009833	-1881.699461	False
200.0	28.0	0.004276	-0.00328	0.009767	-1878.125517	False
200.0	32.0	0.004218	-0.003382	0.009544	-1875.051967	False
200.0	36.0	0.004225	-0.003632	0.00984	-1871.598531	False
200.0	40.0	0.004304	-0.00348	0.009574	-1868.216185	False
200.0	44.0	0.00396	-0.003502	0.009363	-1865.003136	False
200.0	48.0	0.004378	-0.003861	0.009465	-1861.905354	False
200.0	52.0	0.004274	-0.003308	0.009177	-1860.03479	False
200.0	56.0	0.002892	-0.003167	0.01143	-1860.883018	False
200.0	60.0	0.005002	-0.0004105	0.01409	-1866.265315	False
204.0	0.0	0.003294	-2.053e-09	0.008816	-1879.345492	False
204.0	4.0	0.003655	-0.00034	0.01057	-1879.664146	False
204.0	8.0	0.003723	-0.0008561	0.0103	-1881.531012	False
204.0	12.0	0.004541	-0.001491	0.009595	-1883.664723	False
204.0	16.0	0.00589	-0.002136	0.0097	-1885.278011	False
204.0	20.0	0.004914	-0.002231	0.009414	-1884.830428	False
204.0	24.0	0.004453	-0.002727	0.009499	-1882.604481	False
204.0	28.0	0.00422	-0.003219	0.009566	-1879.004259	False
204.0	32.0	0.004188	-0.003287	0.009252	-1875.956437	False
204.0	36.0	0.004078	-0.003473	0.009486	-1872.617445	False
204.0	40.0	0.004489	-0.003424	0.009445	-1869.298797	False
204.0	44.0	0.003697	-0.003322	0.009204	-1866.149415	False
204.0	48.0	0.004098	-0.003699	0.009227	-1862.955039	False
204.0	52.0	0.004399	-0.00368	0.0093	-1860.68289	False
204.0	56.0	0.004425	-0.00258	0.008559	-1859.712501	False
204.0	60.0	0.00282	-0.003038	0.01017	-1865.471294	False
208.0	0.0	0.003298	-2.729e-09	0.008563	-1879.545915	False
208.0	4.0	0.003668	-0.0003538	0.01051	-1879.784213	False
208.0	8.0	0.00363	-0.0008069	0.01017	-1881.566621	False
208.0	12.0	0.003981	-0.001231	0.009247	-1883.711479	False
208.0	16.0	0.005098	-0.00184	0.009387	-1885.498136	False
208.0	20.0	0.004667	-0.002105	0.009172	-1885.331062	False
208.0	24.0	0.004445	-0.002614	0.009209	-1883.451517	False
208.0	28.0	0.004186	-0.003103	0.009251	-1879.921822	False
208.0	32.0	0.004139	-0.003225	0.009058	-1876.812811	False
208.0	36.0	0.004	-0.003355	0.009117	-1873.611418	False
208.0	40.0	0.00443	-0.003332	0.009292	-1870.35489	False
208.0	44.0	0.003731	-0.003226	0.009053	-1867.26463	False
208.0	48.0	0.003736	-0.003459	0.009003	-1864.080506	False
208.0	52.0	0.004398	-0.00381	0.009229	-1861.482717	False
208.0	56.0	0.004548	-0.002628	0.008424	-1860.124423	False
208.0	60.0	0.003466	-0.00166	0.01086	-1864.450827	False
212.0	0.0	0.003257	-6.582e-09	0.008289	-1879.748545	False
212.0	4.0	0.003684	-0.0003711	0.01045	-1879.933829	False
212.0	8.0	0.003584	-0.0007743	0.01005	-1881.638135	False
212.0	12.0	0.003644	-0.001088	0.008948	-1883.712809	False
212.0	16.0	0.004513	-0.001632	0.00912	-1885.640641	False
212.0	20.0	0.00444	-0.002014	0.008954	-1885.752479	False
212.0	24.0	0.004437	-0.002537	0.00897	-1884.225533	False
212.0	28.0	0.004185	-0.002983	0.008935	-1880.870572	False
212.0	32.0	0.004098	-0.003199	0.008928	-1877.647876	False
212.0	36.0	0.003961	-0.003264	0.008784	-1874.587865	False
212.0	40.0	0.004243	-0.003285	0.009124	-1871.363356	False
212.0	44.0	0.00401	-0.003203	0.008932	-1868.344967	False
212.0	48.0	0.003443	-0.003251	0.00883	-1865.224072	False
212.0	52.0	0.004217	-0.003702	0.008998	-1862.399439	False
212.0	56.0	0.004616	-0.002971	0.008608	-1860.603572	False
212.0	60.0	0.004445	-0.002476	0.008161	-1860.022056	False
216.0	0.0	0.003114	4.023e-09	0.00801	-1879.957835	False
216.0	4.0	0.003697	-0.0003881	0.01039	-1880.097426	False
216.0	8.0	0.00359	-0.0007594	0.009977	-1881.730506	False
216.0	12.0	0.00346	-0.001022	0.008679	-1883.679983	False
216.0	16.0	0.004135	-0.001504	0.008895	-1885.720428	False
216.0	20.0	0.004285	-0.001964	0.008772	-1886.109083	False
216.0	24.0	0.004428	-0.002485	0.008769	-1884.913993	False
216.0	28.0	0.004201	-0.002892	0.008683	-1881.827648	False
216.0	32.0	0.004052	-0.003156	0.008732	-1878.51151	False
216.0	36.0	0.003945	-0.003205	0.008549	-1875.5268	False
216.0	40.0	0.004084	-0.003271	0.008884	-1872.370627	False
216.0	44.0	0.004224	-0.003189	0.008826	-1869.433805	False
216.0	48.0	0.003342	-0.003131	0.008666	-1866.381858	False
216.0	52.0	0.00389	-0.003475	0.008736	-1863.411789	False
216.0	56.0	0.004441	-0.003585	0.008893	-1861.256757	False
216.0	60.0	0.003542	-0.003683	0.01377	-1864.300491	False
220.0	0.0	0.003461	4.928e-09	0.01063	-1879.715968	False
220.0	4.0	0.003673	-0.000399	0.0103	-1880.294306	False
220.0	8.0	0.00358	-0.0007594	0.009879	-1881.879375	False
220.0	12.0	0.003338	-0.0009907	0.008409	-1883.642654	False
220.0	16.0	0.003853	-0.001415	0.008682	-1885.75427	False
220.0	20.0	0.004186	-0.001932	0.00861	-1886.426145	False
220.0	24.0	0.004395	-0.002439	0.008588	-1885.511413	False
220.0	28.0	0.004226	-0.002832	0.008502	-1882.743189	False
220.0	32.0	0.00401	-0.003068	0.00844	-1879.385908	False
220.0	36.0	0.003894	-0.003147	0.008369	-1876.456003	False
220.0	40.0	0.003993	-0.003233	0.008576	-1873.360585	False
220.0	44.0	0.004309	-0.003223	0.008759	-1870.479132	False
220.0	48.0	0.00351	-0.003158	0.008563	-1867.485518	False
220.0	52.0	0.00352	-0.00324	0.008521	-1864.470581	False
220.0	56.0	0.003649	-0.003158	0.01381	-1864.540267	False
220.0	60.0	0.003335	-0.003267	0.01263	-1865.396498	False
224.0	0.0	0.003409	-1.826e-08	0.01048	-1879.940627	False
224.0	4.0	0.003626	-0.0004048	0.01019	-1880.508136	False
224.0	8.0	0.003566	-0.0007684	0.009785	-1882.054177	False
224.0	12.0	0.003233	-0.0009675	0.008134	-1883.612159	False
224.0	16.0	0.003659	-0.001357	0.00848	-1885.760263	False
224.0	20.0	0.00414	-0.001907	0.008466	-1886.71654	False
224.0	24.0	0.004337	-0.002381	0.008407	-1886.059198	False
224.0	28.0	0.004239	-0.002788	0.008361	-1883.609013	False
224.0	32.0	0.003959	-0.002961	0.008129	-1880.272299	False
224.0	36.0	0.00384	-0.00309	0.008204	-1877.37975	False
224.0	40.0	0.003888	-0.003135	0.008233	-1874.365116	False
224.0	44.0	0.004295	-0.003244	0.008638	-1871.523383	False
224.0	48.0	0.00383	-0.003287	0.008525	-1868.572946	False
224.0	52.0	0.003937	-0.00454	0.01549	-1866.004585	False
224.0	56.0	0.004218	-0.005315	0.01658	-1865.537423	False
224.0	60.0	0.003287	-0.003098	0.01223	-1866.562309	False
228.0	0.0	0.003353	-4.781e-09	0.01034	-1880.17778	False
228.0	4.0	0.003565	-0.0004043	0.01009	-1880.729363	False
228.0	8.0	0.003541	-0.0007815	0.00969	-1882.247864	False
228.0	12.0	0.003113	-0.0009292	0.007849	-1883.602538	False
228.0	16.0	0.003516	-0.001312	0.008289	-1885.733831	False
228.0	20.0	0.004107	-0.00188	0.008334	-1886.966264	False
228.0	24.0	0.004288	-0.002315	0.008237	-1886.557426	False
228.0	28.0	0.004233	-0.002747	0.008233	-1884.428975	False
228.0	32.0	0.003916	-0.002872	0.00788	-1881.13302	False
228.0	36.0	0.003801	-0.003017	0.007992	-1878.305798	False
228.0	40.0	0.003782	-0.003027	0.00796	-1875.347508	False
228.0	44.0	0.004173	-0.003162	0.008392	-1872.576834	False
228.0	48.0	0.004104	-0.003403	0.008479	-1869.669776	False
228.0	52.0	0.003399	-0.00319	0.008334	-1866.642769	False
228.0	56.0	0.004219	-0.003723	0.01647	-1867.473974	False
228.0	60.0	0.003356	-0.003085	0.01247	-1867.786253	False
232.0	0.0	0.0033	-7.577e-10	0.01022	-1880.418519	False
232.0	4.0	0.003486	-0.0004016	0.009969	-1880.972324	False
232.0	8.0	0.003506	-0.000795	0.009594	-1882.455142	False
232.0	12.0	0.002975	-0.0008729	0.007549	-1883.627133	False
232.0	16.0	0.003388	-0.001271	0.0081	-1885.703083	False
232.0	20.0	0.004046	-0.001844	0.0082	-1887.175987	False
232.0	24.0	0.004237	-0.002246	0.008082	-1887.021279	False
232.0	28.0	0.004222	-0.002705	0.008099	-1885.205843	False
232.0	32.0	0.003847	-0.002787	0.007689	-1881.953141	False
232.0	36.0	0.003769	-0.002916	0.007724	-1879.234396	False
232.0	40.0	0.003687	-0.002945	0.00776	-1876.320316	False
232.0	44.0	0.003982	-0.002988	0.008068	-1873.620262	False
232.0	48.0	0.004187	-0.003367	0.008324	-1870.789602	False
232.0	52.0	0.003689	-0.003377	0.008321	-1867.770587	False
232.0	56.0	0.004338	-0.005742	0.01769	-1869.103062	False
232.0	60.0	0.003501	-0.00317	0.01304	-1869.124013	False
236.0	0.0	0.003223	-1.024e-08	0.01007	-1880.687431	False
236.0	4.0	0.003382	-0.0003957	0.00983	-1881.235682	False
236.0	8.0	0.003439	-0.0008077	0.009468	-1882.690176	False
236.0	12.0	0.002837	-0.0008053	0.007239	-1883.69583	False
236.0	16.0	0.003273	-0.001231	0.007929	-1885.658947	False
236.0	20.0	0.00392	-0.001787	0.008046	-1887.346641	False
236.0	24.0	0.004138	-0.002167	0.007914	-1887.462361	False
236.0	28.0	0.004181	-0.002636	0.00793	-1885.949662	False
236.0	32.0	0.003737	-0.002696	0.007545	-1882.741629	False
236.0	36.0	0.003709	-0.002788	0.007437	-1880.157111	False
236.0	40.0	0.003619	-0.002896	0.007593	-1877.286391	False
236.0	44.0	0.003782	-0.002795	0.007729	-1874.664051	False
236.0	48.0	0.004092	-0.003179	0.008057	-1871.921599	False
236.0	52.0	0.003877	-0.003456	0.008228	-1868.91112	False
236.0	56.0	0.0038	-0.004544	0.01475	-1870.678978	False
236.0	60.0	0.003712	-0.003326	0.01399	-1870.49023	False
240.0	0.0	0.003166	-2.489e-08	0.009956	-1880.953004	False
240.0	4.0	0.003304	-0.0003883	0.009726	-1881.479237	False
240.0	8.0	0.003388	-0.0008171	0.009367	-1882.909355	False
240.0	12.0	0.002731	-0.0007393	0.006932	-1883.807924	False
240.0	16.0	0.003223	-0.00122	0.007905	-1885.623058	False
240.0	20.0	0.003769	-0.001724	0.007893	-1887.478237	False
240.0	24.0	0.004056	-0.00211	0.007782	-1887.847105	False
240.0	28.0	0.004141	-0.002555	0.007754	-1886.65235	False
240.0	32.0	0.003683	-0.002658	0.007512	-1883.559763	False
240.0	36.0	0.003636	-0.00267	0.007206	-1881.042985	False
240.0	40.0	0.003573	-0.002842	0.007401	-1878.284901	False
240.0	44.0	0.003626	-0.002667	0.007475	-1875.680134	False
240.0	48.0	0.003954	-0.00295	0.007774	-1873.061516	False
240.0	52.0	0.003835	-0.003327	0.007992	-1870.10339	False
240.0	56.0	0.003573	-0.004028	0.0135	-1872.032944	False
240.0	60.0	0.003961	-0.003624	0.01513	-1871.941259	False
244.0	0.0	0.003109	-9.777e-09	0.009844	-1881.223335	False
244.0	4.0	0.003212	-0.0003788	0.009611	-1881.722152	False
244.0	8.0	0.003331	-0.0008223	0.00926	-1883.116779	False
244.0	12.0	0.002668	-0.0006785	0.006646	-1883.941504	False
244.0	16.0	0.003114289472742282	-0.001143228432378074	0.007406477031973502	-1885.706256196674	True
244.0	20.0	0.003633	-0.001667	0.007763	-1887.539034	False
244.0	24.0	0.003966	-0.002063	0.007661	-1888.167382	False
244.0	28.0	0.004098	-0.002461	0.007581	-1887.288049	False
244.0	32.0	0.003719	-0.002653	0.00747	-1884.436979	False
244.0	36.0	0.00353	-0.002558	0.00702	-1881.85789	False
244.0	40.0	0.003517	-0.002753	0.00716	-1879.272879	False
244.0	44.0	0.003487	-0.002592	0.007276	-1876.637529	False
244.0	48.0	0.003817	-0.00275	0.007514	-1874.183753	False
244.0	52.0	0.003727	-0.003125	0.00771	-1871.313071	False
244.0	56.0	0.003539	-0.003711	0.01298	-1873.123705	False
244.0	60.0	0.004154	-0.005256	0.01647	-1873.490571	False
248.0	0.0	0.003078	4.707e-08	0.009761	-1881.523006	False
248.0	4.0	0.003129	-0.0003706	0.009503	-1881.999193	False
248.0	8.0	0.003262	-0.0008242	0.009133	-1883.359574	False
248.0	12.0	0.003846	-0.001266	0.008868	-1884.959445	False
248.0	16.0	0.003446	-0.001294	0.008296	-1885.995981	False
248.0	20.0	0.003487	-0.001614	0.007628	-1887.609229	False
248.0	24.0	0.004021	-0.00174	0.00823	-1887.748429	False
248.0	28.0	0.004392	-0.00237	0.008308	-1887.246244	False
248.0	32.0	0.003771	-0.002623	0.007362	-1885.339669	False
248.0	36.0	0.0034	-0.002459	0.006879	-1882.614773	False
248.0	40.0	0.003454	-0.002652	0.006934	-1880.238123	False
248.0	44.0	0.003375	-0.002567	0.007116	-1877.565183	False
248.0	48.0	0.003702	-0.002605	0.007318	-1875.269561	False
248.0	52.0	0.003686	-0.002958	0.00748	-1872.510893	False
248.0	56.0	0.008941	0.001834	0.01833	-1874.073032	False
248.0	60.0	0.003667	-0.004498	0.01399	-1875.047307	False
252.0	0.0	0.003102	-1.227e-07	0.009708	-1881.861171	False
252.0	4.0	0.003049	-0.0003621	0.009398	-1882.300471	False
252.0	8.0	0.003185	-0.0008222	0.008995	-1883.610236	False
252.0	12.0	0.003732	-0.001242	0.00873	-1885.225018	False
252.0	16.0	0.0035520733281803885	-0.0014118874998097497	0.008289369493496679	-1886.498938497139	True
252.0	20.0	0.003364	-0.001575	0.007519	-1887.675347	False
252.0	24.0	0.003831	-0.001607	0.008068	-1887.956072	False
252.0	28.0	0.004215	-0.002191	0.008043	-1887.847341	False
252.0	32.0	0.003783	-0.002551	0.007215	-1886.206238	False
252.0	36.0	0.003273	-0.00239	0.006786	-1883.327253	False
252.0	40.0	0.003377	-0.002557	0.006757	-1881.127647	False
252.0	44.0	0.003334	-0.002591	0.006978	-1878.473397	False
252.0	48.0	0.003567	-0.002503	0.007165	-1876.283559	False
252.0	52.0	0.003687	-0.002815	0.0073	-1873.670981	False
252.0	56.0	0.009284	0.002596	0.01918	-1875.009709	False
252.0	60.0	0.00344	-0.003988	0.01278	-1876.386435	False
256.0	0.0	0.003049	1.227e-09	0.005629	-1884.189143	False
256.0	4.0	0.002848	-0.0002365	0.005771	-1884.123161	False
256.0	8.0	0.002559	-0.0003724	0.005883	-1884.273753	False
256.0	12.0	0.003607	-0.001213	0.008584	-1885.500018	False
256.0	16.0	0.003435	-0.001305	0.008264	-1886.671974	False
256.0	20.0	0.003312	-0.001581	0.007516	-1887.768735	False
256.0	24.0	0.003662	-0.00149	0.00795	-1888.095728	False
256.0	28.0	0.004027	-0.002011	0.007821	-1888.356492	False
256.0	32.0	0.003748	-0.002447	0.007055	-1887.04037	False
256.0	36.0	0.00318	-0.002346	0.006715	-1884.071524	False
256.0	40.0	0.00329	-0.002476	0.006629	-1881.961516	False
256.0	44.0	0.00332	-0.002572	0.006755	-1879.415932	False
256.0	48.0	0.003398	-0.002421	0.007003	-1877.251043	False
256.0	52.0	0.003671	-0.002669	0.007144	-1874.813707	False
256.0	56.0	0.008006	0.001582	0.01805	-1875.947122	False
256.0	60.0	0.003324	-0.00376	0.01221	-1877.477671	False
260.0	0.0	0.00307	4.048e-10	0.005492	-1884.695111	False
260.0	4.0	0.002874	-0.0002036	0.005596	-1884.55113	False
260.0	8.0	0.002526	-0.0003796	0.005758	-1884.563351	False
260.0	12.0	0.00348	-0.001184	0.008442	-1885.770363	False
260.0	16.0	0.003412	-0.001312	0.008211	-1887.028111	False
260.0	20.0	0.003323	-0.001609	0.007652	-1887.928403	False
260.0	24.0	0.003502	-0.001383	0.007876	-1888.173891	False
260.0	28.0	0.003849	-0.001844	0.007643	-1888.760951	False
260.0	32.0	0.004136	-0.002393	0.007898	-1886.938204	False
260.0	36.0	0.003128	-0.002302	0.006649	-1884.846564	False
260.0	40.0	0.00321	-0.002411	0.006534	-1882.744944	False
260.0	44.0	0.003271	-0.002502	0.006522	-1880.339049	False
260.0	48.0	0.003238	-0.002376	0.006855	-1878.144532	False
260.0	52.0	0.003608	-0.002526	0.007015	-1875.894005	False
260.0	56.0	0.005686	-0.0006516	0.0154	-1876.882163	False
260.0	60.0	0.007855	0.0008187	0.01637	-1878.391157	False
264.0	0.0	0.003046	1.068e-09	0.005356	-1885.165195	False
264.0	4.0	0.002869	-0.0001746	0.005422	-1884.979239	False
264.0	8.0	0.002519	-0.0003918	0.005643	-1884.848461	False
264.0	12.0	0.003357	-0.001155	0.008306	-1886.037983	False
264.0	16.0	0.00337	-0.001317	0.008129	-1887.38821	False
264.0	20.0	0.003357	-0.001615	0.007771	-1888.19722	False
264.0	24.0	0.003351	-0.001283	0.007867	-1888.208681	False
264.0	28.0	0.003681	-0.001692	0.007494	-1889.083786	False
264.0	32.0	0.003967	-0.002229	0.007678	-1887.746742	False
264.0	36.0	0.003117	-0.002269	0.006616	-1885.66015	False
264.0	40.0	0.003178	-0.002376	0.006465	-1883.492555	False
264.0	44.0	0.003209	-0.002438	0.006356	-1881.221448	False
264.0	48.0	0.003144	-0.002377	0.006737	-1878.996195	False
264.0	52.0	0.003478	-0.002396	0.006881	-1876.922343	False
264.0	56.0	0.004513	-0.001726	0.01395	-1877.758099	False
264.0	60.0	0.008812	0.002168	0.01777	-1879.289816	False
268.0	0.0	0.002984	-2.35e-09	0.005225	-1885.608369	False
268.0	4.0	0.002832	-0.0001552	0.005264	-1885.395374	False
268.0	8.0	0.002526	-0.0004049	0.005542	-1885.107626	False
268.0	12.0	0.003234	-0.001126	0.00817	-1886.311028	False
268.0	16.0	0.003319	-0.001318	0.00803	-1887.734148	False
268.0	20.0	0.003391	-0.001615	0.007821	-1888.544288	False
268.0	24.0	0.003472	-0.001853	0.007047	-1889.604662	False
268.0	28.0	0.00354	-0.001554	0.007369	-1889.328718	False
268.0	32.0	0.003811	-0.002091	0.007511	-1888.447854	False
268.0	36.0	0.003147	-0.002278	0.006618	-1886.51946	False
268.0	40.0	0.003173	-0.002354	0.006393	-1884.224884	False
268.0	44.0	0.003151	-0.002402	0.006264	-1882.051902	False
268.0	48.0	0.003091	-0.002341	0.006516	-1879.841611	False
268.0	52.0	0.003307	-0.002294	0.006734	-1877.885093	False
268.0	56.0	0.004707	-0.001259	0.01421	-1878.602386	False
268.0	60.0	0.008033	0.001701	0.01729	-1880.181414	False
272.0	0.0	0.002904	-1.526e-09	0.005105	-1886.028837	False
272.0	4.0	0.003195	-0.001904	0.01579	-1886.978937	False
272.0	8.0	0.003415	-0.002774	0.01436	-1883.75186	False
272.0	12.0	0.003115	-0.001099	0.008038	-1886.588875	False
272.0	16.0	0.003254	-0.001314	0.007914	-1888.06841	False
272.0	20.0	0.003418	-0.001618	0.007824	-1888.928572	False
272.0	24.0	0.003411	-0.00182	0.007046	-1889.882079	False
272.0	28.0	0.00342	-0.001427	0.007263	-1889.511566	False
272.0	32.0	0.003672	-0.001973	0.007382	-1889.043428	False
272.0	36.0	0.003191	-0.002285	0.006598	-1887.38189	False
272.0	40.0	0.00316	-0.002334	0.006312	-1884.935488	False
272.0	44.0	0.003121	-0.002393	0.00621	-1882.849306	False
272.0	48.0	0.00304	-0.002251	0.006202	-1880.666609	False
272.0	52.0	0.003159	-0.002257	0.006621	-1878.779355	False
272.0	56.0	0.004627	-0.001112	0.01421	-1879.416906	False
272.0	60.0	0.006239	6.115e-05	0.01541	-1881.066407	False
276.0	0.0	0.002808	2.229e-09	0.004997	-1886.442297	False
276.0	4.0	0.003158	-0.001908	0.01567	-1888.596865	False
276.0	8.0	0.003477	-0.003063	0.01509	-1885.430633	False
276.0	12.0	0.003017	-0.001076	0.007924	-1886.858913	False
276.0	16.0	0.003184	-0.001307	0.007793	-1888.383557	False
276.0	20.0	0.003442	-0.001625	0.007801	-1889.320035	False
276.0	24.0	0.003346	-0.001773	0.007058	-1890.192927	False
276.0	28.0	0.003322	-0.001313	0.0072	-1889.640916	False
276.0	32.0	0.003559	-0.001858	0.007276	-1889.538822	False
276.0	36.0	0.003239	-0.002281	0.006567	-1888.209484	False
276.0	40.0	0.00313	-0.002318	0.006236	-1885.609663	False
276.0	44.0	0.003138	-0.002399	0.006165	-1883.607421	False
276.0	48.0	0.002991	-0.002184	0.005965	-1881.464019	False
276.0	52.0	0.003081	-0.002273	0.006531	-1879.622628	False
276.0	56.0	0.004344	-0.001196	0.01396	-1880.239093	False
276.0	60.0	0.00443	-0.001686	0.01327	-1881.924895	False
280.0	0.0	0.002956	6.041e-09	0.01488	-1891.350144	False
280.0	4.0	0.003118	-0.001899	0.0155	-1890.197274	False
280.0	8.0	0.002199	0.0004424	0.008757	-1888.42615	False
280.0	12.0	0.0024138151505950223	-0.00021553117599576455	0.00704883801627465	-1887.2567532787557	True
280.0	16.0	0.003103	-0.001292	0.00766	-1888.688975	False
280.0	20.0	0.003431	-0.001616	0.007728	-1889.719577	False
280.0	24.0	0.003281	-0.001705	0.007044	-1890.549351	False
280.0	28.0	0.003251	-0.001746	0.006729	-1891.04779	False
280.0	32.0	0.003461	-0.001719	0.007177	-1889.954819	False
280.0	36.0	0.003828	-0.002374	0.007639	-1887.81457	False
280.0	40.0	0.003074	-0.002311	0.006193	-1886.256393	False
280.0	44.0	0.003164	-0.002392	0.006097	-1884.335701	False
280.0	48.0	0.002957	-0.002179	0.005862	-1882.214898	False
280.0	52.0	0.003045	-0.00225	0.006332	-1880.418908	False
280.0	56.0	0.004038	-0.001328	0.01365	-1881.068608	False
280.0	60.0	0.004366	-0.001537	0.01323	-1882.721833	False
284.0	0.0	0.002916	-7.229e-09	0.01462	-1892.889569	False
284.0	4.0	0.003075	-0.001879	0.01528	-1891.779012	False
284.0	8.0	0.002158	0.0004637	0.008545	-1890.092476	False
284.0	12.0	0.002011	-0.0003194	0.007505	-1886.846405	False
284.0	16.0	0.003031	-0.00128	0.00754	-1888.976386	False
284.0	20.0	0.003417	-0.001605	0.007646	-1890.100946	False
284.0	24.0	0.003229	-0.001626	0.007006	-1890.936526	False
284.0	28.0	0.003204	-0.001713	0.006723	-1891.482431	False
284.0	32.0	0.003419	-0.001566	0.007114	-1890.304299	False
284.0	36.0	0.003832	-0.002312	0.007576	-1888.622189	False
284.0	40.0	0.003014	-0.002302	0.00628	-1886.907937	False
284.0	44.0	0.00319	-0.002372	0.006017	-1885.014064	False
284.0	48.0	0.002962	-0.002223	0.005835	-1882.947342	False
284.0	52.0	0.002996	-0.002152	0.006007	-1881.194363	False
284.0	56.0	0.003756	-0.001458	0.01327	-1881.924254	False
284.0	60.0	0.004449	-0.001209	0.01341	-1883.508905	False
288.0	0.0	0.002879	2.099e-08	0.01437	-1894.405022	False
288.0	4.0	0.003042	-0.001865	0.01509	-1893.328217	False
288.0	8.0	0.002118	0.0004803	0.008339	-1891.732562	False
288.0	12.0	0.001954	-0.0002928	0.007433	-1888.567298	False
288.0	16.0	0.002958	-0.001265	0.007421	-1889.256648	False
288.0	20.0	0.003373	-0.001576	0.00753	-1890.476808	False
288.0	24.0	0.003175	-0.001537	0.006948	-1891.338354	False
288.0	28.0	0.00314	-0.001666	0.006659	-1891.931794	False
288.0	32.0	0.003405	-0.001398	0.007098	-1890.611641	False
288.0	36.0	0.003833	-0.002227	0.007513	-1889.329159	False
288.0	40.0	0.003053	-0.002322	0.006453	-1887.684129	False
288.0	44.0	0.003196	-0.002343	0.005942	-1885.644046	False
288.0	48.0	0.002978	-0.002266	0.005801	-1883.676668	False
288.0	52.0	0.002933	-0.002068	0.005742	-1881.928142	False
288.0	56.0	0.003487	-0.001613	0.01281	-1882.795742	False
288.0	60.0	0.004262	-0.001198	0.01328	-1884.285813	False
292.0	0.0	0.002836	-2.034e-08	0.01408	-1895.901852	False
292.0	4.0	0.002995	-0.001828	0.01481	-1894.864674	False
292.0	8.0	0.002083	0.0004966	0.00815	-1893.33211	False
292.0	12.0	0.001913	-0.000268	0.007379	-1890.253339	False
292.0	16.0	0.005815	-0.008177	0.0226	-1886.010696	False
292.0	20.0	0.003318	-0.001541	0.007405	-1890.830341	False
292.0	24.0	0.003118	-0.001446	0.006876	-1891.748416	False
292.0	28.0	0.003081	-0.001616	0.00656	-1892.384717	False
292.0	32.0	0.003418	-0.001264	0.007165	-1890.896035	False
292.0	36.0	0.003827	-0.002109	0.00744	-1889.957839	False
292.0	40.0	0.003153	-0.002352	0.006433	-1888.529258	False
292.0	44.0	0.003165	-0.002321	0.005902	-1886.235113	False
292.0	48.0	0.002974	-0.002276	0.005732	-1884.400268	False
292.0	52.0	0.002864	-0.002037	0.005609	-1882.625072	False
292.0	56.0	0.00323	-0.001765	0.01226	-1883.699688	False
292.0	60.0	0.004002	-0.00127	0.01305	-1885.080424	False
296.0	0.0	0.002786	-5.715e-08	0.01375	-1897.387835	False
296.0	4.0	0.00294	-0.001776	0.01446	-1896.38794	False
296.0	8.0	0.002049	0.0005094	0.007962	-1894.903362	False
296.0	12.0	0.001876	-0.0002411	0.007306	-1891.926081	False
296.0	16.0	0.00597	-0.008498	0.02313	-1887.747232	False
296.0	20.0	0.003246	-0.001496	0.00727	-1891.163568	False
296.0	24.0	0.003058	-0.001353	0.006798	-1892.154067	False
296.0	28.0	0.003041	-0.001564	0.006454	-1892.837413	False
296.0	32.0	0.00345	-0.00119	0.007364	-1891.153603	False
296.0	36.0	0.003821	-0.001968	0.00737	-1890.520988	False
296.0	40.0	0.003267	-0.002352	0.006345	-1889.364561	False
296.0	44.0	0.0031	-0.002335	0.005932	-1886.788015	False
296.0	48.0	0.002965	-0.002268	0.005659	-1885.072985	False
296.0	52.0	0.002801	-0.002043	0.005542	-1883.303956	False
296.0	56.0	0.003012	-0.001893	0.01171	-1884.609406	False
296.0	60.0	0.003742	-0.001357	0.01274	-1885.89884	False
300.0	0.0	0.002742	3.036e-08	0.01345	-1898.843018	False
300.0	4.0	0.002889	-0.001725	0.01413	-1897.879121	False
300.0	8.0	0.002014	0.0005226	0.007772	-1896.447501	False
300.0	12.0	0.001845	-0.0002171	0.00723	-1893.564903	False
300.0	16.0	0.006082	-0.008725	0.02349	-1889.443704	False
300.0	20.0	0.003148	-0.001439	0.007121	-1891.482318	False
300.0	24.0	0.003001	-0.001267	0.006723	-1892.544644	False
300.0	28.0	0.003014	-0.001507	0.006358	-1893.280004	False
300.0	32.0	0.003459	-0.001138	0.008083	-1891.399945	False
300.0	36.0	0.003851	-0.001845	0.007339	-1891.026521	False
300.0	40.0	0.003381	-0.002321	0.006191	-1890.184294	False
300.0	44.0	0.002968	-0.002361	0.006007	-1887.352995	False
300.0	48.0	0.002937	-0.002245	0.005598	-1885.708447	False
300.0	52.0	0.00275	-0.002056	0.005463	-1883.982633	False
300.0	56.0	0.002833	-0.001964	0.01118	-1885.547027	False
300.0	60.0	0.003509	-0.001467	0.01242	-1886.711685	False
304.0	0.0	0.002696	3.01e-08	0.01315	-1900.276574	False
304.0	4.0	0.002837	-0.001669	0.01379	-1899.348254	False
304.0	8.0	0.001982	0.0005338	0.007593	-1897.960137	False
304.0	12.0	0.001815	-0.0001899	0.007147	-1895.184956	False
304.0	16.0	0.006182	-0.008919	0.02376	-1891.114644	False
304.0	20.0	0.003048	-0.001382	0.006984	-1891.778365	False
304.0	24.0	0.002938	-0.001186	0.006639	-1892.926196	False
304.0	28.0	0.002976	-0.001438	0.006268	-1893.713574	False
304.0	32.0	0.003221	-0.00162	0.006411	-1893.630465	False
304.0	36.0	0.003907	-0.001764	0.007355	-1891.486827	False
304.0	40.0	0.0035	-0.002287	0.006028	-1890.979986	False
304.0	44.0	0.002924	-0.002334	0.006331	-1888.065483	False
304.0	48.0	0.002921	-0.002235	0.005603	-1886.279707	False
304.0	52.0	0.002719	-0.002063	0.005364	-1884.653036	False
304.0	56.0	0.002697	-0.00199	0.01073	-1886.489262	False
304.0	60.0	0.003266	-0.001598	0.01195	-1887.554391	False
308.0	0.0	0.002653	-1.894e-08	0.01285	-1901.676791	False
308.0	4.0	0.002784	-0.001608	0.01344	-1900.784311	False
308.0	8.0	0.001952	0.0005493	0.007422	-1899.432747	False
308.0	12.0	0.001791	-0.000164	0.007071	-1896.756704	False
308.0	16.0	0.004265	-0.004901	0.01633	-1892.768472	False
308.0	20.0	0.002226	-0.001836	0.009374	-1889.163729	False
308.0	24.0	0.002899	-0.001117	0.006577	-1893.260224	False
308.0	28.0	0.00294	-0.001362	0.006198	-1894.10761	False
308.0	32.0	0.003246	-0.001599	0.006341	-1894.10829	False
308.0	36.0	0.003958	-0.001728	0.007397	-1891.893442	False
308.0	40.0	0.003615	-0.002269	0.005905	-1891.725571	False
308.0	44.0	0.00301	-0.002318	0.006205	-1888.917982	False
308.0	48.0	0.002903	-0.002239	0.005673	-1886.803244	False
308.0	52.0	0.002499	-0.002029	0.01027	-1886.829554	False
308.0	56.0	0.002585	-0.001975	0.01031	-1887.448996	False
308.0	60.0	0.003028	-0.001738	0.01141	-1888.398933	False
312.0	0.0	0.002606	-1.331e-08	0.01254	-1903.067182	False
312.0	4.0	0.00273	-0.001547	0.01309	-1902.204031	False
312.0	8.0	0.001921	0.0005582	0.007249	-1900.886745	False
312.0	12.0	0.001764	-0.0001385	0.006974	-1898.318641	False
312.0	16.0	0.0031441276722211364	-0.0032048413400330156	0.012995241479514114	-1893.8701857632886	True
312.0	20.0	0.00237	-0.002143	0.009891	-1890.817261	False
312.0	24.0	0.002844	-0.001053	0.006493	-1893.601537	False
312.0	28.0	0.002879	-0.001278	0.006129	-1894.503097	False
312.0	32.0	0.003287	-0.001614	0.006268	-1894.579052	False
312.0	36.0	0.004011	-0.001726	0.00746	-1892.261546	False
312.0	40.0	0.004566	-0.002362	0.007842	-1890.762582	False
312.0	44.0	0.003103	-0.002272	0.005988	-1889.77594	False
312.0	48.0	0.002577	-0.002219	0.0061	-1887.044	False
312.0	52.0	0.002452	-0.002039	0.01013	-1887.873903	False
312.0	56.0	0.002499	-0.001953	0.00998	-1888.413485	False
312.0	60.0	0.002821	-0.001857	0.01086	-1889.258082	False
316.0	0.0	0.002561	8.579e-09	0.01224	-1904.434819	False
316.0	4.0	0.002676	-0.001484	0.01273	-1903.60498	False
316.0	8.0	0.001891	0.0005658	0.00708	-1902.313222	False
316.0	12.0	0.001741	-0.0001161	0.00688	-1899.841487	False
316.0	16.0	0.003962	-0.004246	0.01543	-1895.870472	False
316.0	20.0	0.002557	-0.002534	0.01058	-1892.445386	False
316.0	24.0	0.002794	-0.0009998	0.006418	-1893.914005	False
316.0	28.0	0.002817	-0.001194	0.006073	-1894.87714	False
316.0	32.0	0.003318	-0.001642	0.006182	-1895.040799	False
316.0	36.0	0.003497	-0.001826	0.00602	-1894.383758	False
316.0	40.0	0.004689	-0.002347	0.007894	-1891.367361	False
316.0	44.0	0.003216	-0.002241	0.005784	-1890.626293	False
316.0	48.0	0.002398	-0.002186	0.01043	-1888.606558	False
316.0	52.0	0.002408	-0.002042	0.009985	-1888.919194	False
316.0	56.0	0.002426	-0.001929	0.009699	-1889.385818	False
316.0	60.0	0.002654	-0.001929	0.01036	-1890.129099	False
320.0	0.0	0.002516	1.164e-09	0.01194	-1905.778994	False
320.0	4.0	0.002623	-0.001422	0.01238	-1904.979965	False
320.0	8.0	0.001861	0.0005754	0.006914	-1903.709959	False
320.0	12.0	0.001718	-9.327e-05	0.006777	-1901.337668	False
320.0	16.0	0.0027763655396490783	-0.0024098086171403382	0.010882619834132926	-1897.7455699347333	True
320.0	20.0	0.002781	-0.002997	0.01141	-1894.039037	False
320.0	24.0	0.002738	-0.0009564	0.006343	-1894.206119	False
320.0	28.0	0.002752	-0.001118	0.006032	-1895.228346	False
320.0	32.0	0.003325	-0.001669	0.006087	-1895.486084	False
320.0	36.0	0.003502	-0.001805	0.00597	-1894.871408	False
320.0	40.0	0.003719	-0.002208	0.005731	-1893.705117	False
320.0	44.0	0.003338	-0.002242	0.005648	-1891.446613	False
320.0	48.0	0.002751	-0.002291	0.006289	-1888.696393	False
320.0	52.0	0.00236	-0.002039	0.009824	-1889.962452	False
320.0	56.0	0.002364	-0.001907	0.009461	-1890.36661	False
320.0	60.0	0.002526	-0.00195	0.009922	-1891.010548	False
324.0	0.0	0.002473	1.758e-08	0.01165	-1907.087331	False
324.0	4.0	0.00257	-0.001356	0.01204	-1906.317766	False
324.0	8.0	0.001834	0.0005867	0.006756	-1905.060548	False
324.0	12.0	0.001696	-7.748e-05	0.006668	-1902.804416	False
324.0	16.0	0.001914	-0.0002144	0.005794	-1900.08472	False
324.0	20.0	0.002106570248378431	-0.0015388202437773557	0.008685597485790886	-1895.354325096418	True
324.0	24.0	0.001937	-0.001712	0.008439	-1892.28097	False
324.0	28.0	0.002693	-0.001055	0.006001	-1895.544939	False
324.0	32.0	0.003325	-0.001689	0.006003	-1895.891516	False
324.0	36.0	0.003546	-0.001814	0.005955	-1895.341039	False
324.0	40.0	0.00367	-0.002149	0.005693	-1894.268829	False
324.0	44.0	0.003442	-0.002263	0.005566	-1892.228727	False
324.0	48.0	0.002264	-0.002009	0.009781	-1890.743994	False
324.0	52.0	0.002311	-0.002027	0.009648	-1890.999314	False
324.0	56.0	0.002307	-0.001891	0.009251	-1891.358921	False
324.0	60.0	0.00242	-0.001934	0.00953	-1891.92098	False
328.0	0.0	0.002428	-1.883e-09	0.01136	-1908.392195	False
328.0	4.0	0.002522	-0.001299	0.01172	-1907.642982	False
328.0	8.0	0.001806	0.0005939	0.006597	-1906.404979	False
328.0	12.0	0.001674	-5.902e-05	0.006554	-1904.251731	False
328.0	16.0	0.00187	-0.0002171	0.005684	-1901.571696	False
328.0	20.0	0.001998377498869379	-0.0007710589062686624	0.007881370224196074	-1897.71854393215	True
328.0	24.0	0.00242	-0.001227	0.01019	-1895.575791	False
328.0	28.0	0.002642	-0.001003	0.005976	-1895.858693	False
328.0	32.0	0.003306	-0.001697	0.00593	-1896.285451	False
328.0	36.0	0.003599	-0.001837	0.005959	-1895.814743	False
328.0	40.0	0.003574	-0.002049	0.00563	-1894.807101	False
328.0	44.0	0.003496	-0.002282	0.00552	-1892.961116	False
328.0	48.0	0.002217	-0.001925	0.009531	-1891.77918	False
328.0	52.0	0.002266	-0.002006	0.00947	-1892.015251	False
328.0	56.0	0.002262	-0.001881	0.009083	-1892.33331	False
328.0	60.0	0.002339	-0.001904	0.009207	-1892.82186	False
332.0	0.0	0.002388	-6.063e-08	0.01109	-1909.666708	False
332.0	4.0	0.002471	-0.001241	0.01139	-1908.951358	False
332.0	8.0	0.001778	0.000601	0.006443	-1907.722138	False
332.0	12.0	0.001654	-4.104e-05	0.006442	-1905.665491	False
332.0	16.0	0.001828	-0.000219	0.005578	-1903.032702	False
332.0	20.0	0.002496083066450605	-0.001662852908332041	0.008218420028276566	-1899.3998496494946	True
332.0	24.0	0.001887	-0.001645	0.008178	-1895.390674	False
332.0	28.0	0.001948	-0.002007	0.008511	-1892.473798	False
332.0	32.0	0.003281	-0.001697	0.00588	-1896.657844	False
332.0	36.0	0.003652	-0.001863	0.005974	-1896.279239	False
332.0	40.0	0.003476	-0.001937	0.005551	-1895.333012	False
332.0	44.0	0.003477	-0.002277	0.00548	-1893.648544	False
332.0	48.0	0.002754	-0.002024	0.005453	-1891.062195	False
332.0	52.0	0.002215	-0.001975	0.009269	-1893.033436	False
332.0	56.0	0.002221	-0.001873	0.008932	-1893.30967	False
332.0	60.0	0.00227	-0.001869	0.008928	-1893.732988	False
336.0	0.0	0.002351	6.567e-08	0.01084	-1910.91738	False
336.0	4.0	0.002428	-0.001192	0.0111	-1910.229388	False
336.0	8.0	0.00175	0.0006078	0.006288	-1909.018213	False
336.0	12.0	0.00163	-2.512e-05	0.006312	-1907.070581	False
336.0	16.0	0.001784	-0.0002227	0.005475	-1904.467664	False
336.0	20.0	0.003978377049949168	-0.003943409136284784	0.01170049989594707	-1901.0727100666509	True
336.0	24.0	0.007495	-0.009351	0.02112	-1898.780889	False
336.0	28.0	0.00231	-0.001289	0.009924	-1896.49466	False
336.0	32.0	0.002267	-0.001392	0.009916	-1895.110427	False
336.0	36.0	0.002234	-0.001541	0.009875	-1894.204774	False
336.0	40.0	0.002223	-0.001655	0.009877	-1893.74881	False
336.0	44.0	0.002205	-0.001691	0.009702	-1893.667426	False
336.0	48.0	0.002152	-0.001792	0.009203	-1893.825306	False
336.0	52.0	0.002167	-0.001934	0.009065	-1894.036936	False
336.0	56.0	0.002179	-0.001863	0.008781	-1894.288536	False
336.0	60.0	0.002207	-0.001833	0.008673	-1894.662715	False
340.0	0.0	0.002315	3.264e-08	0.0106	-1912.150897	False
340.0	4.0	0.002387	-0.001143	0.01083	-1911.484761	False
340.0	8.0	0.001725	0.0006141	0.006145	-1910.284897	False
340.0	12.0	0.00161	-8.177e-06	0.006193	-1908.434708	False
340.0	16.0	0.001744	-0.0002266	0.005379	-1905.875986	False
340.0	20.0	0.002111	-0.00153	0.008604	-1901.636038	False
340.0	24.0	0.007504	-0.009364	0.02105	-1900.314559	False
340.0	28.0	0.002287	-0.001295	0.009784	-1897.816244	False
340.0	32.0	0.002242	-0.001382	0.009769	-1896.383743	False
340.0	36.0	0.002211	-0.001523	0.009726	-1895.406975	False
340.0	40.0	0.002196	-0.001642	0.009708	-1894.875462	False
340.0	44.0	0.002181	-0.001682	0.009588	-1894.723402	False
340.0	48.0	0.002129	-0.001747	0.009106	-1894.838913	False
340.0	52.0	0.00212	-0.001889	0.00886	-1895.043297	False
340.0	56.0	0.002141	-0.001855	0.008643	-1895.258564	False
340.0	60.0	0.002155	-0.001805	0.008464	-1895.58863	False
344.0	0.0	0.002273	2.787e-08	0.01034	-1913.375192	False
344.0	4.0	0.002338	-0.001093	0.01053	-1912.736203	False
344.0	8.0	0.0017	0.0006193	0.006004	-1911.526959	False
344.0	12.0	0.001588	7.299e-06	0.006067	-1909.777363	False
344.0	16.0	0.001698	-0.0002285	0.005274	-1907.269187	False
344.0	20.0	0.0026	-0.002556	0.01027	-1903.054979	False
344.0	24.0	0.007438	-0.009251	0.02077	-1901.826701	False
344.0	28.0	0.002262	-0.0013	0.009635	-1899.132247	False
344.0	32.0	0.002216	-0.001371	0.009618	-1897.648902	False
344.0	36.0	0.002183	-0.001502	0.009565	-1896.617651	False
344.0	40.0	0.002167	-0.001627	0.00954	-1896.006025	False
344.0	44.0	0.002157	-0.001674	0.009461	-1895.784422	False
344.0	48.0	0.002109	-0.001711	0.009028	-1895.851155	False
344.0	52.0	0.002079	-0.001839	0.008681	-1896.030792	False
344.0	56.0	0.002103	-0.001841	0.008501	-1896.221843	False
344.0	60.0	0.002109	-0.001782	0.008283	-1896.511867	False
348.0	0.0	0.002233	1.42e-08	0.01008	-1914.577516	False
348.0	4.0	0.002295	-0.001047	0.01026	-1913.957397	False
348.0	8.0	0.001675	0.0006233	0.005863	-1912.749288	False
348.0	12.0	0.001568	2.27e-05	0.005943	-1911.095184	False
348.0	16.0	0.001655	-0.000232	0.005177	-1908.633706	False
348.0	20.0	0.004441842695123474	-0.004790448576917336	0.012926997060058787	-1905.6023533341204	True
348.0	24.0	0.00729	-0.009	0.02026	-1903.311307	False
348.0	28.0	0.002238	-0.001307	0.009496	-1900.432164	False
348.0	32.0	0.002193	-0.001365	0.009481	-1898.896936	False
348.0	36.0	0.002159	-0.001485	0.009425	-1897.805739	False
348.0	40.0	0.002139	-0.001608	0.009374	-1897.134958	False
348.0	44.0	0.002131	-0.001667	0.009322	-1896.83729	False
348.0	48.0	0.002092	-0.001687	0.008971	-1896.843479	False
348.0	52.0	0.002048	-0.001792	0.008541	-1896.996326	False
348.0	56.0	0.002064	-0.001824	0.008355	-1897.18094	False
348.0	60.0	0.002072	-0.001768	0.008133	-1897.423311	False
352.0	0.0	0.002194	-2.94e-08	0.009834	-1915.762801	False
352.0	4.0	0.002252	-0.001003	0.009986	-1915.165182	False
352.0	8.0	0.00165	0.0006255	0.005722	-1913.95421	False
352.0	12.0	0.001546	3.681e-05	0.005815	-1912.398234	False
352.0	16.0	0.001613	-0.0002367	0.005084	-1909.981453	False
352.0	20.0	0.003951867557397043	-0.0036986457917409996	0.010902150739993538	-1907.5013121442628	True
352.0	24.0	0.007035	-0.008585	0.01948	-1904.7841	False
352.0	28.0	0.004754	-0.005316	0.01401	-1901.913177	False
352.0	32.0	0.002168	-0.00136	0.009339	-1900.150966	False
352.0	36.0	0.002135	-0.001468	0.009284	-1898.998359	False
352.0	40.0	0.002113	-0.00159	0.009224	-1898.258963	False
352.0	44.0	0.002106	-0.00166	0.009179	-1897.890632	False
352.0	48.0	0.002076	-0.001673	0.008907	-1897.838723	False
352.0	52.0	0.002019	-0.001747	0.008423	-1897.969413	False
352.0	56.0	0.002026	-0.001804	0.008214	-1898.133213	False
352.0	60.0	0.002034	-0.001753	0.007993	-1898.341803	False
356.0	0.0	0.002158	-2.41e-08	0.009604	-1916.925085	False
356.0	4.0	0.00221	-0.0009611	0.00973	-1916.350671	False
356.0	8.0	0.001628	0.0006274	0.005596	-1915.129375	False
356.0	12.0	0.001526	5.14e-05	0.005691	-1913.670275	False
356.0	16.0	0.001572	-0.0002396	0.004993	-1911.304281	False
356.0	20.0	0.001814	-0.0001321	0.005077	-1909.165401	False
356.0	24.0	0.00674	-0.008096	0.01857	-1906.231222	False
356.0	28.0	0.005174	-0.006027	0.01515	-1903.366136	False
356.0	32.0	0.002255	-0.001365	0.007094	-1900.646717	False
356.0	36.0	0.00211	-0.001452	0.009147	-1900.18049	False
356.0	40.0	0.002088	-0.001571	0.00908	-1899.376442	False
356.0	44.0	0.002077	-0.001646	0.009021	-1898.953879	False
356.0	48.0	0.002056	-0.001662	0.008823	-1898.83279	False
356.0	52.0	0.001998	-0.001711	0.008344	-1898.926145	False
356.0	56.0	0.001989	-0.001779	0.008079	-1899.071359	False
356.0	60.0	0.002	-0.001741	0.007867	-1899.25311	False
360.0	0.0	0.002121	-2.887e-08	0.009372	-1918.062156	False
360.0	4.0	0.002171	-0.0009213	0.009484	-1917.507718	False
360.0	8.0	0.001625	0.0005668	0.005586	-1916.280418	False
360.0	12.0	0.001506	6.475e-05	0.005568	-1914.915806	False
360.0	16.0	0.00153	-0.000241	0.004901	-1912.604789	False
360.0	20.0	0.001773	-0.0001329	0.00496	-1910.514765	False
360.0	24.0	0.006372	-0.007489	0.01748	-1907.650235	False
360.0	28.0	0.005545	-0.006658	0.01615	-1904.79938	False
360.0	32.0	0.002241	-0.001341	0.006976	-1902.106883	False
360.0	36.0	0.002089	-0.001437	0.009024	-1901.342374	False
360.0	40.0	0.002064	-0.001549	0.008942	-1900.484475	False
360.0	44.0	0.002051	-0.001632	0.008876	-1899.992045	False
360.0	48.0	0.002033	-0.001651	0.00872	-1899.816764	False
360.0	52.0	0.00198	-0.001679	0.008277	-1899.866908	False
360.0	56.0	0.001956	-0.001747	0.007946	-1899.99169	False
360.0	60.0	0.001967	-0.001727	0.00774	-1900.152278	False
364.0	0.0	0.002085	-1.087e-08	0.009147	-1919.190716	False
364.0	4.0	0.002132	-0.0008822	0.009247	-1918.651681	False
364.0	8.0	0.001707	0.0002632	0.00609	-1917.414793	False
364.0	12.0	0.001488	7.893e-05	0.00545	-1916.140098	False
364.0	16.0	0.001492	-0.0002441	0.00482	-1913.884665	False
364.0	20.0	0.001736	-0.0001362	0.004852	-1911.840993	False
364.0	24.0	0.005907	-0.00673	0.01613	-1909.057075	False
364.0	28.0	0.005853	-0.007173	0.01696	-1906.207724	False
364.0	32.0	0.002252	-0.001353	0.00693	-1903.541506	False
364.0	36.0	0.002268	-0.001715	0.007452	-1900.978937	False
364.0	40.0	0.002041	-0.001532	0.008814	-1901.595106	False
364.0	44.0	0.002026	-0.001617	0.008736	-1901.042316	False
364.0	48.0	0.002011	-0.001644	0.00861	-1900.80556	False
364.0	52.0	0.001966	-0.001658	0.008231	-1900.802858	False
364.0	56.0	0.001927	-0.001718	0.007838	-1900.912643	False
364.0	60.0	0.001935	-0.001715	0.00763	-1901.051878	False
368.0	0.0	0.002052	-4.655e-08	0.008936	-1920.298092	False
368.0	4.0	0.002093	-0.0008455	0.009009	-1919.78523	False
368.0	8.0	0.001757	3.758e-05	0.006427	-1918.546197	False
368.0	12.0	0.00147	8.894e-05	0.005337	-1917.347383	False
368.0	16.0	0.001457	-0.0002476	0.004745	-1915.142943	False
368.0	20.0	0.001704	-0.0001366	0.004753	-1913.137542	False
368.0	24.0	0.005376	-0.00586	0.0146	-1910.437904	False
368.0	28.0	0.006123	-0.007629	0.01765	-1907.60648	False
368.0	32.0	0.001756	-0.0003434	0.004949	-1904.927576	False
368.0	36.0	0.002254	-0.001685	0.007355	-1902.398285	False
368.0	40.0	0.00202	-0.001514	0.008695	-1902.694181	False
368.0	44.0	0.002002	-0.001603	0.008606	-1902.086625	False
368.0	48.0	0.00199	-0.001638	0.008499	-1901.791331	False
368.0	52.0	0.001951	-0.001643	0.008178	-1901.742534	False
368.0	56.0	0.001903	-0.00169	0.007754	-1901.824754	False
368.0	60.0	0.001904	-0.001702	0.007522	-1901.947922	False
372.0	0.0	0.002018	-7.475e-09	0.008728	-1921.390116	False
372.0	4.0	0.002056	-0.000812	0.008787	-1920.897282	False
372.0	8.0	0.001788	-0.0001314	0.006653	-1919.656463	False
372.0	12.0	0.001452	0.0001007	0.005225	-1918.527867	False
372.0	16.0	0.001423	-0.0002463	0.004668	-1916.378456	False
372.0	20.0	0.001674	-0.0001366	0.004656	-1914.41081	False
372.0	24.0	0.004759	-0.004851	0.01286	-1911.796072	False
372.0	28.0	0.006327	-0.007966	0.01815	-1908.975711	False
372.0	32.0	0.002404	-0.001628	0.007257	-1906.355401	False
372.0	36.0	0.002221	-0.001629	0.007201	-1903.803963	False
372.0	40.0	0.001999	-0.001497	0.008577	-1903.788108	False
372.0	44.0	0.001983	-0.00159	0.008495	-1903.117064	False
372.0	48.0	0.00197	-0.001633	0.00839	-1902.769849	False
372.0	52.0	0.001939	-0.001635	0.008131	-1902.666876	False
372.0	56.0	0.001884	-0.001664	0.007688	-1902.728396	False
372.0	60.0	0.002125	-0.00215	0.008257	-1902.080781	False
376.0	0.0	0.001983	3.983e-08	0.008517	-1922.471083	False
376.0	4.0	0.00202	-0.0007805	0.008571	-1921.992556	False
376.0	8.0	0.001806	-0.0002776	0.006819	-1920.75792	False
376.0	12.0	0.001435	0.0001057	0.00512	-1919.688421	False
376.0	16.0	0.001395	-0.0002532	0.004611	-1917.589471	False
376.0	20.0	0.001651	-0.0001405	0.00458	-1915.646506	False
376.0	24.0	0.004125	-0.003805	0.01108	-1913.116749	False
376.0	28.0	0.006492	-0.008231	0.01853	-1910.311836	False
376.0	32.0	0.002592	-0.001956	0.007765	-1907.711144	False
376.0	36.0	0.002198	-0.001584	0.007076	-1905.170015	False
376.0	40.0	0.001975	-0.001477	0.008448	-1904.881167	False
376.0	44.0	0.00196	-0.001572	0.008368	-1904.149863	False
376.0	48.0	0.001948	-0.001624	0.008275	-1903.74365	False
376.0	52.0	0.00192	-0.001623	0.008051	-1903.600805	False
376.0	56.0	0.001868	-0.001639	0.007635	-1903.623958	False
376.0	60.0	0.002075	-0.00206	0.008001	-1902.996073	False
380.0	0.0	0.001952	2.161e-08	0.008324	-1923.53037	False
380.0	4.0	0.001986	-0.0007507	0.00837	-1923.068073	False
380.0	8.0	0.001815	-0.000393	0.006928	-1921.842998	False
380.0	12.0	0.001417	0.0001182	0.00501	-1920.827271	False
380.0	16.0	0.001366	-0.0002492	0.004542	-1918.785063	False
380.0	20.0	0.001625	-0.0001361	0.004492	-1916.867434	False
380.0	24.0	0.003255	-0.002395	0.008687	-1914.439382	False
380.0	28.0	0.00661	-0.00842	0.01878	-1911.637631	False
380.0	32.0	0.00286	-0.002424	0.008512	-1909.056299	False
380.0	36.0	0.002174	-0.001536	0.006944	-1906.530239	False
380.0	40.0	0.001954	-0.001462	0.008331	-1905.966762	False
380.0	44.0	0.001937	-0.001553	0.008247	-1905.185016	False
380.0	48.0	0.001926	-0.001614	0.008157	-1904.723383	False
380.0	52.0	0.001903	-0.001617	0.007972	-1904.529017	False
380.0	56.0	0.001856	-0.001622	0.007595	-1904.513681	False
380.0	60.0	0.001818	-0.001645	0.007226	-1904.60126	False
384.0	0.0	0.001921	1.516e-08	0.008137	-1924.57422	False
384.0	4.0	0.001955	-0.0007228	0.008181	-1924.124607	False
384.0	8.0	0.001822	-0.0004997	0.007022	-1922.90969	False
384.0	12.0	0.001401	0.0001292	0.004907	-1921.944063	False
384.0	16.0	0.001338	-0.0002431	0.004476	-1919.960512	False
384.0	20.0	0.001599	-0.0001333	0.004406	-1918.074591	False
384.0	24.0	0.002338	-0.000914	0.006186	-1915.741191	False
384.0	28.0	0.006671	-0.008515	0.01886	-1912.949524	False
384.0	32.0	0.003188	-0.002996	0.009435	-1910.385888	False
384.0	36.0	0.002145	-0.001484	0.006797	-1907.878123	False
384.0	40.0	0.001933	-0.001445	0.008218	-1907.044809	False
384.0	44.0	0.001916	-0.001535	0.008135	-1906.213171	False
384.0	48.0	0.001905	-0.001601	0.008044	-1905.698818	False
384.0	52.0	0.001887	-0.001614	0.007893	-1905.450456	False
384.0	56.0	0.001843	-0.001607	0.00755	-1905.406067	False
384.0	60.0	0.001799	-0.001628	0.007162	-1905.462848	False
388.0	0.0	0.00189	-3.756e-09	0.007952	-1925.609519	False
388.0	4.0	0.001923	-0.0006963	0.007992	-1925.1735	False
388.0	8.0	0.001826	-0.0006082	0.007108	-1923.972693	False
388.0	12.0	0.001387	0.0001407	0.004809	-1923.038864	False
388.0	16.0	0.001315	-0.0002379	0.004418	-1921.116102	False
388.0	20.0	0.001574	-0.0001308	0.004323	-1919.260186	False
388.0	24.0	0.001791	-5.891e-05	0.004704	-1917.026249	False
388.0	28.0	0.00668	-0.00852	0.01879	-1914.243704	False
388.0	32.0	0.003546	-0.003614	0.01044	-1911.69269	False
388.0	36.0	0.00212	-0.001434	0.006658	-1909.206826	False
388.0	40.0	0.001912	-0.001428	0.008103	-1908.121008	False
388.0	44.0	0.001893	-0.001514	0.008016	-1907.249052	False
388.0	48.0	0.001882	-0.001586	0.007928	-1906.679466	False
388.0	52.0	0.001867	-0.001608	0.007794	-1906.384902	False
388.0	56.0	0.001827	-0.001596	0.007492	-1906.303772	False
388.0	60.0	0.00178	-0.001609	0.007101	-1906.331104	False
392.0	0.0	0.00186	-7.323e-09	0.007774	-1926.626868	False
392.0	4.0	0.001892	-0.0006711	0.007811	-1926.204121	False
392.0	8.0	0.001825	-0.0007069	0.007163	-1925.022165	False
392.0	12.0	0.001368	0.0001525	0.004701	-1924.12436	False
392.0	16.0	0.001293	-0.0002304	0.004362	-1922.25306	False
392.0	20.0	0.001551	-0.000129	0.004246	-1920.422589	False
392.0	24.0	0.001756	-5.761e-05	0.004609	-1918.282885	False
392.0	28.0	0.006635	-0.008435	0.01857	-1915.518528	False
392.0	32.0	0.003898	-0.004219	0.01142	-1912.973992	False
392.0	36.0	0.002095	-0.001388	0.00652	-1910.516186	False
392.0	40.0	0.001896	-0.001417	0.008011	-1909.178623	False
392.0	44.0	0.001874	-0.001497	0.007914	-1908.269065	False
392.0	48.0	0.00186	-0.001569	0.007815	-1907.65638	False
392.0	52.0	0.001849	-0.001601	0.007701	-1907.309867	False
392.0	56.0	0.001816	-0.001591	0.007448	-1907.18312	False
392.0	60.0	0.001766	-0.001593	0.007055	-1907.190693	False
396.0	0.0	0.001833	1.638e-08	0.007609	-1927.612757	False
396.0	4.0	0.001862	-0.0006481	0.007638	-1927.207075	False
396.0	8.0	0.001827	-0.0008182	0.007203	-1926.050324	False
396.0	12.0	0.001351	0.0001645	0.004597	-1925.176461	False
396.0	16.0	0.00127	-0.0002179	0.004298	-1923.373719	False
396.0	20.0	0.001523	-0.0001257	0.004162	-1921.562548	False
396.0	24.0	0.001716	-5.893e-05	0.004505	-1919.508898	False
396.0	28.0	0.006619	-0.008408	0.01844	-1916.77077	False
396.0	32.0	0.004283	-0.004876	0.01249	-1914.232237	False
396.0	36.0	0.002077	-0.001354	0.006404	-1911.797315	False
396.0	40.0	0.002129	-0.001712	0.006906	-1909.477315	False
396.0	44.0	0.001857	-0.001489	0.007823	-1909.275457	False
396.0	48.0	0.00184	-0.001557	0.007714	-1908.618085	False
396.0	52.0	0.001832	-0.001596	0.007614	-1908.212067	False
396.0	56.0	0.001805	-0.001588	0.007398	-1908.035844	False
396.0	60.0	0.001757	-0.001581	0.00703	-1908.003687	False
400.0	0.0	0.001802	1.724e-08	0.007433	-1928.605239	False
400.0	4.0	0.001831	-0.0006241	0.007459	-1928.212558	False
400.0	8.0	0.001816	-0.0008751	0.007131	-1927.081065	False
400.0	12.0	0.001334	0.0001752	0.004499	-1926.22136	False
400.0	16.0	0.00125	-0.0002068	0.004244	-1924.478951	False
400.0	20.0	0.001496	-0.0001247	0.004084	-1922.691222	False
400.0	24.0	0.001678	-6.205e-05	0.004402	-1920.719693	False
400.0	28.0	0.006492	-0.008182	0.018	-1918.008107	False
400.0	32.0	0.004606	-0.005427	0.01337	-1915.484092	False
400.0	36.0	0.002069	-0.001336	0.006313	-1913.07108	False
400.0	40.0	0.002115	-0.001681	0.00682	-1910.746106	False
400.0	44.0	0.001837	-0.00147	0.007716	-1910.293554	False
400.0	48.0	0.001824	-0.001545	0.007625	-1909.578839	False
400.0	52.0	0.001811	-0.001586	0.00751	-1909.140974	False
400.0	56.0	0.001794	-0.00159	0.007344	-1908.907098	False
400.0	60.0	0.001748	-0.001574	0.007002	-1908.845781	False
