q20	q30	M_22	M_32	M_33	EHFB	isInterpolated
0.0	0.0	0.06343	1.99e-10	0.8201	-1895.160148	False
0.0	4.0	0.1478	-0.2852	1.298	-1895.013661	False
0.0	8.0	0.09147	0.004149	1.483	-1891.532945	False
0.0	12.0	0.2205	-0.5848	3.392	-1889.109495	False
0.0	16.0	0.05216	-0.1365	0.7072	-1879.087248	False
0.0	20.0	0.1309	-0.266	1.277	-1865.292934	False
0.0	24.0	0.1115	-0.2181	0.6948	-1852.763749	False
0.0	28.0	0.4864649481550316	-0.702922716872294	0.9840445004666378	-1853.0732498722891	True
0.0	32.0	2.167417823257523	-3.1225900096551484	4.434742406352996	-1853.362190615254	True
4.0	0.0	0.06174	-7.256e-08	0.8911	-1895.69915	False
4.0	4.0	0.09216	-0.1534	0.85	-1895.289266	False
4.0	8.0	0.09455209727155989	-0.08799951873112377	0.9778949378723496	-1892.6779937116398	True
4.0	12.0	0.05224	-0.09875	0.4867	-1889.189335	False
4.0	16.0	0.2299	-0.5252	1.99	-1880.07868	False
4.0	20.0	0.1876	-0.3288	1.846	-1868.046864	False
4.0	24.0	0.21023582802047258	-0.3011180198633099	1.1180571728359041	-1860.841342128224	True
4.0	28.0	0.2026	-0.2463	0.3263	-1861.927144	False
4.0	32.0	0.4021	-0.4957	0.6295	-1859.764672	False
8.0	0.0	0.06858	-2.471e-06	0.8218	-1897.236238	False
8.0	4.0	0.04144	-0.02199	0.3311	-1896.082253	False
8.0	8.0	0.146	-0.1894	1.695	-1891.77719	False
8.0	12.0	0.1126	-0.01634	1.125	-1888.7631	False
8.0	16.0	0.1467	-0.3423	1.303	-1880.612893	False
8.0	20.0	0.1376	-0.224	1.635	-1870.573303	False
8.0	24.0	0.2523219855457626	-0.3345809547511607	1.0936946237174823	-1865.0853385405658	True
8.0	28.0	0.1362	-0.1474	0.1869	-1863.58789	False
8.0	32.0	0.1977	-0.2414	0.3142	-1863.388341	False
12.0	0.0	0.08937	8.31e-08	0.6142	-1899.564464	False
12.0	4.0	0.1314	-0.01385	0.5349	-1897.287503	False
12.0	8.0	0.1251	-0.128	1.364	-1892.431509	False
12.0	12.0	0.11125547465576346	-0.08598535878448388	1.1203245431914866	-1888.081445221986	True
12.0	16.0	0.1334	-0.2078	1.046	-1881.08211	False
12.0	20.0	0.08302	-0.1168	0.3669	-1872.631641	False
12.0	24.0	0.17384791326801974	-0.25623303719798685	0.5247008232822736	-1867.0396283539103	True
12.0	28.0	0.1896	-0.3372	0.6185	-1866.501256	False
12.0	32.0	0.192	-0.2135	0.2606	-1865.286863	False
16.0	0.0	0.09919	-3.595e-07	0.3796	-1903.056941	False
16.0	4.0	0.198	0.02528	0.4081	-1899.349169	False
16.0	8.0	0.1201	-0.2306	0.957	-1893.627877	False
16.0	12.0	0.05692	-0.03976	0.3563	-1888.84234	False
16.0	16.0	0.05482	-0.03988	0.3742	-1882.009075	False
16.0	20.0	0.2551	-0.5912	1.584	-1874.397008	False
16.0	24.0	0.01593	-0.02124	0.06716	-1866.984668	False
16.0	28.0	0.2935	-0.5183	0.9335	-1867.358238	False
16.0	32.0	0.3642	-0.6383	1.14	-1865.458027	False
20.0	0.0	0.1198	-5.062e-07	0.2342	-1907.407557	False
20.0	4.0	0.1584	-0.08192	0.6215	-1902.445442	False
20.0	8.0	0.04419	-0.03456	0.2523	-1895.543592	False
20.0	12.0	0.09233	-0.1859	0.8622	-1889.434606	False
20.0	16.0	0.05357	-0.09601	0.4759	-1883.25876	False
20.0	20.0	0.1762	-0.2564	0.9385	-1876.08385	False
20.0	24.0	0.22398596273640692	-0.33590269568155406	0.7590426367724206	-1868.2821554748912	True
20.0	28.0	0.2404	-0.4139	0.7297	-1867.794086	False
20.0	32.0	0.3948	-0.6801	1.19	-1867.695787	False
24.0	0.0	0.127	2.407e-07	0.2034	-1911.15634	False
24.0	4.0	0.1757	-0.1454	0.5074	-1906.433032	False
24.0	8.0	0.03899	-0.05134	0.3042	-1897.755647	False
24.0	12.0	0.1528	-0.377	1.572	-1890.371295	False
24.0	16.0	0.07283	-0.1128	0.5512	-1884.201004	False
24.0	20.0	0.07324	-0.1316	0.4834	-1877.825953	False
24.0	24.0	0.04868	-0.0696	0.3481	-1865.820128	False
24.0	28.0	-0.6710156786498658	0.9841170667677872	-1.3340957841808887	-1864.748081401664	True
24.0	32.0	0.06481	-0.1092	0.1981	-1866.581926	False
28.0	0.0	0.1342	7.879e-08	0.245	-1913.884991	False
28.0	4.0	0.2492	-0.1544	0.3528	-1910.196607	False
28.0	8.0	0.1591	-0.2201	0.9182	-1900.095823	False
28.0	12.0	0.1649	-0.07213	1.172	-1891.936628	False
28.0	16.0	0.2207	-0.3761	1.857	-1884.994713	False
28.0	20.0	0.0679	-0.1165	0.4835	-1879.470503	False
28.0	24.0	0.07452	-0.09255	0.3801	-1866.49183	False
28.0	28.0	-0.7513826988380146	1.1159543514548815	-1.5364170035299054	-1863.3355716267715	True
28.0	32.0	0.09881	-0.1671	0.2961	-1866.4958	False
32.0	0.0	0.2301	-1.287e-07	0.1312	-1915.294377	False
32.0	4.0	0.05452	-0.02446	0.1659	-1912.593123	False
32.0	8.0	0.3069	-0.1432	0.7442	-1903.062282	False
32.0	12.0	0.1609	0.1436	0.7521	-1893.839777	False
32.0	16.0	0.1411	-0.1206	0.8905	-1886.294412	False
32.0	20.0	0.05097	-0.1151	0.5052	-1880.872973	False
32.0	24.0	0.06495	-0.1182	0.4156	-1874.244846	False
32.0	28.0	0.05154	-0.0837	0.1538	-1862.214012	False
32.0	32.0	0.729708328385442	-1.0992484548505743	1.6460526149128398	-1861.2542113240975	True
36.0	0.0	0.3419	1.161e-06	0.124	-1914.550238	False
36.0	4.0	0.1224	0.01826	0.1247	-1913.100695	False
36.0	8.0	0.3828	-0.08568	0.421	-1905.865648	False
36.0	12.0	0.1661	-0.1273	1.378	-1895.509097	False
36.0	16.0	0.1104	0.0112	0.4577	-1888.066236	False
36.0	20.0	0.1531	-0.3013	1.14	-1881.826429	False
36.0	24.0	0.05001	-0.1206	0.4272	-1876.131771	False
36.0	28.0	0.09865	-0.158	0.2766	-1862.256683	False
36.0	32.0	0.1009	-0.1652	0.2813	-1858.283516	False
40.0	0.0	0.1985	5.461e-06	0.1455	-1912.868649	False
40.0	4.0	0.2075	0.01447	0.1076	-1912.630666	False
40.0	8.0	0.3031	-0.04451	0.1843	-1907.716528	False
40.0	12.0	0.1317	-0.01681	0.7226	-1898.089198	False
40.0	16.0	0.1154	-0.1383	0.8004	-1890.034182	False
40.0	20.0	0.1201	-0.2161	0.9142	-1882.832516	False
40.0	24.0	0.04661	-0.113	0.4153	-1877.251988	False
40.0	28.0	0.1357	-0.2148	0.3801	-1863.419171	False
40.0	32.0	0.05611	-0.09009	0.1547	-1858.781415	False
44.0	0.0	0.06324	-4.092e-07	0.1648	-1911.153391	False
44.0	4.0	0.2328	0.06347	0.1511	-1911.702231	False
44.0	8.0	0.2358	-0.02459	0.1548	-1908.949206	False
44.0	12.0	0.09688	-0.05953	0.356	-1901.338456	False
44.0	16.0	0.1153	-0.2504	0.8847	-1892.269439	False
44.0	20.0	0.04634	-0.0807	0.5555	-1884.223455	False
44.0	24.0	0.1572	-0.2407	0.8111	-1877.956466	False
44.0	28.0	0.1557	-0.2576	1.057	-1864.301602	False
44.0	32.0	0.08815	-0.137	0.2243	-1859.308922	False
48.0	0.0	0.2446	1.828e-07	0.217	-1909.792076	False
48.0	4.0	0.2141	0.04515	0.2319	-1910.526235	False
48.0	8.0	0.1919	-0.04033	0.122	-1909.533565	False
48.0	12.0	0.1467	-0.09766	0.4202	-1903.841156	False
48.0	16.0	0.04993	-0.1005	0.3577	-1894.769694	False
48.0	20.0	0.06604	-0.1336	0.6025	-1885.519592	False
48.0	24.0	0.1709	-0.3068	0.9732	-1879.110054	False
48.0	28.0	0.04659	-0.03203	0.2259	-1866.079645	False
48.0	32.0	0.165	-0.2606	0.4226	-1859.67137	False
52.0	0.0	0.0878	-1.197e-05	0.1284	-1909.770728	False
52.0	4.0	0.2232	-0.07472	0.1397	-1910.069392	False
52.0	8.0	0.1832	-0.0674	0.1168	-1909.458203	False
52.0	12.0	0.1497	-0.06952	0.2405	-1905.572369	False
52.0	16.0	0.04959	-0.04167	0.2556	-1897.287152	False
52.0	20.0	0.08179	-0.1383	0.4901	-1886.920295	False
52.0	24.0	0.148	-0.2629	0.7986	-1880.577976	False
52.0	28.0	0.03928	-0.05686	0.1202	-1868.310606	False
52.0	32.0	0.1502	-0.2363	0.413	-1860.092769	False
56.0	0.0	0.1992	-3.232e-07	0.08008	-1909.238176	False
56.0	4.0	0.1899	-0.02329	0.1311	-1909.534778	False
56.0	8.0	0.141	-0.03912	0.1198	-1908.952939	False
56.0	12.0	0.1305	-0.05768	0.1643	-1906.656091	False
56.0	16.0	0.05232	0.005955	0.1481	-1899.725302	False
56.0	20.0	0.2744	-0.224	0.2579	-1888.885069	False
56.0	24.0	0.0355	-0.04113	0.154	-1881.082367	False
56.0	28.0	0.03569	-0.04641	0.156	-1871.696992	False
56.0	32.0	0.04629	-0.06989	0.116	-1863.849765	False
60.0	0.0	0.1684	-6.454e-07	0.05988	-1908.622854	False
60.0	4.0	0.1538	-0.08573	0.1641	-1908.899378	False
60.0	8.0	0.133	-0.03717	0.1575	-1908.809513	False
60.0	12.0	0.1121	-0.06494	0.1754	-1907.197948	False
60.0	16.0	0.06349	-0.01232	0.1076	-1901.917416	False
60.0	20.0	0.09326	-0.07165	0.4517	-1891.406943	False
60.0	24.0	0.02121	-0.0277	0.06858	-1884.249164	False
60.0	28.0	4.324295312973277	-6.369849271198765	9.469095255076155	-1874.687078892969	True
60.0	32.0	0.09026	-0.05326	0.2375	-1864.656479	False
64.0	0.0	0.04251	-2.358e-08	0.04825	-1907.860993	False
64.0	4.0	0.2039	-0.0914	0.195	-1907.994875	False
64.0	8.0	0.1778	-0.03004	0.3131	-1908.345826	False
64.0	12.0	0.0833	-0.0144	0.09275	-1908.134096	False
64.0	16.0	0.2018	-0.07774	0.1426	-1903.765903	False
64.0	20.0	0.03995	-0.03272	0.1339	-1894.635722	False
64.0	24.0	0.165	-0.2413	0.3814	-1886.112789	False
64.0	28.0	0.02847	-0.04131	0.07066	-1878.523738	False
64.0	32.0	0.1119	-0.1665	0.2547	-1868.674483	False
68.0	0.0	0.08217	1.461e-07	0.0426	-1906.535943	False
68.0	4.0	0.09614	0.01883	0.05752	-1906.91751	False
68.0	8.0	0.1381	0.03014	0.1407	-1907.798117	False
68.0	12.0	0.1441	0.006358	0.05544	-1908.883301	False
68.0	16.0	0.07562	-0.04518	0.1031	-1905.676983	False
68.0	20.0	0.03414	-0.02019	0.09131	-1897.938317	False
68.0	24.0	0.2606	-0.1641	0.1417	-1888.263911	False
68.0	28.0	0.03434	-0.04964	0.08215	-1882.58075	False
68.0	32.0	0.03303	-0.04823	0.07704	-1873.962405	False
72.0	0.0	0.08311	3.553e-07	0.04255	-1904.882636	False
72.0	4.0	0.09456	0.01391	0.05422	-1905.538158	False
72.0	8.0	0.005454	-0.002718	0.06556	-1907.208059	False
72.0	12.0	0.00703	-0.006849	0.04184	-1909.099345	False
72.0	16.0	0.094	-0.05956	0.08793	-1907.282537	False
72.0	20.0	0.04127	-0.03723	0.1194	-1900.779398	False
72.0	24.0	0.1066	-0.08977	0.2217	-1890.886409	False
72.0	28.0	0.1311	-0.05092	0.09371	-1883.673967	False
72.0	32.0	1392.0	-2057.0	3038.0	-1875.500515	False
76.0	0.0	0.09607915222181873	0.024823207335089137	0.02204619375004313	-1903.9163143586193	True
76.0	4.0	0.1034	0.008758	0.05647	-1903.726468	False
76.0	8.0	0.009768	-0.009994	0.05988	-1905.855767	False
76.0	12.0	0.004847	-0.004413	0.04351	-1908.47191	False
76.0	16.0	0.08901	-0.06229	0.07799	-1908.225483	False
76.0	20.0	0.0536	-0.06121	0.1786	-1903.032322	False
76.0	24.0	0.1399	-0.1304	0.2301	-1894.155812	False
76.0	28.0	0.1545	-0.06993	0.07804	-1885.562987	False
76.0	32.0	0.1242	-0.1759	0.2628	-1878.965708	False
80.0	0.0	0.1195	-4.766e-07	0.06576	-1904.20167	False
80.0	4.0	0.12888188631913522	-0.030100846585895624	0.10904515988124786	-1903.0933020398138	True
80.0	8.0	0.09527	-0.02833	0.06671	-1903.561165	False
80.0	12.0	0.005646	0.0002315	0.05933	-1906.706322	False
80.0	16.0	0.006142	-0.004142	0.0337	-1908.286782	False
80.0	20.0	0.05747	-0.04345	0.09619	-1904.741212	False
80.0	24.0	0.1499	-0.1304	0.2491	-1897.124932	False
80.0	28.0	0.0842	-0.1011	0.2764	-1889.050157	False
80.0	32.0	0.2139	-0.2992	0.4352	-1881.58172	False
84.0	0.0	0.1211	1.778e-07	0.05671	-1905.925747	False
84.0	4.0	0.09862	-0.00396	0.09403	-1903.847462	False
84.0	8.0	0.13315170567906875	-0.04812343822298715	0.124928414451972	-1902.6087454885392	True
84.0	12.0	0.1361	-0.06945	0.1457	-1904.06389	False
84.0	16.0	0.009424	-0.00356	0.03158	-1907.183016	False
84.0	20.0	0.07058	-0.05368	0.08531	-1905.741379	False
84.0	24.0	0.1524	-0.1468	0.345	-1899.537462	False
84.0	28.0	0.08251	-0.0666	0.1491	-1891.887933	False
84.0	32.0	0.1426	-0.21	0.5715	-1885.198145	False
88.0	0.0	0.1451	-1.468e-07	0.0404	-1907.89202	False
88.0	4.0	0.1088	-0.02369	0.08982	-1905.183124	False
88.0	8.0	0.11314852924428465	-0.04797011344912505	0.118900468862563	-1901.9418294413622	True
88.0	12.0	0.09684	-0.04891	0.1137	-1901.625992	False
88.0	16.0	0.02399	-0.01057	0.03469	-1905.065144	False
88.0	20.0	0.07405	-0.05673	0.08225	-1905.823465	False
88.0	24.0	0.09343	-0.0817	0.2318	-1901.477984	False
88.0	28.0	0.1038	-0.1034	0.1749	-1894.649726	False
88.0	32.0	0.1011	-0.05341	0.06868	-1885.446732	False
92.0	0.0	0.2297	-4.904e-07	0.03848	-1909.866654	False
92.0	4.0	0.111	-0.01717	0.06018	-1906.731525	False
92.0	8.0	0.08101	-0.02552	0.06494	-1901.608958	False
92.0	12.0	0.06927090490131604	-0.01952457905414917	0.07381602123876974	-1900.3035102589372	True
92.0	16.0	0.09023	-0.04954	0.1068	-1902.512014	False
92.0	20.0	0.06635	-0.04759	0.07025	-1904.948187	False
92.0	24.0	0.05272	-0.0258	0.08638	-1902.836847	False
92.0	28.0	0.1494	-0.1888	0.3397	-1896.988955	False
92.0	32.0	0.04897	-0.02233	0.06141	-1890.971971	False
96.0	0.0	0.255	-3.911e-07	0.04667	-1911.563434	False
96.0	4.0	0.1723	-0.02135	0.05065	-1908.412226	False
96.0	8.0	0.08936	-0.02569	0.05628	-1902.594756	False
96.0	12.0	0.05978287787888803	-0.014521315227810305	0.07479558349427862	-1899.7099369995776	True
96.0	16.0	0.06952	-0.02994	0.1165	-1900.469111	False
96.0	20.0	0.06837	-0.04691	0.06771	-1903.303134	False
96.0	24.0	0.05895	-0.03423	0.06686	-1903.344742	False
96.0	28.0	0.199	-0.2251	0.3241	-1899.097202	False
96.0	32.0	0.06287	-0.03379	0.06412	-1893.885628	False
100.0	0.0	0.2443	-4.421e-08	0.05311	-1913.063283	False
100.0	4.0	0.2009	-0.02249	0.0512	-1910.140388	False
100.0	8.0	0.09481	-0.0326	0.05129	-1904.017035	False
100.0	12.0	0.06573678224596335	-0.03232402566783321	0.08281976898049948	-1899.6590968859746	True
100.0	16.0	0.1044367980751133	-0.07796008611844485	0.17156032466490956	-1899.2849840162216	True
100.0	20.0	0.09623	-0.05464	0.1165	-1901.559058	False
100.0	24.0	0.06397	-0.04848	0.07359	-1903.036121	False
100.0	28.0	0.2572	-0.2475	0.2663	-1900.782042	False
100.0	32.0	0.09274	-0.1216	0.2579	-1896.205022	False
104.0	0.0	0.269	-1.008e-07	0.03803	-1914.438814	False
104.0	4.0	0.05362	-0.02336	0.04189	-1911.746604	False
104.0	8.0	0.05737	-0.02976	0.04824	-1905.549174	False
104.0	12.0	0.04784	-0.02	0.04664	-1899.658478	False
104.0	16.0	0.09577704130865072	-0.07861012202286588	0.1561059137646481	-1898.273170936609	True
104.0	20.0	0.07408	-0.04777	0.1191	-1899.820081	False
104.0	24.0	0.06914	-0.05201	0.08103	-1902.120274	False
104.0	28.0	0.2237	-0.1965	0.194	-1901.519285	False
104.0	32.0	0.08478	-0.06282	0.08756	-1898.21471	False
108.0	0.0	0.2619	-8.41e-08	0.02925	-1915.43426	False
108.0	4.0	0.03487	-0.01301	0.03342	-1912.937684	False
108.0	8.0	0.04496	-0.0154	0.04406	-1906.800162	False
108.0	12.0	0.04805	-0.01615	0.03926	-1900.68171	False
108.0	16.0	0.08377304084554282	-0.05720239459347454	0.10440014303458156	-1898.006766337398	True
108.0	20.0	0.0681	-0.03923	0.08487	-1898.506205	False
108.0	24.0	0.07412	-0.05333	0.1014	-1900.868247	False
108.0	28.0	0.08845	-0.08619	0.1482	-1901.168844	False
108.0	32.0	0.1714	-0.1207	0.129	-1899.578132	False
112.0	0.0	0.2912	1.304e-07	0.02658	-1915.969946	False
112.0	4.0	0.01517	-0.001429	0.02729	-1913.551905	False
112.0	8.0	0.05118	-0.01921	0.03968	-1907.864699	False
112.0	12.0	0.09622	-0.02575	0.04148	-1901.876475	False
112.0	16.0	0.08309	-0.02999	0.04587	-1898.333325	False
112.0	20.0	0.017945197565687465	0.03732827941340844	-0.04049857248485722	-1897.7560326865378	True
112.0	24.0	0.06622	-0.05527	0.111	-1899.219433	False
112.0	28.0	0.0922	-0.08314	0.1399	-1900.60612	False
112.0	32.0	0.1481	-0.1078	0.1047	-1900.193042	False
116.0	0.0	0.3226	-3.842e-07	0.02716	-1916.169218	False
116.0	4.0	0.1415	-0.01958	0.03169	-1913.649367	False
116.0	8.0	0.137	-0.03885	0.05504	-1908.654296	False
116.0	12.0	0.08061	-0.02434	0.03774	-1903.218213	False
116.0	16.0	0.0711	-0.02564	0.03767	-1898.958879	False
116.0	20.0	0.01591149256448432	0.03678926102943514	-0.04829535615794356	-1897.3008989521168	True
116.0	24.0	0.06533	-0.05302	0.0943	-1897.674871	False
116.0	28.0	0.09654	-0.06297	0.09695	-1899.825446	False
116.0	32.0	0.02065	-0.02357	0.04986	-1899.811414	False
120.0	0.0	0.2271	-7.829e-07	0.02693	-1916.251122	False
120.0	4.0	0.2152	-0.02195	0.0368	-1913.455959	False
120.0	8.0	0.1278	-0.03425	0.05162	-1909.326356	False
120.0	12.0	0.04966	-0.02163	0.03746	-1904.690271	False
120.0	16.0	0.03729	-0.01955	0.03285	-1899.996936	False
120.0	20.0	0.05891	-0.0291	0.04273	-1897.601595	False
120.0	24.0	0.21851708214692067	-0.2682624234363047	0.40679791034477475	-1897.1778575428257	True
120.0	28.0	0.07025	-0.05162	0.09724	-1898.472379	False
120.0	32.0	0.1244	-0.1934	0.3261	-1899.337108	False
124.0	0.0	0.103	1.223e-07	0.02583	-1916.679269	False
124.0	4.0	0.1129228236965929	-0.033042247872458574	0.053584366771076475	-1913.3869582261834	True
124.0	8.0	0.05897	-0.02384	0.03625	-1909.878073	False
124.0	12.0	0.04652	-0.02136	0.03311	-1906.025283	False
124.0	16.0	0.03967	-0.02252	0.0344	-1901.170517	False
124.0	20.0	0.03043	-0.01657	0.03147	-1897.95761	False
124.0	24.0	0.18168470067789144	-0.23072066739436536	0.3537580777211424	-1896.6443547191582	True
124.0	28.0	0.05392	-0.04753	0.09291	-1897.056405	False
124.0	32.0	0.0324	-0.0228	0.04784	-1899.00384	False
128.0	0.0	0.1162	-9.173e-08	0.02447	-1917.428319	False
128.0	4.0	0.06753	-0.02435	0.03585	-1913.524499	False
128.0	8.0	0.06529	-0.03425	0.04985	-1910.162067	False
128.0	12.0	0.04303	-0.01893	0.02829	-1907.135525	False
128.0	16.0	0.0367	-0.02096	0.03344	-1902.339477	False
128.0	20.0	0.02936	-0.01643	0.02818	-1898.589505	False
128.0	24.0	-0.017016508729767565	0.06689528216740115	-0.09618232118624981	-1896.4803610792014	True
128.0	28.0	-0.4854582754162937	0.7598153932814213	-1.1117798901804363	-1896.5565378126498	True
128.0	32.0	0.03762	-0.02795	0.05998	-1897.837872	False
132.0	0.0	0.1392	-1.308e-07	0.02278	-1918.21733	False
132.0	4.0	0.05287	-0.01639	0.03104	-1913.975091	False
132.0	8.0	0.03303	-0.01052	0.02439	-1910.454958	False
132.0	12.0	0.03546	-0.01454	0.02498	-1907.879725	False
132.0	16.0	0.03244	-0.01821	0.03252	-1903.479607	False
132.0	20.0	0.02887	-0.01537	0.0254	-1899.46087	False
132.0	24.0	0.06661	-0.03821	0.04401	-1896.401864	False
132.0	28.0	-0.5678305998386683	0.8966212035566343	-1.325528517355572	-1895.8866136306665	True
132.0	32.0	0.05705	-0.0469	0.08524	-1896.43386	False
136.0	0.0	0.1393	-1.13e-07	0.02144	-1918.873514	False
136.0	4.0	0.05272	-0.0171	0.03108	-1914.425761	False
136.0	8.0	0.03199	-0.008984	0.02298	-1910.846966	False
136.0	12.0	0.1145	-0.03831	0.04342	-1908.563274	False
136.0	16.0	0.03167	-0.01694	0.02899	-1904.585073	False
136.0	20.0	0.03179	-0.01714	0.02698	-1900.355668	False
136.0	24.0	0.05547	-0.02917	0.03606	-1896.850791	False
136.0	28.0	-0.36819472170742884	0.6028799156732774	-0.8980063561327754	-1895.3821047515153	True
136.0	32.0	0.05623	-0.04842	0.07959	-1895.262861	False
140.0	0.0	0.1299	4.802e-08	0.02044	-1919.383236	False
140.0	4.0	0.07773	-0.02577	0.03474	-1914.883274	False
140.0	8.0	0.03004	-0.007829	0.02243	-1910.969795	False
140.0	12.0	0.04212	-0.01412	0.02345	-1909.691491	False
140.0	16.0	0.112	-0.04558	0.04664	-1905.652077	False
140.0	20.0	0.07451	-0.03536	0.03597	-1901.188601	False
140.0	24.0	0.03511	-0.01838	0.03027	-1897.557692	False
140.0	28.0	0.07187	-0.04223	0.04553	-1895.118159	False
140.0	32.0	0.04772	-0.03933	0.06023	-1894.477069	False
144.0	0.0	0.1158	1.768e-08	0.01967	-1919.748333	False
144.0	4.0	0.07774	-0.02291	0.03074	-1915.391745	False
144.0	8.0	0.02544	-0.004713	0.01962	-1911.908552	False
144.0	12.0	0.02862	-0.008177	0.02108	-1910.84623	False
144.0	16.0	0.1049	-0.0437	0.04343	-1907.014086	False
144.0	20.0	0.07063	-0.0349	0.03668	-1902.379843	False
144.0	24.0	0.03833	-0.02014	0.02999	-1898.482867	False
144.0	28.0	0.07163	-0.04013	0.04182	-1895.457963	False
144.0	32.0	0.24761751169673119	-0.32032830341755414	0.4668622491924168	-1894.0906305222604	True
148.0	0.0	0.09923	-3.733e-08	0.01905	-1919.984219	False
148.0	4.0	0.05546	-0.01386	0.02468	-1915.90651	False
148.0	8.0	0.02442	-0.002644	0.01906	-1911.992283	False
148.0	12.0	0.02764	-0.006209	0.02077	-1911.65759	False
148.0	16.0	0.03093	-0.01062	0.0222	-1908.650758	False
148.0	20.0	0.02907	-0.01356	0.02162	-1903.856643	False
148.0	24.0	0.07213	-0.03087	0.03272	-1899.467746	False
148.0	28.0	0.04959	-0.02711	0.0343	-1896.06289	False
148.0	32.0	0.05342	-0.02922	0.0372	-1894.261495	False
152.0	0.0	0.08315	-2.006e-07	0.01852	-1920.106462	False
152.0	4.0	0.02537	-0.004886	0.02023	-1916.367951	False
152.0	8.0	0.020802807460100325	-0.000338797600164753	0.013085725898363876	-1913.3257282584882	True
152.0	12.0	0.02766	-0.005026	0.01945	-1912.228138	False
152.0	16.0	0.03215	-0.01073	0.0227	-1910.07426	False
152.0	20.0	0.05758	-0.03068	0.0377	-1905.12455	False
152.0	24.0	0.05821	-0.02702	0.03223	-1900.631806	False
152.0	28.0	0.0355	-0.02326	0.03485	-1896.915958	False
152.0	32.0	0.07943	-0.0397	0.04009	-1894.576843	False
156.0	0.0	0.06818	4.138e-08	0.01803	-1920.146125	False
156.0	4.0	0.008655	-0.000862	0.01833	-1916.741974	False
156.0	8.0	0.059318991322584225	-0.005205751538881032	0.01247539164901923	-1913.7922061051509	True
156.0	12.0	0.0214	-0.005784	0.01963	-1912.690835	False
156.0	16.0	0.02552	-0.01008	0.02249	-1911.211247	False
156.0	20.0	0.08669	-0.04567	0.04253	-1906.633889	False
156.0	24.0	0.02661	-0.0187	0.02822	-1902.092256	False
156.0	28.0	0.0737	-0.03845	0.0439	-1897.988918	False
156.0	32.0	0.0888	-0.04201	0.03894	-1895.133382	False
160.0	0.0	0.05553	-2.536e-08	0.01757	-1920.12425	False
160.0	4.0	0.01064	-0.0002629	0.01776	-1917.008887	False
160.0	8.0	0.1941	-0.02464	0.02055	-1913.468349	False
160.0	12.0	0.01694	-0.007834	0.02137	-1913.027156	False
160.0	16.0	0.01836	-0.009029	0.02098	-1912.054646	False
160.0	20.0	0.03254	-0.01664	0.02434	-1908.241802	False
160.0	24.0	0.1059	-0.05177	0.0481	-1903.422856	False
160.0	28.0	0.06461	-0.0334	0.03902	-1899.107375	False
160.0	32.0	0.05785	-0.02771	0.03175	-1895.853293	False
164.0	0.0	0.04464	4.484e-08	0.01714	-1920.059489	False
164.0	4.0	0.03414	-8.83e-07	0.01724	-1917.186793	False
164.0	8.0	0.1917	-0.02389	0.01981	-1914.228692	False
164.0	12.0	0.1566	-0.04073	0.05999	-1913.279895	False
164.0	16.0	0.0254	-0.011	0.02125	-1912.579771	False
164.0	20.0	0.02661	-0.01397	0.02367	-1909.608886	False
164.0	24.0	0.1183	-0.05432	0.04748	-1904.908826	False
164.0	28.0	0.03356	-0.02502	0.03642	-1900.421148	False
164.0	32.0	0.06799	-0.03504	0.03679	-1896.420037	False
168.0	0.0	0.03552	-3.619e-08	0.01675	-1919.964087	False
168.0	4.0	0.05635	-0.0009512	0.0166	-1917.313867	False
168.0	8.0	0.1841	-0.02275	0.01954	-1914.867035	False
168.0	12.0	0.03264	-0.01126	0.01849	-1914.177839	False
168.0	16.0	0.1768	-0.07001	0.08756	-1913.030293	False
168.0	20.0	0.01521	-0.008984	0.02112	-1910.613871	False
168.0	24.0	0.03611	-0.01945	0.02381	-1906.621385	False
168.0	28.0	0.08767	-0.04769	0.04866	-1901.707095	False
168.0	32.0	0.02286	-0.01203	0.02482	-1897.971168	False
172.0	0.0	0.02815	2.153e-08	0.01644	-1919.85454	False
172.0	4.0	0.06222	-0.002567	0.01619	-1917.427819	False
172.0	8.0	0.1742	-0.02111	0.01965	-1915.370213	False
172.0	12.0	0.00285	-0.000967	0.01424	-1915.079009	False
172.0	16.0	0.04042	-0.01793	0.02251	-1914.004861	False
172.0	20.0	0.03099	-0.01425	0.02085	-1911.592022	False
172.0	24.0	0.03332	-0.01822	0.02314	-1908.121212	False
172.0	28.0	0.1171	-0.05745	0.05324	-1903.101886	False
172.0	32.0	0.02929	-0.02161	0.032	-1899.153461	False
176.0	0.0	0.02315	7.765e-09	0.01621	-1919.754339	False
176.0	4.0	0.05738	-0.003488	0.01609	-1917.561865	False
176.0	8.0	0.1632	-0.01909	0.02008	-1915.749855	False
176.0	12.0	0.002297	-0.0004983	0.01416	-1915.503831	False
176.0	16.0	0.04468	-0.01911	0.02161	-1915.080929	False
176.0	20.0	0.01676	-0.01068	0.02173	-1912.439894	False
176.0	24.0	0.0275	-0.01537	0.02167	-1909.320655	False
176.0	28.0	0.04009	-0.02706	0.03277	-1904.704569	False
176.0	32.0	0.05111	-0.03322	0.03811	-1900.221428	False
180.0	0.0	0.02128	-1.232e-08	0.01605	-1919.667777	False
180.0	4.0	0.04739	-0.003196	0.01613	-1917.721431	False
180.0	8.0	0.1524	-0.0169	0.0206	-1916.01276	False
180.0	12.0	0.07882411091369335	-0.008076406148987303	0.013919597351375046	-1915.9498123543176	True
180.0	16.0	0.04711	-0.01653	0.01865	-1915.785569	False
180.0	20.0	0.1143	-0.06796	0.06705	-1913.312093	False
180.0	24.0	0.02739	-0.01495	0.02173	-1910.297116	False
180.0	28.0	0.02964	-0.02264	0.03029	-1906.208352	False
180.0	32.0	0.1069	-0.05872	0.05059	-1901.348435	False
184.0	0.0	0.02237	5.735e-09	0.01592	-1919.591958	False
184.0	4.0	0.03575	-0.001854	0.01608	-1917.892377	False
184.0	8.0	0.1407	-0.01453	0.02077	-1916.158798	False
184.0	12.0	0.11106355477374308	-0.013093826715014245	0.016728895977934144	-1916.0531596114129	True
184.0	16.0	0.05147	-0.01525	0.01728	-1916.066643	False
184.0	20.0	0.0465	-0.02382	0.02499	-1914.218447	False
184.0	24.0	0.02131	-0.01316	0.02275	-1911.122758	False
184.0	28.0	0.02657	-0.01928	0.02739	-1907.320541	False
184.0	32.0	0.09487	-0.05046	0.04374	-1902.595368	False
188.0	0.0	0.02411	-3.086e-08	0.01585	-1919.566923	False
188.0	4.0	0.02692	-0.0001567	0.01592	-1918.097697	False
188.0	8.0	0.1271	-0.01212	0.02017	-1916.228717	False
188.0	12.0	0.11195290794476875	-0.01739771624076525	0.019584489533642113	-1915.9301965514148	True
188.0	16.0	0.07814	-0.02128	0.02132	-1915.992181	False
188.0	20.0	0.0631	-0.0274	0.02401	-1914.917973	False
188.0	24.0	0.02991	-0.01387	0.02214	-1911.834595	False
188.0	28.0	0.02378	-0.01655	0.02479	-1908.141374	False
188.0	32.0	0.02741	-0.02004	0.02683	-1903.932299	False
192.0	0.0	0.02413	-1.104e-08	0.01589	-1919.578529	False
192.0	4.0	0.03471	0.0004757	0.016	-1918.314578	False
192.0	8.0	0.1104	-0.009788	0.01863	-1916.231152	False
192.0	12.0	0.07465	-0.01676	0.01687	-1915.957629	False
192.0	16.0	0.06659079560174064	-0.022879324791063027	0.02378721032071951	-1916.0999062320184	True
192.0	20.0	0.08942	-0.03704	0.03026	-1915.354934	False
192.0	24.0	0.1208	-0.06888	0.05537	-1912.5543	False
192.0	28.0	0.02101	-0.0137	0.02239	-1908.807139	False
192.0	32.0	0.02949	-0.02004	0.02596	-1905.030902	False
196.0	0.0	0.02203	-1.492e-08	0.01605	-1919.632868	False
196.0	4.0	0.04675	-4.828e-05	0.01623	-1918.541093	False
196.0	8.0	0.07343183490585403	-0.002951699436394506	0.010399729980505867	-1916.7663973737076	True
196.0	12.0	0.06605915442216315	-0.01373534954217348	0.017669094758559822	-1916.1146653378878	True
196.0	16.0	0.05077	-0.01805	0.02604	-1916.285572	False
196.0	20.0	0.07222	-0.03136	0.03332	-1915.739722	False
196.0	24.0	0.1114	-0.05764	0.04287	-1913.294399	False
196.0	28.0	0.02726	-0.01404	0.02103	-1909.538295	False
196.0	32.0	0.02603	-0.01671	0.02325	-1905.81286	False
200.0	0.0	0.01893	-4.356e-08	0.01632	-1919.723409	False
200.0	4.0	0.05753	-0.00106	0.01653	-1918.770551	False
200.0	8.0	0.05191018537597358	-0.0014529935947109607	0.010324967543766661	-1916.7870393298194	True
200.0	12.0	0.06811	-0.01436	0.0186	-1916.21861	False
200.0	16.0	0.06396	-0.01278	0.01849	-1916.962382	False
200.0	20.0	0.05402	-0.02854	0.0355	-1916.235057	False
200.0	24.0	0.08518	-0.04156	0.03305	-1913.931898	False
200.0	28.0	0.04918	-0.02441	0.02446	-1910.343907	False
200.0	32.0	0.02179	-0.01245	0.02106	-1906.324172	False
204.0	0.0	0.01606	2.914e-08	0.0167	-1919.842722	False
204.0	4.0	0.06491	-0.002032	0.01677	-1919.000132	False
204.0	8.0	0.01545	-0.0003558	0.01459	-1916.30009	False
204.0	12.0	0.047290854491997436	-0.007119746009934147	0.01387710866079317	-1916.5272177696636	True
204.0	16.0	0.08086	-0.01152	0.01366	-1917.814006	False
204.0	20.0	0.05998	-0.02502	0.03102	-1916.961804	False
204.0	24.0	0.06639	-0.0336	0.03197	-1914.525437	False
204.0	28.0	0.08282	-0.04103	0.03286	-1911.132136	False
204.0	32.0	0.05702	-0.03549	0.04357	-1906.782088	False
208.0	0.0	0.014	8.267e-08	0.01713	-1919.982552	False
208.0	4.0	0.0682	-0.002642	0.01687	-1919.228105	False
208.0	8.0	0.01731	-0.001203	0.0147	-1916.497622	False
208.0	12.0	0.03710828732394589	-0.005066784371265953	0.013233140586947911	-1916.9419989934916	True
208.0	16.0	0.07179	-0.009508	0.01213	-1918.619572	False
208.0	20.0	0.07023	-0.02314	0.02265	-1917.981862	False
208.0	24.0	0.05568	-0.02962	0.03281	-1915.183574	False
208.0	28.0	0.06868	-0.03107	0.0275	-1911.870993	False
208.0	32.0	0.06825	-0.03849	0.03808	-1907.618218	False
212.0	0.0	0.01273	-5.535e-08	0.01759	-1920.137563	False
212.0	4.0	0.06692	-0.002684	0.01675	-1919.454937	False
212.0	8.0	0.01815	-0.001627	0.0148	-1916.779106	False
212.0	12.0	0.033316053727538986	-0.005971701405606211	0.014525861467703294	-1917.315055490033	True
212.0	16.0	0.06227	-0.007751	0.01168	-1919.250295	False
212.0	20.0	0.01619	-0.005077	0.01215	-1919.129428	False
212.0	24.0	0.05606	-0.03029	0.03311	-1916.076059	False
212.0	28.0	0.0542	-0.02691	0.03176	-1912.609051	False
212.0	32.0	0.06173	-0.0319	0.03078	-1908.643054	False
216.0	0.0	0.01198	4.322e-08	0.01805	-1920.311719	False
216.0	4.0	0.06071	-0.002047	0.01637	-1919.689049	False
216.0	8.0	0.01895	-0.001607	0.01472	-1917.108576	False
216.0	12.0	0.019737570664034365	-0.0033570704900043324	0.014938123416641247	-1917.6120126239748	True
216.0	16.0	0.02897	-0.003796	0.0112	-1919.707543	False
216.0	20.0	0.002594	-0.0008941	0.01051	-1920.122781	False
216.0	24.0	0.06913	-0.03537	0.0299	-1917.187994	False
216.0	28.0	0.05596	-0.03958	0.04616	-1913.534266	False
216.0	32.0	0.04992	-0.02775	0.02995	-1909.662598	False
220.0	0.0	0.01148	-5.082e-08	0.01849	-1920.494858	False
220.0	4.0	0.04918	-0.0007096	0.01573	-1919.920562	False
220.0	8.0	0.02046	-0.001516	0.01449	-1917.452574	False
220.0	12.0	0.015633054644005995	0.003568337483976336	0.014886118155175154	-1917.8502595807129	True
220.0	16.0	0.04215	0.003614	0.01202	-1919.993564	False
220.0	20.0	0.09799	-0.02446	0.01618	-1920.893812	False
220.0	24.0	0.09708	-0.04155	0.02782	-1918.296746	False
220.0	28.0	0.07894	-0.05378	0.04996	-1914.636294	False
220.0	32.0	0.052	-0.03348	0.03818	-1910.703725	False
224.0	0.0	0.01112	-2.121e-10	0.01891	-1920.691501	False
224.0	4.0	0.03155	0.001312	0.01488	-1920.158042	False
224.0	8.0	0.02251	-0.001541	0.01421	-1917.807175	False
224.0	12.0	0.020176542253011576	0.007993294579570431	0.01540734494763285	-1918.0391191621295	True
224.0	16.0	0.05797	0.007326	0.0132	-1920.150031	False
224.0	20.0	0.1345	-0.03067	0.01695	-1921.519886	False
224.0	24.0	0.1138	-0.04588	0.02815	-1919.298396	False
224.0	28.0	0.08485	-0.04832	0.03801	-1915.769086	False
224.0	32.0	0.05378	-0.04246	0.04698	-1911.818659	False
228.0	0.0	0.01082	-1.945e-08	0.01932	-1920.905029	False
228.0	4.0	0.00959	0.003695	0.01397	-1920.405223	False
228.0	8.0	0.02473	-0.001704	0.01395	-1918.164944	False
228.0	12.0	0.022486692854315038	0.008359018197786838	0.016240336226914565	-1918.1900351304341	True
228.0	16.0	0.05473	0.008287	0.01418	-1920.217063	False
228.0	20.0	0.1369	-0.02818	0.01574	-1922.045441	False
228.0	24.0	0.09948	-0.03942	0.02538	-1920.229889	False
228.0	28.0	0.00701	-0.003183	0.01071	-1916.800701	False
228.0	32.0	0.06214	-0.04298	0.04074	-1913.014215	False
232.0	0.0	0.01056	1.708e-08	0.01976	-1921.138442	False
232.0	4.0	0.008022	0.003922	0.01383	-1920.669068	False
232.0	8.0	0.02675	-0.001992	0.01372	-1918.528225	False
232.0	12.0	0.02448787954286047	0.005757103093642968	0.01685697091794225	-1918.3066454725301	True
232.0	16.0	0.04366	0.007265	0.01488	-1920.210753	False
232.0	20.0	0.1196	-0.02142	0.01394	-1922.491719	False
232.0	24.0	0.003129	-0.00104	0.009935	-1921.185107	False
232.0	28.0	0.02895	-0.01387	0.01659	-1917.723078	False
232.0	32.0	0.02444	-0.0107	0.01359	-1914.199727	False
236.0	0.0	0.01026	3.383e-07	0.02016	-1921.393327	False
236.0	4.0	0.007816	0.004001	0.01373	-1920.94652	False
236.0	8.0	0.02832	-0.002368	0.01351	-1918.888124	False
236.0	12.0	0.028913385479398812	0.0010346779990797472	0.017052645148694978	-1918.3824449446174	True
236.0	16.0	0.02722	0.004417	0.01478	-1920.121452	False
236.0	20.0	0.01198	-0.002104	0.0109	-1922.851883	False
236.0	24.0	0.002618	-0.000963	0.009784	-1922.068312	False
236.0	28.0	0.0358	-0.01687	0.01742	-1918.782145	False
236.0	32.0	0.03266	-0.01388	0.01509	-1915.286743	False
240.0	0.0	0.009986	2.072e-09	0.0206	-1921.688408	False
240.0	4.0	0.007663	0.004085	0.01362	-1921.258828	False
240.0	8.0	0.02962	-0.002803	0.01337	-1919.259155	False
240.0	12.0	0.03173830028487146	-0.003147075055274229	0.016947387709564055	-1918.4211269865475	True
240.0	16.0	0.01365	0.00167	0.01408	-1919.951637	False
240.0	20.0	0.002167	-0.0006508	0.01098	-1923.102331	False
240.0	24.0	0.00272	-0.001056	0.009693	-1922.840461	False
240.0	28.0	0.03905	-0.01672	0.01598	-1919.931347	False
240.0	32.0	0.03429	-0.01482	0.01606	-1916.351126	False
244.0	0.0	0.009689	9.633e-08	0.02103	-1922.011622	False
244.0	4.0	0.007507	0.004146	0.01347	-1921.590707	False
244.0	8.0	0.03042	-0.003276	0.01326	-1919.628215	False
244.0	12.0	0.040037821476744284	-0.00663886323796703	0.01743716135104023	-1918.4388788857977	True
244.0	16.0	0.02813	-0.002903	0.01486	-1919.706192	False
244.0	20.0	0.002237	-0.0005735	0.01136	-1923.20131	False
244.0	24.0	0.00299	-0.001127	0.009596	-1923.465101	False
244.0	28.0	0.03658	-0.01442	0.01417	-1921.041198	False
244.0	32.0	0.0271	-0.01162	0.0136	-1917.453785	False
248.0	0.0	0.009401	5.482e-08	0.02146	-1922.401863	False
248.0	4.0	0.007363	0.004197	0.01328	-1921.981902	False
248.0	8.0	0.03095	-0.003757	0.01324	-1920.024151	False
248.0	12.0	0.044312369283289854	-0.008749862864462443	0.01982710812696098	-1918.4866517419082	True
248.0	16.0	0.03371	-0.00456	0.01659	-1919.472196	False
248.0	20.0	0.00237	-0.0005032	0.01186	-1923.192368	False
248.0	24.0	0.006287	-0.002038	0.009755	-1923.967184	False
248.0	28.0	0.02842	-0.01048	0.01226	-1922.073451	False
248.0	32.0	0.008122	-0.003273	0.009589	-1918.598341	False
252.0	0.0	0.009116	-3.145e-08	0.0219	-1922.854087	False
252.0	4.0	0.0072	0.004214	0.01302	-1922.425651	False
252.0	8.0	0.03134	-0.004223	0.01332	-1920.432889	False
252.0	12.0	0.04469820971495153	-0.00955031019867647	0.02493825678644157	-1918.7558510741565	True
252.0	16.0	0.03353	-0.008836	0.02647	-1919.312992	False
252.0	20.0	0.02788	-0.00623	0.01365	-1923.085906	False
252.0	24.0	0.03081	-0.009118	0.01164	-1924.353125	False
252.0	28.0	0.02047	-0.007094	0.01092	-1922.969626	False
252.0	32.0	0.002977	-0.0008972	0.008528	-1919.67026	False
256.0	0.0	0.008821	1.59e-07	0.02235	-1923.387223	False
256.0	4.0	0.007012	0.004197	0.0127	-1922.938688	False
256.0	8.0	0.03145	-0.004633	0.01345	-1920.875355	False
256.0	12.0	0.04891	-0.006522	0.02673	-1919.474775	False
256.0	16.0	0.04070904491448957	-0.007724169315761031	0.026909639092892235	-1920.1963768555538	True
256.0	20.0	0.03493	-0.007213	0.01411	-1922.953041	False
256.0	24.0	0.0385	-0.01076	0.01171	-1924.690696	False
256.0	28.0	0.01976	-0.006374	0.01078	-1923.724745	False
256.0	32.0	0.00313	-0.001005	0.008493	-1920.76105	False
260.0	0.0	0.008534	-2.715e-07	0.02298	-1924.007228	False
260.0	4.0	0.006802	0.004157	0.01234	-1923.522294	False
260.0	8.0	0.03127	-0.004964	0.01357	-1921.349392	False
260.0	12.0	0.04611	-0.005965	0.02601	-1919.997545	False
260.0	16.0	0.03823427197389151	-0.0058766627969149	0.025685738662431845	-1920.6305693943143	True
260.0	20.0	0.03042	-0.005659	0.01405	-1922.813062	False
260.0	24.0	0.03892	-0.009714	0.01097	-1924.99028	False
260.0	28.0	0.02186	-0.006582	0.01144	-1924.35027	False
260.0	32.0	0.003239	-0.001236	0.008568	-1921.8677	False
264.0	0.0	0.008297	2.694e-08	0.02454	-1924.767767	False
264.0	4.0	0.006542	0.004082	0.01192	-1924.201504	False
264.0	8.0	0.03088	-0.005214	0.01365	-1921.86411	False
264.0	12.0	0.04274	-0.005852	0.02546	-1920.513628	False
264.0	16.0	0.03163597821420083	-0.004994995951030035	0.025118602947614477	-1920.8032095720769	True
264.0	20.0	0.02402	-0.004136	0.01404	-1922.68709	False
264.0	24.0	0.03851	-0.008025	0.01026	-1925.241207	False
264.0	28.0	0.02356	-0.007113	0.0126	-1924.907808	False
264.0	32.0	0.003688	-0.001549	0.008714	-1922.88444	False
268.0	0.0	0.01251	2.937e-07	0.03728	-1926.2088	False
268.0	4.0	0.0062	0.003968	0.01143	-1925.003796	False
268.0	8.0	0.03021	-0.005374	0.01368	-1922.421303	False
268.0	12.0	0.03947	-0.006215	0.02533	-1921.015607	False
268.0	16.0	0.025968065823192887	-0.0051650924104222895	0.02537334184542317	-1920.946016208449	True
268.0	20.0	0.01915	-0.003256	0.01419	-1922.568308	False
268.0	24.0	0.03891	-0.006386	0.009943	-1925.418618	False
268.0	28.0	0.02483	-0.008125	0.01332	-1925.440767	False
268.0	32.0	0.004893	-0.002172	0.008973	-1923.768386	False
272.0	0.0	0.01249	1.9e-06	0.03854	-1927.72506	False
272.0	4.0	0.006323	0.003197	0.01218	-1926.278077	False
272.0	8.0	0.0292	-0.005425	0.01367	-1923.020245	False
272.0	12.0	0.03739	-0.006952	0.02628	-1921.499044	False
272.0	16.0	0.027935460491395503	-0.00878101198999559	0.02966982455516387	-1921.1737990560412	True
272.0	20.0	0.01674	-0.002852	0.01445	-1922.444028	False
272.0	24.0	0.03949	-0.00492	0.01015	-1925.514799	False
272.0	28.0	0.02185	-0.007552	0.01167	-1925.972803	False
272.0	32.0	0.01464	-0.006207	0.0107	-1924.5077	False
276.0	0.0	0.01224	2.027e-07	0.03906	-1929.254701	False
276.0	4.0	0.006296	0.003185	0.01237	-1927.807748	False
276.0	8.0	0.02802	-0.005371	0.01365	-1923.655004	False
276.0	12.0	0.03785	-0.008173	0.02993	-1921.961023	False
276.0	16.0	0.05121323377601783	-0.024497859613646256	0.04845551363691669	-1921.6161040577526	True
276.0	20.0	0.03584551158442828	-0.012029065253905458	0.02633190198612212	-1922.675336490831	True
276.0	24.0	0.03937	-0.003589	0.01082	-1925.532387	False
276.0	28.0	0.009281	-0.002931	0.00899	-1926.465687	False
276.0	32.0	0.03662	-0.0154	0.01539	-1925.11981	False
280.0	0.0	0.0119	-2.585e-06	0.03913	-1930.783184	False
280.0	4.0	0.006044	0.003375	0.01218	-1929.368393	False
280.0	8.0	0.02663	-0.005183	0.01359	-1924.319239	False
280.0	12.0	0.04159	-0.01023	0.03915	-1922.403424	False
280.0	16.0	0.07086	-0.02402	0.03782	-1922.356141	False
280.0	20.0	0.02521	-0.007165	0.01962	-1922.399473	False
280.0	24.0	0.03812	-0.002327	0.0119	-1925.477349	False
280.0	28.0	0.00194	-0.0005032	0.008092	-1926.855734	False
280.0	32.0	0.03949	-0.01738	0.01742	-1925.640951	False
