Q20	Q30	EHFB	M22	M23	M33
149.74529933418077	0.0	0.5000000000000029	0.0219655554327825	-0.0	0.0324818375832274
149.90854949279193	0.0	0.5076234395948162	0.021859442829685244	-0.0	0.032461431313401005
150.0717996514031	0.0	0.5152626216257113	0.021753330226587986	-0.0	0.032441025043574614
150.23504981001426	0.0	0.5229155866164122	0.02164721762349073	-0.0	0.03242061877374822
150.39829996862542	0.0	0.5305803750906474	0.021541105020393476	-0.0	0.03240021250392182
150.56155012723656	0.0	0.5382550275721488	0.02143499241729624	-0.0	0.032379806234095435
150.72480028584772	0.0	0.5459375845846572	0.02132887981419898	-0.0	0.03235939996426904
150.88805044445888	0.0	0.5536260866519133	0.021222767211101726	-0.0	0.03233899369444264
151.05130060307005	0.0	0.5613185742976635	0.02111665460800447	-0.0	0.03231858742461625
151.21455076168124	0.0	0.5690130880456599	0.021010542004907193	-0.0	0.03229818115478984
151.37780092029237	0.0	0.5767076684196527	0.02090442940180996	-0.0	0.03227777488496345
151.54105107890354	0.0	0.5844003559434042	0.020798316798712704	-0.0	0.03225736861513706
151.7043012375147	0.0	0.5920891911406753	0.020692204195615446	-0.0	0.03223696234531066
151.86755139612583	0.0	0.5997722145352297	0.02058609159251821	-0.0	0.03221655607548427
152.03080155473702	0.0	0.60744746921695	0.020485369261499915	-0.0	0.032193839689052595
152.19405171334816	0.0	0.6151136296783838	0.020407825436159627	-0.0	0.032161189657330364
152.35730187195932	0.0	0.6227708247000125	0.020330281610819324	-0.0	0.03212853962560813
152.52055203057049	0.0	0.6304193870948829	0.020252737785479022	-0.0	0.0320958895938859
152.68380218918162	0.0	0.6380596496760464	0.02017519396013873	-0.0	0.03206323956216368
152.8470523477928	0.0	0.6456919452565665	0.020097650134798414	-0.0	0.03203058953044144
153.01030250640397	0.0	0.653316606649502	0.020020106309458115	-0.0	0.0319979394987192
153.1735526650151	0.0	0.6609339666679201	0.019942562484117823	-0.0	0.03196528946699698
153.33680282362627	0.0	0.668544358124896	0.019865018658777524	-0.0	0.031932639435274746
153.50005298223743	0.0	0.6761481138335041	0.019787474833437218	-0.0	0.031899989403552514
153.6633031408486	0.0	0.683745566606824	0.019709931008096915	-0.0	0.031867339371830276
153.82655329945976	0.0	0.6913370492579385	0.019632387182756617	-0.0	0.031834689340108045
153.98980345807092	0.0	0.6989228945999338	0.01955484335741631	-0.0	0.031802039308385814
154.1530536166821	0.0	0.7065034354458999	0.019477299532076008	-0.0	0.03176938927666358
154.31630377529328	0.0	0.7140790046089299	0.019399755706735695	-0.0	0.031736739244941345
154.4795539339044	0.0	0.7216499349021149	0.019322211881395403	-0.0	0.031704089213219114
154.64280409251558	0.0	0.7292165591385569	0.0192446680560551	-0.0	0.03167143918149688
154.80605425112674	0.0	0.7367792101313544	0.0191671242307148	-0.0	0.03163878914977465
154.9693044097379	0.0	0.7443382206936096	0.019089580405374496	-0.0	0.03160613911805242
155.13255456834904	0.0	0.751893923638426	0.019012036580034204	-0.0	0.03157348908633019
155.2958047269602	0.0	0.7594466517789129	0.018934492754693905	-0.0	0.03154083905460796
155.45905488557136	0.0	0.7669967379281776	0.018856948929353603	-0.0	0.03150818902288573
155.62230504418253	0.0	0.7745445148993304	0.0187794051040133	-0.0	0.031475538991163496
155.7855552027937	0.0	0.7820903155054837	0.018701861278672995	-0.0	0.03144288895944126
155.94880536140485	0.0	0.7896344725597514	0.018624317453332692	-0.0	0.03141023892771903
156.11205552001599	0.0	0.7971772908285036	0.018566383343995203	-0.0	0.031369184731995604
156.27530567862715	0.0	0.8047187713274815	0.018517408296411852	-0.0	0.03132429093837753
156.43855583723834	0.0	0.8122587291953308	0.018468433248828495	-0.0	0.031279397144759455
156.60180599584947	0.0	0.8197969768961128	0.018419458201245156	-0.0	0.03123450335114139
156.76505615446064	0.0	0.8273333268938953	0.01837048315366181	-0.0	0.031189609557523323
156.9283063130718	0.0	0.834867591652744	0.01832150810607846	-0.0	0.03114471576390525
157.09155647168296	0.0	0.842399583636726	0.018272533058495112	-0.0	0.031099821970287184
157.25480663029413	0.0	0.8499291153099091	0.01822355801091176	-0.0	0.031054928176669112
157.41805678890532	0.0	0.8574559991363638	0.018174582963328405	-0.0	0.031010034383051034
157.58130694751645	0.0	0.8649800475801556	0.018125607915745065	-0.0	0.030965140589432977
157.74455710612762	0.0	0.872501073105359	0.018076632868161715	-0.0	0.030920246795814905
157.90780726473878	0.0	0.880018888176044	0.018027657820578365	-0.0	0.030875353002196834
158.07105742334994	0.0	0.8875333052562826	0.017978682772995018	-0.0	0.030830459208578763
158.2343075819611	0.0	0.8950441368101476	0.017929707725411664	-0.0	0.030785565414960695
158.39755774057227	0.0	0.9025511953017122	0.017880732677828318	-0.0	0.030740671621342624
158.5608078991834	0.0	0.9100542931950494	0.017831757630244978	-0.0	0.030695777827724563
158.72405805779457	0.0	0.9175532429542362	0.01778278258266163	-0.0	0.03065088403410649
158.88730821640573	0.0	0.9250478570433468	0.017733807535078278	-0.0	0.030605990240488424
159.05055837501686	0.0	0.9325379479264556	0.01768483248749494	-0.0	0.030561096446870363
159.21380853362803	0.0	0.9400233280676414	0.01763585743991159	-0.0	0.030516202653252292
159.37705869223922	0.0	0.9475038099309816	0.017586882392328234	-0.0	0.030471308859634214
159.54030885085035	0.0	0.9549792059805491	0.017537907344744894	-0.0	0.030426415066016153
159.70355900946151	0.0	0.9624493286804259	0.017488932297161544	-0.0	0.030381521272398085
159.86680916807268	0.0	0.9699139904946893	0.017439957249578197	-0.0	0.030336627478780014
160.03005932668384	0.0	0.9773730045167575	0.017392485168329037	-0.0	0.030292485168329043
160.193309485295	0.0	0.984826348703958	0.01735167262867625	-0.0	0.03025167262867625
160.35655964390617	0.0	0.9922743856384834	0.01731086008902346	-0.0	0.03021086008902346
160.51980980251733	0.0	0.9997175326507903	0.017270047549370667	-0.0	0.03017004754937067
160.6830599611285	0.0	1.0071562070713367	0.017229235009717875	-0.0	0.030129235009717877
160.84631011973963	0.0	1.0145908262305794	0.017188422470065093	-0.0	0.030088422470065095
161.00956027835082	0.0	1.022021807458981	0.017147609930412294	-0.0	0.0300476099304123
161.17281043696195	0.0	1.0294495680869955	0.01710679739075951	-0.0	0.030006797390759513
161.33606059557312	0.0	1.0368745254450862	0.01706598485110672	-0.0	0.02996598485110672
161.49931075418428	0.0	1.0442970968637122	0.01702517231145393	-0.0	0.029925172311453932
161.66256091279544	0.0	1.0517176996733337	0.016984359771801138	-0.0	0.029884359771801143
161.8258110714066	0.0	1.0591367512044119	0.01694354723214835	-0.0	0.029843547232148347
161.98906123001774	0.0	1.0665546687874066	0.016902734692495563	-0.0	0.029802734692495565
162.1523113886289	0.0	1.0739718697527825	0.016861922152842775	-0.0	0.029761922152842776
162.31556154724007	0.0	1.0813887714309998	0.016821109613189986	-0.0	0.029721109613189984
162.47881170585123	0.0	1.0888057911525215	0.016780297073537193	-0.0	0.029680297073537195
162.64206186446242	0.0	1.0962233462478115	0.016739484533884394	-0.0	0.029639484533884396
162.80531202307355	0.0	1.1036418540473292	0.016698671994231612	-0.0	0.029598671994231614
162.96856218168472	0.0	1.1110617318815417	0.01665785945457882	-0.0	0.02955785945457882
163.13181234029588	0.0	1.1184833970809112	0.01661704691492603	-0.0	0.02951704691492603
163.29506249890704	0.0	1.1259072669759025	0.01657623437527324	-0.0	0.02947623437527324
163.4583126575182	0.0	1.1333337588969794	0.01653542183562045	-0.0	0.029435421835620448
163.62156281612937	0.0	1.1407632901746065	0.01649460929596766	-0.0	0.02939460929596766
163.78481297474053	0.0	1.1481962781392494	0.016453796756314868	-0.0	0.029353796756314866
163.94806313335167	0.0	1.1556331401213709	0.016412984216662086	-0.0	0.029312984216662084
164.11131329196286	0.0	1.1630742793126856	0.0163805201739065	-0.0	0.029274954509308358
164.27456345057402	0.0	1.1705199432829376	0.016351951396149547	-0.0	0.029238223223620845
164.43781360918518	0.0	1.1779702832011556	0.016323382618392595	-0.0	0.029201491937933335
164.60106376779635	0.0	1.1854254488002245	0.01629481384063564	-0.0	0.02916476065224582
164.7643139264075	0.0	1.1928855898130295	0.016266245062878687	-0.0	0.02912802936655831
164.92756408501864	0.0	1.2003508559724554	0.016237676285121738	-0.0	0.029091298080870805
165.0908142436298	0.0	1.2078213970113896	0.016209107507364783	-0.0	0.029054566795183295
165.25406440224097	0.0	1.215297362662717	0.01618053872960783	-0.0	0.029017835509495778
165.4173145608521	0.0	1.2227789026593217	0.01615196995185088	-0.0	0.028981104223808278
165.58056471946327	0.0	1.2302661667340933	0.01612340117409393	-0.0	0.028944372938120765
165.74381487807443	0.0	1.2377593046199165	0.016094832396336974	-0.0	0.02890764165243325
165.9070650366856	0.0	1.2452584660496766	0.01606626361858002	-0.0	0.02887091036674574
166.07031519529676	0.0	1.2527638007562616	0.01603769484082307	-0.0	0.02883417908105823
166.23356535390792	0.0	1.2602754584725568	0.016009126063066113	-0.0	0.028797447795370718
166.39681551251908	0.0	1.2677935889314496	0.01598055728530916	-0.0	0.028760716509683208
166.56006567113022	0.0	1.2753183418658256	0.015951988507552212	-0.0	0.028723985223995704
166.72331582974138	0.0	1.2828498670085737	0.01592341972979526	-0.0	0.02868725393830819
166.88656598835257	0.0	1.2903883140925814	0.015894850952038297	-0.0	0.028650522652620674
167.0498161469637	0.0	1.2979338328507322	0.015866282174281352	-0.0	0.028613791366933167
167.21306630557487	0.0	1.3054865730159173	0.015837713396524396	-0.0	0.028577060081245657
167.37631646418606	0.0	1.3130466843210233	0.015809144618767437	-0.0	0.028540328795558137
167.53956662279717	0.0	1.3206143164989328	0.015780575841010495	-0.0	0.028503597509870637
167.70281678140836	0.0	1.3281896192825415	0.015752007063253536	-0.0	0.028466866224183124
167.86606694001952	0.0	1.335772742404732	0.01572343828549658	-0.0	0.02843013493849561
168.02931709863066	0.0	1.343363832504306	0.0156956024352054	-0.0	0.02839413658027387
168.19256725724182	0.0	1.3509621717639821	0.015671114911413726	-0.0	0.02836148654855164
168.35581741585298	0.0	1.3585649995303448	0.015646627387622052	-0.0	0.028328836516829402
168.51906757446415	0.0	1.3661692601427602	0.015622139863830377	-0.0	0.02829618648510717
168.6823177330753	0.0	1.3737718979405957	0.015597652340038702	-0.0	0.02826353645338494
168.84556789168647	0.0	1.3813698572632178	0.015573164816247029	-0.0	0.028230886421662705
169.00881805029763	0.0	1.388960082449992	0.015548677292455354	-0.0	0.028198236389940474
169.1720682089088	0.0	1.396539517840284	0.01552418976866368	-0.0	0.02816558635821824
169.33531836751996	0.0	1.404105107773461	0.015499702244872005	-0.0	0.028132936326496008
169.49856852613112	0.0	1.4116537965888873	0.01547521472108033	-0.0	0.028100286294773777
169.6618186847423	0.0	1.419182528625928	0.015450727197288657	-0.0	0.028067636263051542
169.82506884335345	0.0	1.426688248223949	0.015426239673496982	-0.0	0.02803498623132931
169.9883190019646	0.0	1.4341678997223144	0.015401752149705308	-0.0	0.028002336199607077
170.15156916057575	0.0	1.441618427460388	0.015377264625913638	-0.0	0.027969686167884852
170.3148193191869	0.0	1.4490367757775364	0.015352777102121963	-0.0	0.02793703613616262
170.4780694777981	0.0	1.4564198890131241	0.015328289578330285	-0.0	0.027904386104440383
170.64131963640924	0.0	1.463764711506512	0.015303802054538615	-0.0	0.027871736072718152
170.8045697950204	0.0	1.4710681875970673	0.015279314530746942	-0.0	0.02783908604099592
170.96781995363156	0.0	1.478327261624153	0.015254827006955267	-0.0	0.02780643600927369
171.13107011224272	0.0	1.4855388779271324	0.015230339483163591	-0.0	0.02777378597755146
171.2943202708539	0.0	1.49269998084537	0.015205851959371918	-0.0	0.02774113594582922
171.45757042946505	0.0	1.4998075147182288	0.015181364435580243	-0.0	0.02770848591410699
171.6208205880762	0.0	1.5068584238850726	0.01515687691178857	-0.0	0.027675835882384755
171.78407074668735	0.0	1.513849652685263	0.015132389387996898	-0.0	0.027643185850662527
171.9473209052985	0.0	1.5207781454581664	0.015107901864205225	-0.0	0.027610535818940296
172.11057106390967	0.0	1.527641038562434	0.015091707170206775	-0.0	0.027586178617011292
172.27382122252084	0.0	1.5344376165091305	0.015079463408310937	-0.0	0.027565772347184894
172.437071381132	0.0	1.5411685108105964	0.0150672196464151	-0.0	0.027545366077358496
172.60032153974316	0.0	1.5478343737443356	0.015054975884519262	-0.0	0.027524959807532105
172.76357169835433	0.0	1.5544358575878499	0.015042732122623425	-0.0	0.027504553537705707
172.9268218569655	0.0	1.5609736146186437	0.01503048836072759	-0.0	0.027484147267879313
173.09007201557665	0.0	1.56744829711422	0.015018244598831752	-0.0	0.02746374099805292
173.2533221741878	0.0	1.5738605573520812	0.015006000836935915	-0.0	0.027443334728226527
173.41657233279895	0.0	1.5802110476097335	0.01499375707504008	-0.0	0.027422928458400133
173.5798224914101	0.0	1.5865004201646795	0.014981513313144243	-0.0	0.027402522188573735
173.74307265002125	0.0	1.5927293272944232	0.014969269551248407	-0.0	0.027382115918747344
173.90632280863244	0.0	1.598898421276471	0.014957025789352568	-0.0	0.027361709648920943
174.0695729672436	0.0	1.6050083543883245	0.01494478202745673	-0.0	0.02734130337909455
174.23282312585476	0.0	1.6110597789074887	0.014932538265560891	-0.0	0.027320897109268154
174.39607328446593	0.0	1.6170533471114696	0.014920294503665056	-0.0	0.02730049083944176
174.5593234430771	0.0	1.6229897112777714	0.01490805074176922	-0.0	0.027280084569615365
174.72257360168825	0.0	1.6288695236838988	0.014895806979873381	-0.0	0.027259678299788967
174.88582376029942	0.0	1.6346934366073573	0.014883563217977545	-0.0	0.02723927202996257
175.04907391891055	0.0	1.640462102325651	0.01487131945608171	-0.0	0.027218865760136178
175.2123240775217	0.0	1.6461761731162867	0.014859075694185873	-0.0	0.027198459490309787
175.37557423613288	0.0	1.6518363012567698	0.014846831932290035	-0.0	0.02717805322048339
175.53882439474404	0.0	1.6574431390246054	0.014834588170394198	-0.0	0.027157646950656995
175.7020745533552	0.0	1.6629973386972987	0.014822344408498361	-0.0	0.027137240680830597
175.86532471196637	0.0	1.6684995525523563	0.014810100646602523	-0.0	0.027116834411004206
176.0285748705775	0.0	1.6739504323188397	0.014799285628235563	-0.0	0.02709714251294225
176.19182502918866	0.0	1.6793504660014809	0.014795204374270284	-0.0	0.027080817497081133
176.35507518779983	0.0	1.6846997496883145	0.014791123120305004	-0.0	0.027064492481220018
176.51832534641096	0.0	1.6899983220502177	0.014787041866339726	-0.0	0.027048167465358902
176.68157550502215	0.0	1.6952462217580708	0.014782960612374446	-0.0	0.027031842449497783
176.84482566363332	0.0	1.700443487482749	0.014778879358409169	-0.0	0.027015517433636668
177.00807582224445	0.0	1.705590157895131	0.01477479810444389	-0.0	0.026999192417775555
177.17132598085564	0.0	1.710686271666097	0.014770716850478609	-0.0	0.026982867401914433
177.3345761394668	0.0	1.7157318674665227	0.014766635596513332	-0.0	0.026966542386053317
177.49782629807794	0.0	1.7207269839672863	0.014762554342548053	-0.0	0.026950217370192205
177.6610764566891	0.0	1.7256716598392683	0.014758473088582772	-0.0	0.02693389235433109
177.82432661530027	0.0	1.7305659337533448	0.014754391834617492	-0.0	0.02691756733846997
177.98757677391143	0.0	1.7354098443803956	0.014750310580652213	-0.0	0.02690124232260886
178.1508269325226	0.0	1.740203430391298	0.014746229326686936	-0.0	0.02688491730674774
178.31407709113375	0.0	1.7449467304569313	0.014742148072721655	-0.0	0.026868592290886624
178.4773272497449	0.0	1.749639783248173	0.014738066818756376	-0.0	0.026852267275025512
178.64057740835608	0.0	1.754282627435903	0.014733985564791097	-0.0	0.026835942259164393
178.80382756696724	0.0	1.7588753016909993	0.014729904310825818	-0.0	0.026819617243303277
178.9670777255784	0.0	1.7634178446843392	0.01472582305686054	-0.0	0.02680329222744216
179.13032788418957	0.0	1.767910295086803	0.01472174180289526	-0.0	0.026786967211581043
179.29357804280073	0.0	1.7723526915692682	0.014717660548929982	-0.0	0.026770642195719927
179.4568282014119	0.0	1.7767450728026142	0.014713579294964703	-0.0	0.02675431717985881
179.62007836002306	0.0	1.7810874774577201	0.014709498040999422	-0.0	0.026737992163997693
179.78332851863416	0.0	1.7853799442054623	0.014705416787034145	-0.0	0.026721667148136584
179.94657867724538	0.0	1.7896225117167246	0.014701335533068864	-0.0	0.026705342132275465
180.10982883585652	0.0	1.7938151136466298	0.0147	-0.0	0.02668901711641435
180.27307899446768	0.0	1.7979564894655817	0.0147	-0.0	0.026672692100553234
180.43632915307882	0.0	1.802044620658462	0.0147	-0.0	0.026656367084692118
180.59957931169	0.0	1.806077476625085	0.0147	-0.0	0.026640042068831003
180.76282947030114	0.0	1.8100530267652601	0.014700000000000001	-0.0	0.026623717052969887
180.92607962891233	0.0	1.8139692404788026	0.0147	-0.0	0.026607392037108768
181.08932978752347	0.0	1.817824087165521	0.014700000000000001	-0.0	0.026591067021247656
181.25257994613463	0.0	1.8216155362252304	0.0147	-0.0	0.026574742005386537
181.4158301047458	0.0	1.8253415570577416	0.014700000000000001	-0.0	0.02655841698952542
181.57908026335696	0.0	1.8290001190628673	0.0147	-0.0	0.026542091973664306
181.74233042196812	0.0	1.8325891916404191	0.014699999999999998	-0.0	0.02652576695780319
181.90558058057928	0.0	1.836106744190209	0.0147	-0.0	0.026509441941942075
182.06883073919045	0.0	1.8395507461120497	0.0147	-0.0	0.026493116926080956
182.23208089780158	0.0	1.842919166805752	0.0147	-0.0	0.026476791910219843
182.39533105641277	0.0	1.84620997567113	0.014700000000000001	-0.0	0.026460466894358724
182.5585812150239	0.0	1.8494211421079938	0.0147	-0.0	0.026444141878497612
182.7218313736351	0.0	1.8525506355161574	0.014700000000000001	-0.0	0.02642781686263649
182.88508153224623	0.0	1.855596425295431	0.0147	-0.0	0.026411491846775378
183.0483316908574	0.0	1.8585564808456272	0.014699999999999998	-0.0	0.026395166830914262
183.21158184946856	0.0	1.8614287715665587	0.0147	-0.0	0.026378841815053143
183.3748320080797	0.0	1.864211266858037	0.0147	-0.0	0.02636251679919203
183.53808216669086	0.0	1.866901936119875	0.0147	-0.0	0.026346191783330912
183.70133232530202	0.0	1.8694987487518844	0.0147	-0.0	0.026329866767469796
183.86458248391318	0.0	1.871999674153877	0.0147	-0.0	0.02631354175160868
184.02783264252434	0.0	1.8744026850262527	0.014701391632126217	-0.0	0.026297912551810673
184.1910828011355	0.0	1.8767068089200087	0.014709554140056775	-0.0	0.026285668789914837
184.35433295974667	0.0	1.8789136312213948	0.014717716647987333	-0.0	0.026273425028019
184.51758311835783	0.0	1.88102511746449	0.01472587915591789	-0.0	0.02626118126612316
184.680833276969	0.0	1.8830432331833749	0.01473404166384845	-0.0	0.026248937504227323
184.84408343558013	0.0	1.8849699439121306	0.014742204171779006	-0.0	0.02623669374233149
185.00733359419132	0.0	1.8868072151848372	0.014750366679709567	-0.0	0.026224449980435653
185.1705837528025	0.0	1.8885570125355742	0.014758529187640123	-0.0	0.026212206218539813
185.33383391141365	0.0	1.8902213014984237	0.014766691695570683	-0.0	0.026199962456643976
185.49708407002478	0.0	1.8918020476074642	0.014774854203501237	-0.0	0.02618771869474814
185.66033422863597	0.0	1.8933012163967777	0.014783016711431798	-0.0	0.0261754749328523
185.82358438724714	0.0	1.894720773400445	0.014791179219362356	-0.0	0.026163231170956466
185.9868345458583	0.0	1.8960626841525456	0.014799341727292914	-0.0	0.026150987409060626
186.15008470446944	0.0	1.8973289141871612	0.014807504235223472	-0.0	0.026138743647164793
186.3133348630806	0.0	1.8985214290383723	0.01481566674315403	-0.0	0.026126499885268953
186.47658502169173	0.0	1.8996421942402593	0.014823829251084587	-0.0	0.02611425612337312
186.63983518030292	0.0	1.9006931753269036	0.014831991759015147	-0.0	0.02610201236147728
186.80308533891406	0.0	1.9016763378323862	0.014840154266945703	-0.0	0.026089768599581446
186.96633549752522	0.0	1.9025936472907874	0.01484831677487626	-0.0	0.02607752483768561
187.12958565613638	0.0	1.903447069236189	0.014856479282806818	-0.0	0.02606528107578977
187.29283581474752	0.0	1.9042385692026709	0.014864641790737376	-0.0	0.026053037313893936
187.4560859733587	0.0	1.9049701127243148	0.014872804298667934	-0.0	0.026040793551998096
187.61933613196985	0.0	1.9056436653352014	0.014880966806598492	-0.0	0.02602854979010226
187.78258629058104	0.0	1.9062611925694124	0.014889129314529051	-0.0	0.02601630602820642
187.9458364491922	0.0	1.9068246599610281	0.01489729182245961	-0.0	0.026004062266310583
188.10908660780333	0.0	1.9073358481413238	0.014902727165195084	-0.0	0.02599454566960983
188.27233676641453	0.0	1.9077944002987544	0.014906808419160363	-0.0	0.025986383161679276
188.43558692502566	0.0	1.908198586327812	0.014910889673125642	-0.0	0.025978220653748715
188.59883708363685	0.0	1.9085466534895483	0.014914970927090921	-0.0	0.025970058145818157
188.76208724224801	0.0	1.908836849045017	0.0149190521810562	-0.0	0.025961895637887596
188.92533740085918	0.0	1.909067420255269	0.014923133435021479	-0.0	0.02595373312995704
189.08858755947034	0.0	1.909236614381358	0.014927214688986758	-0.0	0.025945570622026484
189.25183771808148	0.0	1.9093426786843353	0.014931295942952037	-0.0	0.025937408114095922
189.41508787669264	0.0	1.9093838604252535	0.014935377196917315	-0.0	0.025929245606165368
189.57833803530377	0.0	1.9093584068651652	0.014939458450882594	-0.0	0.02592108309823481
189.74158819391494	0.0	1.9092645652651232	0.014943539704847873	-0.0	0.025912920590304252
189.9048383525261	0.0	1.909100582886179	0.014947620958813152	-0.0	0.025904758082373695
190.06808851113726	0.0	1.9088647069893852	0.014951702212778431	-0.0	0.025896595574443133
190.23133866974842	0.0	1.9085551848357951	0.01495578346674371	-0.0	0.02588843306651258
190.3945888283596	0.0	1.9081702636864601	0.014959864720708989	-0.0	0.025880270558582018
190.55783898697075	0.0	1.9077081908024338	0.014963945974674268	-0.0	0.025872108050651463
190.7210891455819	0.0	1.9071672134447677	0.014968027228639548	-0.0	0.025863945542720902
190.88433930419305	0.0	1.9065455788745156	0.014972108482604825	-0.0	0.025855783034790348
191.0475894628042	0.0	1.9058415343527293	0.014976189736570104	-0.0	0.02584762052685979
191.21083962141537	0.0	1.905053327140461	0.014980270990535385	-0.0	0.02583945801892923
191.37408978002654	0.0	1.9041792044987644	0.014984352244500662	-0.0	0.025831295510998675
191.5373399386377	0.0	1.9032174136886917	0.014988433498465941	-0.0	0.025823133003068113
191.70059009724886	0.0	1.9021662019712957	0.01499251475243122	-0.0	0.025814970495137556
191.86384025586005	0.0	1.9010238166076294	0.0149965960063965	-0.0	0.025806807987206998
192.0270904144712	0.0	1.8997885081724384	0.015001354520723558	-0.0	0.025797290958552883
192.19034057308235	0.0	1.89845966335441	0.015009517028654117	-0.0	0.025780965942691764
192.3535907316935	0.0	1.8970394595592353	0.015017679536584673	-0.0	0.025764640926830652
192.51684089030465	0.0	1.89553049493031	0.015025842044515231	-0.0	0.025748315910969537
192.6800910489158	0.0	1.893935367611029	0.01503400455244579	-0.0	0.025731990895108418
192.84334120752698	0.0	1.8922566757447878	0.015042167060376348	-0.0	0.025715665879247302
193.00659136613814	0.0	1.8904970174749818	0.015050329568306906	-0.0	0.025699340863386187
193.1698415247493	0.0	1.8886589909450064	0.015058492076237464	-0.0	0.025683015847525067
193.33309168336046	0.0	1.8867451942982578	0.015066654584168022	-0.0	0.025666690831663955
193.49634184197163	0.0	1.8847582256781301	0.01507481709209858	-0.0	0.025650365815802836
193.6595920005828	0.0	1.8827006832280195	0.015082979600029137	-0.0	0.02563404079994172
193.82284215919395	0.0	1.8805751650913212	0.015091142107959699	-0.0	0.025617715784080605
193.98609231780512	0.0	1.878384269411431	0.015099304615890256	-0.0	0.02560139076821949
194.14934247641625	0.0	1.8761305943317441	0.015107467123820814	-0.0	0.025585065752358374
194.31259263502744	0.0	1.8738167379956547	0.015115629631751372	-0.0	0.025568740736497255
194.4758427936386	0.0	1.87144529854656	0.01512379213968193	-0.0	0.02555241572063614
194.6390929522497	0.0	1.8690188741278546	0.015131954647612484	-0.0	0.025536090704775027
194.80234311086087	0.0	1.8665400628829336	0.015140117155543045	-0.0	0.025519765688913912
194.96559326947207	0.0	1.8640114629551918	0.015148279663473603	-0.0	0.025503440673052793
195.12884342808323	0.0	1.8614356724880252	0.01515644217140416	-0.0	0.025487115657191674
195.29209358669436	0.0	1.8588152896248296	0.015164604679334719	-0.0	0.025470790641330565
195.45534374530553	0.0	1.8561529125089995	0.015172767187265276	-0.0	0.025454465625469446
195.61859390391672	0.0	1.8534511392839288	0.015180929695195836	-0.0	0.025438140609608327
195.78184406252785	0.0	1.8507125680930157	0.015189092203126392	-0.0	0.025421815593747215
195.94509422113902	0.0	1.847939797079653	0.015197254711056951	-0.0	0.025405490577886096
196.1083443797502	0.0	1.845135234567234	0.015205417218987511	-0.0	0.025389165562024977
196.2715945383613	0.0	1.8422990580578171	0.015213579726918065	-0.0	0.02537284054616387
196.4348446969725	0.0	1.839429994256265	0.015221742234848625	-0.0	0.02535651553030275
196.59809485558367	0.0	1.836526745162891	0.015229904742779184	-0.0	0.025340190514441634
196.76134501419483	0.0	1.833588012778007	0.015238067250709742	-0.0	0.025323865498580518
196.924595172806	0.0	1.8306124991019264	0.0152462297586403	-0.0	0.0253075404827194
197.08784533141716	0.0	1.82759890613496	0.015254392266570858	-0.0	0.025291215466858284
197.25109549002832	0.0	1.8245459358774205	0.015262554774501415	-0.0	0.02527489045099717
197.41434564863943	0.0	1.8214522903296226	0.015270717282431972	-0.0	0.025258565435136056
197.57759580725062	0.0	1.8183166714918746	0.015278879790362531	-0.0	0.02524224041927494
197.74084596586178	0.0	1.8151377813644922	0.015287042298293089	-0.0	0.025225915403413825
197.90409612447297	0.0	1.8119143219477865	0.015295204806223648	-0.0	0.025209590387552702
198.06734628308413	0.0	1.808644995242071	0.015303367314154208	-0.0	0.025193265371691587
198.2305964416953	0.0	1.805328503247658	0.015311529822084766	-0.0	0.02517694035583047
198.39384660030646	0.0	1.8019635479648601	0.015319692330015323	-0.0	0.025160615339969356
198.55709675891757	0.0	1.7985488313939915	0.01532785483794588	-0.0	0.025144290324108247
198.72034691752873	0.0	1.7950830555353623	0.015336017345876437	-0.0	0.025127965308247128
198.8835970761399	0.0	1.7915649223892864	0.015344179853806993	-0.0	0.025111640292386012
199.04684723475106	0.0	1.7879931339560777	0.015352342361737555	-0.0	0.025095315276524893
199.21009739336222	0.0	1.7843663922360486	0.015360504869668112	-0.0	0.02507899026066378
199.37334755197338	0.0	1.7806833992295112	0.01536866737759867	-0.0	0.025062665244802662
199.53659771058452	0.0	1.7769428569367807	0.015376829885529226	-0.0	0.02504634022894155
199.69984786919568	0.0	1.773143467358168	0.015384992393459786	-0.0	0.025030015213080434
199.86309802780687	0.0	1.7692839324939873	0.015393154901390343	-0.0	0.025013690197219312
200.02634818641803	0.0	1.7653629562142055	0.015402634818641804	-0.0	0.024997365181358196
200.18959834502917	0.0	1.7613799315567522	0.015418959834502918	-0.0	0.024981040165497084
200.35284850364033	0.0	1.7573359664742427	0.015435284850364033	-0.0	0.02496471514963597
200.5160986622515	0.0	1.7532324311828813	0.01545160986622515	-0.0	0.024948390133774853
200.67934882086269	0.0	1.7490706958988698	0.01546793488208627	-0.0	0.024932065117913734
200.84259897947382	0.0	1.7448521308384122	0.015484259897947383	-0.0	0.024915740102052622
201.00584913808498	0.0	1.7405781062177101	0.015500584913808499	-0.0	0.024899415086191503
201.16909929669615	0.0	1.736249992252966	0.015516909929669614	-0.0	0.024883090070330387
201.3323494553073	0.0	1.7318691591603834	0.015533234945530734	-0.0	0.02486676505446927
201.49559961391847	0.0	1.7274369771561642	0.015549559961391847	-0.0	0.024850440038608153
201.65884977252963	0.0	1.7229548164565114	0.015565884977252965	-0.0	0.024834115022747037
201.8220999311408	0.0	1.7184240472776273	0.01558220999311408	-0.0	0.02481779000688592
201.98535008975193	0.0	1.7138460398357158	0.015598535008975192	-0.0	0.024801464991024806
202.14860024836312	0.0	1.7092221643469767	0.015614860024836315	-0.0	0.02478513997516369
202.31185040697426	0.0	1.7045537910276158	0.015631185040697427	-0.0	0.024768814959302575
202.47510056558542	0.0	1.6998422900938337	0.015647510056558546	-0.0	0.02475248994344146
202.63835072419658	0.0	1.6950890317618332	0.015663835072419658	-0.0	0.024736164927580344
202.80160088280775	0.0	1.6902953862478172	0.015680160088280777	-0.0	0.024719839911719225
202.96485104141888	0.0	1.6854627237679891	0.01569648510414189	-0.0	0.024703514895858113
203.12810120003004	0.0	1.6805924145385494	0.015712810120003005	-0.0	0.024687189879996997
203.2913513586412	0.0	1.6756858287757015	0.01572913513586412	-0.0	0.02467086486413588
203.45460151725237	0.0	1.6707443366956485	0.01574546015172524	-0.0	0.024654539848274766
203.61785167586353	0.0	1.665769308514592	0.015761785167586355	-0.0	0.024638214832413647
203.7811018344747	0.0	1.6607621144487348	0.01577811018344747	-0.0	0.02462188981655253
203.9443519930859	0.0	1.6557241247142775	0.01579443519930859	-0.0	0.024605564800691412
204.10760215169702	0.0	1.6506566586327087	0.01581345026896213	-0.0	0.024591929838622722
204.2708523103082	0.0	1.6455604273820779	0.015833856538788525	-0.0	0.024579686076726885
204.43410246891932	0.0	1.6404357418139557	0.015854262808614916	-0.0	0.024567442314831052
204.59735262753048	0.0	1.6352829057401337	0.01587466907844131	-0.0	0.024555198552935215
204.76060278614165	0.0	1.630102222972406	0.015895075348267708	-0.0	0.02454295479103938
204.9238529447528	0.0	1.6248939973225676	0.015915481618094102	-0.0	0.02453071102914354
205.08710310336397	0.0	1.6196585326024127	0.015935887887920497	-0.0	0.024518467267247705
205.25035326197514	0.0	1.6143961326237337	0.015956294157746895	-0.0	0.024506223505351865
205.4136034205863	0.0	1.6091071011983258	0.01597670042757329	-0.0	0.02449397974345603
205.57685357919746	0.0	1.603791742137983	0.015997106697399684	-0.0	0.024481735981560192
205.74010373780862	0.0	1.5984503592544994	0.016017512967226078	-0.0	0.02446949221966435
205.9033538964198	0.0	1.5930832563596684	0.016037919237052473	-0.0	0.024457248457768515
206.06660405503095	0.0	1.5876907372652842	0.01605832550687887	-0.0	0.02444500469587268
206.2298542136421	0.0	1.5822731057831416	0.016078731776705265	-0.0	0.024432760933976838
206.39310437225328	0.0	1.5768306657250344	0.01609913804653166	-0.0	0.024420517172081005
206.55635453086444	0.0	1.5713637209027569	0.016119544316358057	-0.0	0.024408273410185165
206.7196046894756	0.0	1.5658725751281024	0.01613995058618445	-0.0	0.02439602964828933
206.88285484808677	0.0	1.560357532212866	0.016160356856010846	-0.0	0.02438378588639349
207.0461050066979	0.0	1.554818895968842	0.016180763125837237	-0.0	0.024371542124497655
207.20935516530903	0.0	1.549256970207825	0.016201169395663628	-0.0	0.024359298362601818
207.3726053239202	0.0	1.543672058741607	0.016221575665490023	-0.0	0.024347054600705985
207.53585548253136	0.0	1.5380644653819842	0.016241981935316417	-0.0	0.024334810838810145
207.69910564114252	0.0	1.53243449394075	0.016262388205142815	-0.0	0.02432256707691431
207.8623557997537	0.0	1.5267824482296992	0.01628279447496921	-0.0	0.024310323315018475
208.02560595836488	0.0	1.5211086320386824	0.016304481042713852	-0.0	0.024298079553122635
208.188856116976	0.0	1.5154133404418608	0.0163330498204708	-0.0	0.024285835791226798
208.35210627558715	0.0	1.509696846542167	0.01636161859822775	-0.0	0.024273592029330965
208.51535643419834	0.0	1.5039594200342625	0.01639018737598471	-0.0	0.024261348267435125
208.6786065928095	0.0	1.4982013306128146	0.01641875615374166	-0.0	0.024249104505539285
208.84185675142064	0.0	1.4924228479724864	0.01644732493149861	-0.0	0.02423686074364345
209.00510691003183	0.0	1.486624241807939	0.01647589370925557	-0.0	0.024224616981747615
209.168357068643	0.0	1.4808057818138385	0.01650446248701252	-0.0	0.024212373219851775
209.33160722725415	0.0	1.474967737684848	0.016533031264769477	-0.0	0.024200129457955938
209.4948573858653	0.0	1.4691103791156335	0.016561600042526426	-0.0	0.024187885696060105
209.65810754447648	0.0	1.4632339758008535	0.016590168820283385	-0.0	0.024175641934164264
209.82135770308764	0.0	1.4573387974351766	0.016618737598040337	-0.0	0.024163398172268424
209.98460786169875	0.0	1.4514251137132672	0.016647306375797283	-0.0	0.02415115441037259
210.14785802030994	0.0	1.4454931943297842	0.01667587515355424	-0.0	0.024138910648476754
210.3111081789211	0.0	1.4395433089793952	0.016704443931311194	-0.0	0.024126666886580918
210.47435833753224	0.0	1.4335757273567649	0.016733012709068143	-0.0	0.024114423124685085
210.6376084961434	0.0	1.4275907191565549	0.016761581486825095	-0.0	0.024102179362789244
210.8008586547546	0.0	1.4215885540734292	0.016790150264582054	-0.0	0.024089935600893404
210.96410881336575	0.0	1.4155695018020538	0.01681871904233901	-0.0	0.02407769183899757
211.1273589719769	0.0	1.4095338320370934	0.016847287820095955	-0.0	0.02406544807710173
211.29060913058805	0.0	1.4034818144732097	0.01687585659785291	-0.0	0.024053204315205898
211.45385928919922	0.0	1.397413718805068	0.016904425375609863	-0.0	0.02404096055331006
211.61710944781035	0.0	1.391329814727333	0.016932994153366812	-0.0	0.024028716791414224
211.7803596064215	0.0	1.3852303719346672	0.016961562931123764	-0.0	0.024016473029518388
211.94360976503265	0.0	1.379115660121738	0.016990131708880713	-0.0	0.02400422926762255
212.10685992364387	0.0	1.3729859098800528	0.01702404348281987	-0.0	0.023997328501908905
212.270110082255	0.0	1.366840876690162	0.017060774768507377	-0.0	0.023993247247943626
212.4333602408662	0.0	1.360679999467238	0.017097506054194894	-0.0	0.023989165993978344
212.59661039947733	0.0	1.354502711380288	0.0171342373398824	-0.0	0.02398508474001307
212.75986055808852	0.0	1.348308445598311	0.017170968625569917	-0.0	0.023981003486047786
212.92311071669968	0.0	1.3420966352903123	0.01720769991125743	-0.0	0.023976922232082507
213.0863608753108	0.0	1.3358667136252955	0.01724443119694493	-0.0	0.023972840978117232
213.24961103392195	0.0	1.3296181137722607	0.01728116248263244	-0.0	0.023968759724151953
213.41286119253311	0.0	1.3233502689002126	0.01731789376831995	-0.0	0.02396467847018667
213.57611135114428	0.0	1.3170626121781543	0.017354625054007464	-0.0	0.023960597216221395
213.73936150975544	0.0	1.3107545767750897	0.017391356339694977	-0.0	0.023956515962256116
213.9026116683666	0.0	1.3044255958600226	0.017428087625382487	-0.0	0.023952434708290837
214.06586182697777	0.0	1.2980751026019572	0.017464818911069997	-0.0	0.023948353454325555
214.22911198558893	0.0	1.291702530169897	0.017501550196757507	-0.0	0.023944272200360276
214.39236214420012	0.0	1.2853073117328453	0.017538281482445028	-0.0	0.023940190946394997
214.55561230281126	0.0	1.2788888804598104	0.01757501276813253	-0.0	0.023936109692429722
214.71886246142242	0.0	1.272446669519793	0.017611744053820044	-0.0	0.02393202843846444
214.88211262003358	0.0	1.2659801120817993	0.017648475339507554	-0.0	0.023927947184499164
215.04536277864474	0.0	1.2594886413148343	0.017685206625195068	-0.0	0.02392386593053388
215.2086129372559	0.0	1.2529716903879033	0.017721937910882578	-0.0	0.023919784676568603
215.37186309586707	0.0	1.2464286924700119	0.01775866919657009	-0.0	0.023915703422603324
215.53511325447823	0.0	1.239859080730166	0.0177954004822576	-0.0	0.023911622168638045
215.69836341308937	0.0	1.2332622883373723	0.017832131767945108	-0.0	0.023907540914672766
215.8616135717005	0.0	1.2266377484606363	0.017868863053632614	-0.0	0.02390345966070749
216.0248637303117	0.0	1.219984894818302	0.017907459119093506	-0.0	0.0239
216.18811388892289	0.0	1.2133033968370857	0.017956434166676864	-0.0	0.0239
216.35136404753402	0.0	1.206593525911581	0.018005409214260203	-0.0	0.023900000000000005
216.51461420614518	0.0	1.1998556481522578	0.018054384261843553	-0.0	0.0239
216.67786436475635	0.0	1.1930901296695928	0.018103359309426904	-0.0	0.0239
216.84111452336754	0.0	1.1862973365740597	0.01815233435701026	-0.0	0.0239
217.0043646819787	0.0	1.179477634976135	0.01820130940459361	-0.0	0.0239
217.16761484058983	0.0	1.1726313909862942	0.01825028445217695	-0.0	0.0239
217.33086499920097	0.0	1.1657589707150111	0.01829925949976029	-0.0	0.023900000000000005
217.49411515781213	0.0	1.1588607402727606	0.018348234547343637	-0.0	0.0239
217.6573653164233	0.0	1.151937065770019	0.018397209594926987	-0.0	0.0239
217.82061547503443	0.0	1.1449883133172634	0.018446184642510327	-0.0	0.0239
217.9838656336456	0.0	1.138014849024967	0.018495159690093677	-0.0	0.0239
218.14711579225678	0.0	1.1310170390036076	0.018544134737677034	-0.0	0.0239
218.31036595086792	0.0	1.1239952493636634	0.018593109785260374	-0.0	0.0239
218.47361610947908	0.0	1.1169498462156087	0.018642084832843724	-0.0	0.0239
218.63686626809027	0.0	1.1098811956699197	0.01869105988042708	-0.0	0.023899999999999998
218.80011642670138	0.0	1.102789663837079	0.018740034928010414	-0.0	0.0239
218.96336658531257	0.0	1.0956756168275563	0.01878900997559377	-0.0	0.0239
219.1266167439237	0.0	1.0885394207518357	0.01883798502317711	-0.0	0.0239
219.2898669025349	0.0	1.0813814417203904	0.018886960070760468	-0.0	0.0239
219.45311706114606	0.0	1.074202045843702	0.018935935118343815	-0.0	0.0239
219.6163672197572	0.0	1.067001599232249	0.018984910165927155	-0.0	0.0239
219.77961737836839	0.0	1.0597804679965066	0.019033885213510515	-0.0	0.0239
219.94286753697952	0.0	1.052539018246959	0.019082860261093855	-0.0	0.0239
220.10611769559068	0.0	1.0452775955875402	0.019137141193456737	-0.0	0.02390265294238977
220.26936785420185	0.0	1.0379962922458603	0.019194278748970645	-0.0	0.023906734196355046
220.432618012813	0.0	1.0306950295707065	0.019251416304484553	-0.0	0.023910815450320328
220.59586817142417	0.0	1.0233737257106617	0.01930855385999846	-0.0	0.023914896704285607
220.75911833003534	0.0	1.0160322988143091	0.019365691415512365	-0.0	0.023918977958250882
220.9223684886465	0.0	1.0086706670302323	0.019422828971026273	-0.0	0.023923059212216165
221.08561864725763	0.0	1.0012887485070179	0.01947996652654017	-0.0	0.02392714046618144
221.2488688058688	0.0	0.9938864613932473	0.01953710408205408	-0.0	0.02393122172014672
221.41211896447993	0.0	0.9864637238375089	0.019594241637567976	-0.0	0.023935302974111998
221.5753691230911	0.0	0.9790204539883861	0.01965137919308188	-0.0	0.02393938422807728
221.73861928170228	0.0	0.9715565699944658	0.0197085167485958	-0.0	0.023943465482042556
221.90186944031345	0.0	0.9640719900043381	0.019765654304109703	-0.0	0.023947546736007838
222.06511959892458	0.0	0.9565666321665909	0.0198227918596236	-0.0	0.023951627989973114
222.22836975753575	0.0	0.9490404146298106	0.019879929415137512	-0.0	0.023955709243938396
222.39161991614694	0.0	0.941493255542587	0.019937066970651427	-0.0	0.023959790497903675
222.5548700747581	0.0	0.933925073053513	0.019994204526165335	-0.0	0.023963871751868954
222.71812023336923	0.0	0.9263357853111802	0.020051342081679233	-0.0	0.02396795300583423
222.8813703919804	0.0	0.918725310464178	0.02010847963719314	-0.0	0.02397203425979951
223.04462055059156	0.0	0.9110935666611009	0.020165617192707045	-0.0	0.023976115513764787
223.20787070920272	0.0	0.9034404720505432	0.020222754748220953	-0.0	0.02398019676773007
223.3711208678139	0.0	0.8957659447810998	0.02027989230373486	-0.0	0.023984278021695348
223.53437102642505	0.0	0.8880699030013671	0.02033702985924877	-0.0	0.023988359275660627
223.6976211850362	0.0	0.8803522648599423	0.020394167414762673	-0.0	0.023992440529625906
223.86087134364737	0.0	0.8726129485054243	0.02045130497027658	-0.0	0.023996521783591185
224.02412150225854	0.0	0.8648518721096107	0.020509648600903416	-0.0	0.024000603037556464
224.1873716608697	0.0	0.857068964624452	0.02057494866434788	-0.0	0.024004684291521743
224.35062181948086	0.0	0.8492641828939591	0.020640248727792347	-0.0	0.02400876554548702
224.513871978092	0.0	0.8414374882134278	0.0207055487912368	-0.0	0.0240128467994523
224.6771221367032	0.0	0.8335888418781494	0.02077084885468128	-0.0	0.024016928053417583
224.84037229531432	0.0	0.8257182051834282	0.020836148918125734	-0.0	0.024021009307382858
225.00362245392546	0.0	0.8178255394245598	0.020901448981570186	-0.0	0.024025090561348137
225.16687261253662	0.0	0.8099108058968444	0.02096674904501465	-0.0	0.024029171815313416
225.33012277114778	0.0	0.8019739658955867	0.021032049108459114	-0.0	0.02403325306927869
225.49337292975895	0.0	0.794014980716091	0.021097349171903583	-0.0	0.024037334323243974
225.6566230883701	0.0	0.786033811653665	0.021162649235348045	-0.0	0.024041415577209253
225.81987324698127	0.0	0.7780304200036178	0.021227949298792508	-0.0	0.02404549683117453
225.98312340559244	0.0	0.7700047670612613	0.021293249362236977	-0.0	0.02404957808513981
226.1463735642036	0.0	0.7619568141219095	0.02135854942568144	-0.0	0.02405365933910509
226.30962372281476	0.0	0.7538865224808795	0.021423849489125908	-0.0	0.02405774059307037
226.47287388142593	0.0	0.7457938534334908	0.02148914955257037	-0.0	0.024061821847035647
226.63612404003706	0.0	0.7376787682750674	0.021554449616014826	-0.0	0.024065903101000926
226.79937419864825	0.0	0.7295412283009312	0.021619749679459302	-0.0	0.024069984354966205
226.96262435725941	0.0	0.7213811948064152	0.021685049742903768	-0.0	0.024074065608931487
227.12587451587055	0.0	0.7131986290868526	0.02175034980634822	-0.0	0.024078146862896763
227.2891246744817	0.0	0.7049934924375768	0.021815649869792685	-0.0	0.024082228116862045
227.4523748330929	0.0	0.6967657461539286	0.02188094993323716	-0.0	0.02408630937082732
227.61562499170407	0.0	0.688515351531256	0.021946249996681627	-0.0	0.024090390624792603
227.7788751503152	0.0	0.6802422698649083	0.022011550060126082	-0.0	0.024094471878757878
227.94212530892636	0.0	0.6719464624502376	0.022076850123570548	-0.0	0.02409855313272316
228.10537546753753	0.0	0.6636278480780252	0.022139515800326574	-0.0	0.024105268773376876
228.26862562614866	0.0	0.6552858114165843	0.02220073460980575	-0.0	0.024113431281307433
228.43187578475982	0.0	0.6469193725390656	0.022261953419284934	-0.0	0.02412159378923799
228.595125943371	0.0	0.6385275444768388	0.022323172228764124	-0.0	0.02412975629716855
228.75837610198215	0.0	0.6301093402612808	0.022384391038243308	-0.0	0.024137918805099107
228.9216262605933	0.0	0.6216637729237777	0.022445609847722495	-0.0	0.024146081313029664
229.08487641920448	0.0	0.6131898554957247	0.02250682865720168	-0.0	0.024154243820960222
229.24812657781564	0.0	0.6046866010085278	0.02256804746668087	-0.0	0.024162406328890784
229.4113767364268	0.0	0.5961530224936051	0.022629266276160052	-0.0	0.024170568836821338
229.57462689503797	0.0	0.5875881329823863	0.02269048508563924	-0.0	0.024178731344751896
229.73787705364913	0.0	0.5789909455063151	0.022751703895118425	-0.0	0.024186893852682453
229.90112721226026	0.0	0.5703604730968513	0.022812922704597602	-0.0	0.02419505636061301
230.06437737087143	0.0	0.5616957287854661	0.022874141514076785	-0.0	0.02420321886854357
230.22762752948262	0.0	0.5529957256036517	0.022935360323555982	-0.0	0.02421138137647413
230.39087768809378	0.0	0.5442594765829221	0.02299657913303517	-0.0	0.024219543884404688
230.55412784670492	0.0	0.535485994754809	0.023057797942514342	-0.0	0.024227706392335246
230.71737800531608	0.0	0.5266742931508647	0.02311901675199353	-0.0	0.0242358689002658
230.88062816392724	0.0	0.5178233848026715	0.023180235561472716	-0.0	0.02424403140819636
231.0438783225384	0.0	0.5089322827418374	0.023241454370951903	-0.0	0.02425219391612692
231.20712848114957	0.0	0.500000000000002	0.02330267318043109	-0.0	0.024260356424057477
