Q20	Q30	EHFB	M22	M23	M33
132.0	0.0	0.0001	0.05030000000000001	-8.201772594418345e-19	0.03060000000000001
132.44072718449655	0.00106536812954699	0.0006713378465622111	0.048743691444272895	0.00039141209192042434	0.030727696601399845
132.88109516731026	0.0008810027034781133	0.0009783382953763753	0.04725124756585901	0.000768815597924792	0.030861222749907907
133.32217230788132	0.0001328067284390958	0.0016310621913971457	0.04581718000377375	0.0010680531760113863	0.03100192925212617
133.76222436406607	9.334100808710068e-05	0.0037992231420678492	0.04446209201593879	0.001244614369867773	0.031144639424629306
134.20359959244797	9.183935618460744e-05	0.006861636412103392	0.04318883619186996	0.0012761905791619829	0.03126962453207392
134.6433538818995	8.529566700077535e-05	0.010754119240142832	0.04201191707340438	0.0011570267065895343	0.03136570067709834
135.08502222271974	8.294607761050394e-05	0.015513849093119998	0.040915893731731635	0.0008943818881197821	0.03143605081437569
135.52448441889823	7.464283513015358e-05	0.021084184538214874	0.03988806780207285	0.0005114189944727952	0.031498967802430555
135.96643736249578	7.204426330848922e-05	0.02753226235010248	0.03887816850305065	3.82019304391016e-05	0.031590896511738985
136.4056157326187	7.478721630350676e-05	0.03477182880063157	0.03785177354797121	-0.00046009939762503544	0.03175355583155004
136.84784246385115	6.497779178796389e-05	0.042852271716146015	0.0367767747973212	-0.0008854913093497948	0.032004373013166734
137.28674737108767	7.233930617142483e-05	0.051636690624213326	0.03569825278623269	-0.0011476062700040556	0.03230805880533853
137.72923534794555	6.0302470149236735e-05	0.06119573980972865	0.034662399265178036	-0.0012137162946451567	0.03260279454825448
138.1678786837911	5.928804570985648e-05	0.07134793202970374	0.03375828117298536	-0.001099792073257055	0.032809928346690734
138.61061422357307	5.16421272041544e-05	0.08222366029094057	0.033019923578224614	-0.0008654376538666168	0.032879766812086084
139.04900875368662	4.6853704839921685e-05	0.09357977018192724	0.03246713199907454	-0.0005972734186556648	0.032802774682539414
139.4919773390616	4.5745591295780714e-05	0.10560581967965038	0.03204125643819662	-0.0003564187173060834	0.032622161628411576
139.9301367375147	3.6962913142766347e-05	0.11799888552295623	0.0316630958594958	-0.00011922124483076141	0.0324270035139194
140.37332287533755	3.841752586422435e-05	0.13100858430262144	0.031319165875795876	-0.0	0.03221575550532004
140.811261810644	3.4019652798402615e-05	0.14430938921234907	0.03091091814468056	-0.0	0.032096929039642924
141.25464911471934	3.262955583708258e-05	0.1582243495725887	0.030426082212281144	-0.0	0.032067769769556984
141.6923831230592	2.7576674955958716e-05	0.17239551468327446	0.02989251281793063	-0.0	0.03211069527364081
142.1359543385547	2.672136065532164e-05	0.18719192555335387	0.02931212681571677	-0.0	0.03220875161655068
142.57349989838556	2.32760357916391e-05	0.2022086368867582	0.028716128602859395	-0.0	0.03234102873480816
143.01723691039243	2.1387653629151228e-05	0.21786023580493702	0.02810382577493092	-0.0	0.03249299800573998
143.45461132261894	1.723115115481158e-05	0.2336961510274589	0.027508197329323424	-0.0	0.03264219336858224
143.89849532522433	1.6158089411617165e-05	0.250177713197928	0.026927687350633313	-0.0	0.03277480286130096
144.33571632461857	1.9203891158776786e-05	0.2668087885034857	0.026551621767670952	-0.0009989598330467986	0.03271269691913971
144.77972833077865	1.8040917876126e-05	0.2840884000493312	0.026210066830217614	-0.001462180314110776	0.03261203279930255
145.21681401565584	1.7247303298585756e-05	0.3014709380000394	0.02584868818394906	-0.0017169772935002052	0.032541978289933285
145.66093448611403	1.664684359574826e-05	0.31949875029690133	0.025451461025075246	-0.001838374988967189	0.03250582331779547
146.09790359458145	1.604453046242691e-05	0.3375831168101928	0.02503262985774269	-0.0018416686352706448	0.03250418545757018
146.5421126897658	1.5629327759043128e-05	0.35630680200599824	0.024584611808689653	-0.001732197893359613	0.03253185569127341
146.9789840427461	1.6543778040683957e-05	0.3750426902064059	0.024131767809631298	-0.0015098101966440534	0.03257931083984546
147.42326197045446	1.596194737803701e-05	0.39440984368559934	0.02367157269458901	-0.0011472727551450677	0.03263639114341346
147.86005437138726	3.975467995212707e-05	0.41374947681437946	0.023234613050179098	-0.0005548209556375621	0.03268741502803846
148.3043817282305	6.144219418163761e-06	0.43370227451045334	0.022880319268723	-0.0	0.03265948689444483
148.74111325342557	6.7504321210188725e-06	0.4535708129424859	0.022571147454464584	-0.0	0.03260417658283871
149.18547136635166	6.952551949203584e-06	0.47400462108947977	0.022263979755230288	-0.0	0.032550473697834224
149.6221597417488	7.349494274090163e-06	0.4942622844821478	0.0219695109884539	-0.0	0.03249917733859806
150.06653007420775	2.855887637406065e-05	0.5150201445782752	0.02167751792107525	-0.0	0.03244762226825612
150.50319236812214	1.1447490257437607e-05	0.5355123952912962	0.02139822601898801	-0.0	0.03239591628735199
150.94755767321445	4.739096066944947e-05	0.5564380937449878	0.02112192983976061	-0.0	0.032342146164248874
151.3842095851594	9.606884782334694e-06	0.5770115179685559	0.020858278457439382	-0.0	0.0322857420254866
151.82855409626467	1.0921630454524984e-05	0.5979397219352491	0.020598153263054173	-0.0	0.03222489295053652
152.26520908964775	3.141630355079175e-05	0.6184590365534628	0.020368086769445546	-0.00045294646288297286	0.03214308899013586
152.70952500882353	0.0006659011700853785	0.639412903761987	0.02015466374812587	-0.0007447053300235222	0.03205055093034003
153.1461723640064	3.953282737968668e-05	0.6596662316339977	0.019925213208388665	-0.0007644764880711555	0.03196601309306074
153.59048383585625	0.0003675916713518752	0.6804484281565888	0.019708063711493834	-0.0008281749948450695	0.031880565293529534
154.02710848565138	0.000767601288209913	0.7008538637918972	0.01949910569652492	-0.0008513655736009549	0.03179741984562066
154.47140032936497	4.4874948930192966e-05	0.7212839777023924	0.01927260756831769	-0.0007077291347594983	0.03171534315115753
154.90804739987988	0.000814937342934617	0.74173014968069	0.01908167722344251	-0.000714403456440978	0.031628520648519336
155.35225519852503	5.2587787048896206e-05	0.7620729739609189	0.01886993816201203	-0.00046481064061103055	0.03154118902727944
155.7889951915554	0.0008223561392422101	0.782497560509333	0.018699082092664254	-0.0004655093152821191	0.03144461262276167
156.23305250689253	0.00022792481695349773	0.8028384901456282	0.01851534961996979	-0.0	0.031343200156571195
156.66993397701975	3.966389236950143e-05	0.8229552321121476	0.01836237022107987	-0.0	0.031226907732381223
157.11382612327216	2.0824839784863894e-05	0.8434339212374831	0.018216399574643664	-0.0	0.031107046921972272
157.55084118893438	2.3074796692351616e-05	0.8635842494982252	0.01808034819866495	-0.0	0.030986569637308906
157.99457598842167	2.3478816194681348e-05	0.8840218746076256	0.017948650294821306	-0.0	0.030862333444226505
158.43171593793835	2.3265780340326497e-05	0.9041302911210232	0.01782403107898208	-0.0	0.030738902684487028
158.87530380881003	5.446870219965883e-05	0.9245183518356631	0.017701622481887967	-0.0	0.03061368946734306
159.31255691572855	0.0001741844975142417	0.9446199308066381	0.01758392317682352	-0.0	0.030491486256230094
159.75600750018145	0.00040513125960624214	0.9650197262853591	0.01747072202064093	-0.00023691566955340334	0.030365204652289896
160.19337390956787	0.001072995603215562	0.9852999346817967	0.01736860376366242	-0.00046030294976781767	0.030237275964865043
160.63664890109325	9.403712377329863e-05	1.0050845891569031	0.01723453046216567	-0.00022762222831162118	0.03012567477151003
161.07421165949702	0.0010883602731377104	1.0254752302217287	0.01713676291199038	-0.0004958046029536984	0.03000019944030919
161.51719958364103	0.00018733722597567577	1.0452014052120877	0.017004598882037182	-0.0002896246640178582	0.02989555778585402
161.95508292552836	0.001139437848481267	1.0655831483203289	0.016907775069366384	-0.000504407099492897	0.029774190818702032
162.39766563625497	0.0005511340717316718	1.0854050491642315	0.016784948994154673	-0.00037354074776655566	0.029672069117134457
162.83594993330533	0.00014258977216002867	1.1051106608087988	0.016669452440193324	-0.00023417722958810001	0.029571543491819098
163.27813730044258	0.0013080617486829003	1.125860642855003	0.016584232360434735	-0.0005033973495719138	0.029449535720719334
163.71671242585649	0.00019132390083996008	1.145204232424385	0.016464970924651313	-0.0002016618947783018	0.029362878333757305
164.1586551657311	0.0009687643785564803	1.1658025159312673	0.016383328344132243	-0.0004137110008799338	0.029247764146487405
164.59739160264138	0.0004727467053598825	1.1855440287914236	0.016286019177978745	-0.0002756290411522239	0.02915444775528199
165.0391792015257	0.0005400909817843758	1.2057947295806708	0.016202892720169577	-0.0002906189123080731	0.029052095038037674
165.47805240093697	0.0013654133418103264	1.2264393716248814	0.01613777729372815	-0.0004792569179869204	0.02893765667812779
165.9196262532956	0.0005056127061829829	1.2461688732366316	0.016046257471801134	-0.0002781643332993837	0.028853087027158757
166.3587394158915	0.00038996382209854154	1.2663030826607764	0.015970804927122134	-0.00024202089654335628	0.02875660814963956
166.80004592007143	0.0012678361744149456	1.287269976630211	0.01591443674902022	-0.00046456305487011385	0.02864163171956934
167.23937263258745	0.001132280933824789	1.3075061372678625	0.01584167779607721	-0.00044111396131616543	0.02854640352845217
167.6804311303978	0.00032454331663119115	1.3273851229996663	0.015756993356060987	-0.00023526078016215948	0.02846418815218715
168.1200428413182	0.001254792849216729	1.3485105637514705	0.01570310284524295	-0.0004697556470792515	0.028349411215626102
168.56073574372715	0.0015832469861592755	1.3692969912816382	0.015637630665196918	-0.0005285011791429453	0.02824641488585512
169.00068061949847	0.0013116729047211876	1.3895808701343477	0.01556139769432734	-0.0004823584511653635	0.028156212165829947
169.4410110627769	0.00024119867505472648	1.4091808383638864	0.015471218821844388	-0.0002138223607996006	0.02808301304304968
169.8813440346503	0.00030605642905530525	1.4295093296305148	0.015402676508251384	-0.00023852296166821055	0.027989886041484686
170.3212463202993	0.0013693109619134264	1.4504129708472915	0.015354129739480051	-0.0004915212198948503	0.027880112054231732
170.76191229713228	0.00026948070932499794	1.4693799527073579	0.015268938266298746	-0.00022169643900446615	0.027815272797861838
171.1407526847573	0.22264544844743092	1.654972675271292	0.01848661465230501	-0.004418340151157909	0.02434553994151658
171.46305025202537	0.5223720836073752	1.8649987090564568	0.021170715165876965	-0.004316365897895756	0.021865273003711085
171.73496695600156	0.8674889409870131	2.0574546480125564	0.023113529284894425	-0.003478880049705844	0.020809744697334386
171.9708820392076	1.2390327188750985	2.2105882396817607	0.024852507698733192	-0.0027470591210107097	0.020706330182506533
172.18175388653583	1.6246064085987875	2.3150702951786557	0.026877682930521354	-0.0022560636208945493	0.021023183619900042
172.37665176121072	2.019221498271704	2.3696235508311236	0.02943332985349476	-0.0018666162292965847	0.021442045374685297
172.56066998905817	2.4184290544041254	2.376131828440528	0.03254171172062395	-0.0014179943828084185	0.02183210136543826
172.7378797436112	2.8213293961124926	2.3384945749595176	0.036129445524730235	-0.0008135604552268427	0.022165008816232686
172.91047928936328	3.225727472512486	2.261673621741681	0.04006775687538097	-3.5696378414928934e-05	0.022443213044038325
173.08109461877538	3.631496164618264	2.1510465309079976	0.0442400479151916	0.0008806518121324488	0.022669215365193122
173.251677979566	4.036884875682198	2.0128229219834215	0.048518540659636865	0.0018685133731391732	0.022834369059686516
173.42504577860763	4.441516162255553	1.853126668298485	0.052792653210999504	0.0028593104263112262	0.0229251933534743
173.6037666688781	4.8435210998491245	1.678768885328898	0.05693399925933143	0.0037942592848807673	0.022930733265050348
173.79119293713296	5.241871545260603	1.4961983251765916	0.06081801946814511	0.004641425733004959	0.02284992735663748
173.99051281390595	5.634198435723833	1.3122118363422572	0.06430435261755038	0.005395200733673718	0.022694160988293674
174.20548238317937	6.018427263772403	1.1329704851133795	0.06726112804490379	0.006076940505198629	0.022485640433420034
174.43958139287227	6.391159840039708	0.9644211374027846	0.06956370574526148	0.0067216593950077015	0.022253944189672675
174.6964564288686	6.748775967237261	0.8113952592615883	0.07112002844515294	0.0073645908454614975	0.02203032849601582
174.9789889649055	7.086371678782276	0.677650640929608	0.07188257411948998	0.008022575373496627	0.021842780000069825
175.2893242845971	7.398764702367465	0.5650708641834349	0.07187078939125201	0.008684232265683515	0.02170978010747995
175.62769158338483	7.680447938156245	0.4735906738644686	0.0711805252713969	0.009309651268190918	0.021635847429205823
175.99230862328463	7.927359456857997	0.401004076975717	0.06997576320288984	0.009847051481532459	0.02161018462776322
176.37888502952876	8.138117127993207	0.3435775243141848	0.0684549240325046	0.010254469794419597	0.02161152081366227
176.7821575755742	8.314999294304366	0.29637918241874284	0.06681921331376998	0.010513479473772881	0.021614416680228166
177.1974084644562	8.461405699121048	0.2554348605116852	0.06521874364118056	0.010633032512154755	0.021601993228664983
177.6211386991866	8.581278974219106	0.21825794374490864	0.06373716739624397	0.01063959479183081	0.02156866255394741
178.0505747940231	8.678512346760403	0.18342166058175088	0.062413578256233025	0.010564142938862188	0.021515867624448376
178.48390771466677	8.756860763095231	0.15014461707963703	0.06125822024011441	0.010435576485337737	0.02144826809808941
178.91970438398536	8.819739869945558	0.11806124772569124	0.060266279655815706	0.010278302332944635	0.02137127130325243
179.35714436260258	8.870280341455754	0.08701759494536349	0.059424941106522425	0.010111870703961676	0.02128962141012985
179.79554326888072	8.911262957096987	0.05698774547901482	0.05871941665742432	0.009951738632336404	0.021206928526085876
180.2345946510328	8.945152109057833	0.027981472144992428	0.05813507721585157	0.00980991070142285	0.02112557433222491
180.6740184089157	8.973829215357027	0.00010003009504255524	0.05765491794335623	0.009692730541889887	0.02104708065968408
