Q20	Q30	EHFB	M22	M23	M33
132.0	0.0	0.0001	0.0503	-0.0	0.0306
132.21503583392507	0.0	0.00029839436902092553	0.04968177197746542	-0.0	0.030653758958481266
132.43007166785014	0.0	0.00037119705121214794	0.04906354395493084	-0.0	0.030707517916962534
132.64510750177521	0.0	0.00025018674372624666	0.04844531593239626	-0.0	0.0307612768754438
132.86014333570026	0.0	0.0001435253650671029	0.04782708790986176	-0.0	0.030815035833925065
133.07517916962536	0.0	0.0006468333484267836	0.04720885988732709	-0.0	0.03086879479240634
133.29021500355043	0.0	0.001382267726975608	0.046590631864792516	-0.0	0.030922553750887607
133.5052508374755	0.0	0.0023235446391007383	0.04597240384225793	-0.0	0.030976312709368875
133.72028667140057	0.0	0.0034684070006640697	0.045354175819723355	-0.0	0.031030071667850143
133.93532250532562	0.0	0.004816074543080513	0.044735947797188855	-0.0	0.031083830626331403
134.1503583392507	0.0	0.006366061017719873	0.04411771977465427	-0.0	0.03113758958481267
134.36539417317573	0.0	0.008117969421170136	0.04349949175211977	-0.0	0.03119134854329393
134.5804300071008	0.0	0.01007143690927077	0.0428812637295852	-0.0	0.031245107501775206
134.7954658410259	0.0	0.012226115835937676	0.042263035707050534	-0.0	0.03129886646025647
135.01050167495094	0.0	0.014581666079688516	0.04164480768451603	-0.0	0.03135262541873774
135.22553750887602	0.0	0.017137751556413543	0.041026579661981456	-0.0	0.03140638437721901
135.4405733428011	0.0	0.01989403848911265	0.04040835163944687	-0.0	0.031460143335700276
135.65560917672616	0.0	0.022850194487918914	0.03979012361691229	-0.0	0.031513902294181544
135.87064501065123	0.0	0.02600588803274055	0.03917189559437771	-0.0	0.03156766125266281
136.0856808445763	0.0	0.02936074041561264	0.03865967000555332	-0.00015125432577433527	0.03160324064312461
136.30071667850137	0.0	0.032912499787854564	0.03828087897665268	-0.0005036883507623999	0.03163797433774514
136.51575251242645	0.0	0.03665647083159298	0.03786881473634888	-0.0008150931129106946	0.031705981243768805
136.7307883463515	0.0	0.04058779407892372	0.03742944329170071	-0.001083254287701595	0.03180129535413691
136.9458241802766	0.0	0.044701610188728966	0.03696873064976668	-0.0013065188337983344	0.03191795066179078
137.16086001420163	0.0	0.04899305991415902	0.03649264281760572	-0.001483777978312623	0.03204998115967167
137.3758958481267	0.0	0.053457284079260016	0.03600714580227635	-0.0016144590039892603	0.03219142084072093
137.5909316820518	0.0	0.05808942356196809	0.03551820561083726	-0.0016985256195633568	0.03233630369787986
137.80596751597685	0.0	0.06288461928161125	0.035031788250347334	-0.001736487213986176	0.0324786637240897
138.02100334990192	0.0	0.06783801218962823	0.0345538597278651	-0.001729417850166996	0.03261253491229182
138.236039183827	0.0	0.07294474326259083	0.03409038605044932	-0.001678986484848889	0.0327319512554275
138.45107501775203	0.0	0.07819995349692078	0.033647333225158726	-0.0015875006054750299	0.03283094674643802
138.6661108516771	0.0	0.0835987839048475	0.03323066725905192	-0.001457966074947324	0.03290355537826472
138.88114668560218	0.0	0.08913637551128119	0.03284635415918764	-0.001294165603119921	0.03294381114384888
139.09618251952725	0.0	0.09480786935138454	0.0325003599326246	-0.0011007532017402056	0.0329457480361318
139.31121835345232	0.0	0.10060840646866405	0.0321986505864215	-0.0008833352721983912	0.032903400048054796
139.5262541873774	0.0	0.1065331279134614	0.031947192127637025	-0.0006483676698033383	0.03281080117255915
139.74129002130246	0.0	0.11257717474175205	0.031751950563329884	-0.00040170795383099163	0.032661985402586184
139.9563258552275	0.0	0.118735688014181	0.03161889190055879	-0.00012679415089172908	0.0324509867310772
140.1713616891526	0.0	0.1250041559562805	0.031394365973016876	-0.0	0.032417136168915256
140.38639752307768	0.0	0.1313806582413892	0.03113632297230679	-0.0	0.03243863975230776
140.60143335700272	0.0	0.13786444617537133	0.03087827997159674	-0.0	0.03246014333570027
140.8164691909278	0.0	0.1444547768140284	0.030620236970886654	-0.0	0.03248164691909278
141.03150502485286	0.0	0.151150907215361	0.030362193970176567	-0.0	0.032503150502485284
141.24654085877793	0.0	0.15795209443921351	0.030104150969466482	-0.0	0.03252465408587779
141.461576692703	0.0	0.16485759554698196	0.029846107968756398	-0.0	0.0325461576692703
141.67661252662808	0.0	0.1718666676013764	0.02958806496804631	-0.0	0.032567661252662805
141.89164836055315	0.0	0.1789785676662255	0.029330021967336223	-0.0	0.03258916483605531
142.10668419447822	0.0	0.18619255280631478	0.02907197896662614	-0.0	0.03261066841944782
142.32172002840326	0.0	0.19350788008725125	0.02881393596591609	-0.0	0.032632172002840326
142.53675586232833	0.0	0.20092380657535458	0.028555892965205998	-0.0	0.03265367558623283
142.7517916962534	0.0	0.20843958933755694	0.028297849964495914	-0.0	0.03267517916962534
142.96682753017848	0.0	0.21605448544132677	0.02803980696378583	-0.0	0.03269668275301785
143.18186336410355	0.0	0.22376775195460016	0.02778176396307574	-0.0	0.032718186336410354
143.39689919802862	0.0	0.23157864594572286	0.027523720962365657	-0.0	0.03273968991980286
143.61193503195366	0.0	0.23948642448339993	0.027265677961655604	-0.0	0.03276119350319537
143.82697086587876	0.0	0.24749034463665837	0.027007634960945485	-0.0	0.032782697086587875
144.0420066998038	0.0	0.2555896625450452	0.026761143802681478	-0.0	0.032798949832504906
144.25704253372888	0.0	0.26378342504407404	0.026562235656300788	-0.0	0.03279357393665678
144.47207836765395	0.0	0.27207020584731045	0.026363327509920098	-0.0	0.03278819804080865
144.68711420157902	0.0	0.2804485136899841	0.026164419363539408	-0.0	0.032782822144960526
144.9021500355041	0.0	0.28891685730749206	0.025965511217158715	-0.0	0.0327774462491124
145.11718586942916	0.0	0.29747374543538263	0.02576660307077802	-0.0	0.03277207035326427
145.33222170335424	0.0	0.30611768680934	0.02556769492439733	-0.0	0.032766694457416146
145.54725753727928	0.0	0.3148471901651707	0.02536878677801667	-0.0	0.03276131856156802
145.76229337120435	0.0	0.32366076423879636	0.025169878631635976	-0.0	0.03275594266571989
145.97732920512942	0.0	0.3325569177662366	0.024970970485255282	-0.0	0.032750566769871765
146.19236503905452	0.0	0.3415341594836051	0.024772062338874565	-0.0	0.03274519087402364
146.40740087297957	0.0	0.35059099812709504	0.024573154192493903	-0.0	0.03273981497817551
146.62243670690464	0.0	0.35972594243298334	0.024374246046113213	-0.0	0.032734439082327385
146.8374725408297	0.0	0.36893750113761176	0.024175337899732516	-0.0	0.03272906318647926
147.05250837475478	0.0	0.37822418297738714	0.02397642975335183	-0.0	0.03272368729063113
147.26754420867985	0.0	0.38758449668877515	0.023777521606971136	-0.0	0.032718311394783005
147.48258004260492	0.0	0.39701695100829476	0.023578613460590446	-0.0	0.03271293549893488
147.69761587652997	0.0	0.4065200546725132	0.02337970531420978	-0.0	0.03270755960308675
147.91265171045504	0.0	0.41609231641804667	0.02318079716782909	-0.0	0.032702183707238625
148.12768754438014	0.0	0.4257321407497644	0.02301700309615291	-0.0	0.03268403905695248
148.34272337830518	0.0	0.43543633358596157	0.02287722980410163	-0.0	0.03265715957771185
148.55775921223025	0.0	0.44520045000897907	0.022737456512050336	-0.0	0.032630280098471215
148.77279504615532	0.0	0.4550200117341252	0.02259768321999904	-0.0	0.03260340061923059
148.9878308800804	0.0	0.46489054047672923	0.022457909927947745	-0.0	0.03257652113998995
149.20286671400547	0.0	0.47480755795213964	0.02231813663589645	-0.0	0.03254964166074932
149.41790254793054	0.0	0.48476658587572363	0.02217836334384515	-0.0	0.03252276218150868
149.63293838185558	0.0	0.49476314596286447	0.02203859005179387	-0.0	0.03249588270226805
149.84797421578065	0.0	0.5047927599289662	0.021898816759742576	-0.0	0.03246900322302742
150.06301004970572	0.0	0.5148509494894455	0.02175904346769128	-0.0	0.032442123743786785
150.2780458836308	0.0	0.5249332363597359	0.021619270175639985	-0.0	0.03241524426454615
150.49308171755587	0.0	0.535035142255285	0.021479496883588686	-0.0	0.03238836478530552
150.70811755148094	0.0	0.5451521888915551	0.02133972359153739	-0.0	0.032361485306064884
150.923153385406	0.0	0.555279897984022	0.021199950299486094	-0.0	0.03233460582682425
151.13818921933108	0.0	0.5654137912481739	0.021060177007434795	-0.0	0.03230772634758362
151.35322505325615	0.0	0.5755493903995114	0.0209204037153835	-0.0	0.03228084686834298
151.56826088718122	0.0	0.5856822171535463	0.020780630423332204	-0.0	0.03225396738910235
151.78329672110627	0.0	0.5958077932258007	0.020640857131280926	-0.0	0.032227087909861715
151.99833255503134	0.0	0.6059216403318107	0.02050108383922963	-0.0	0.03220020843062108
152.2133683889564	0.0	0.6160201331842462	0.02039865001524571	-0.0	0.03215732632220872
152.42840422288148	0.0	0.626103138789956	0.020296507994131296	-0.0	0.032114319155423704
152.64344005680655	0.0	0.6361714177760333	0.020194365973016888	-0.0	0.03207131198863869
152.8584758907316	0.0	0.646225730769993	0.020092223951902494	-0.0	0.032028304821853676
153.07351172465667	0.0	0.6562668383993691	0.019990081930788082	-0.0	0.03198529765506866
153.28854755858174	0.0	0.666295501291704	0.019887939909673674	-0.0	0.03194229048828365
153.5035833925068	0.0	0.6763124800745547	0.01978579788855926	-0.0	0.031899283321498634
153.71861922643188	0.0	0.6863185353754893	0.019683655867444853	-0.0	0.03185627615471362
153.93365506035695	0.0	0.6963144278220862	0.019581513846330445	-0.0	0.031813268987928606
154.14869089428203	0.0	0.7063009180419332	0.019479371825216037	-0.0	0.03177026182114359
154.3637267282071	0.0	0.716278766662628	0.01937722980410163	-0.0	0.03172725465435858
154.57876256213217	0.0	0.7262487343117755	0.01927508778298722	-0.0	0.031684247487573564
154.79379839605724	0.0	0.7362115816169891	0.019172945761872808	-0.0	0.03164124032078855
155.0088342299823	0.0	0.7461680692058886	0.0190708037407584	-0.0	0.031598233154003535
155.22387006390738	0.0	0.756118957706101	0.01896866171964399	-0.0	0.03155522598721852
155.43890589783246	0.0	0.7660650077452593	0.018866519698529583	-0.0	0.03151221882043351
155.65394173175753	0.0	0.776006979951002	0.018764377677415175	-0.0	0.03146921165364849
155.86897756568263	0.0	0.7859456349509745	0.018662235656300753	-0.0	0.03142620448686347
156.08401339960764	0.0	0.7958817215525239	0.018574795980117707	-0.0	0.0313768963151079
156.2990492335327	0.0	0.8058155027416435	0.018510285229940183	-0.0	0.0313177614607785
156.51408506745778	0.0	0.8157465947496284	0.018445774479762662	-0.0	0.031258626606449104
156.72912090138283	0.0	0.8256745689725202	0.01838126372958515	-0.0	0.03119949175211972
156.94415673530793	0.0	0.8355989968063698	0.01831675297940762	-0.0	0.03114035689779032
157.15919256923297	0.0	0.8455194496472206	0.018252242229230106	-0.0	0.031081222043460928
157.37422840315804	0.0	0.8554354988911282	0.018187731479052588	-0.0	0.031022087189131534
157.5892642370831	0.0	0.8653467159341462	0.018123220728875063	-0.0	0.03096295233480214
157.80430007100819	0.0	0.8752526721723312	0.018058709978697546	-0.0	0.030903817480472745
158.01933590493326	0.0	0.8851529390017417	0.01799419922852002	-0.0	0.03084468262614335
158.23437173885833	0.0	0.8950470878184399	0.0179296884783425	-0.0	0.030785547771813956
158.4494075727834	0.0	0.9049346900184886	0.01786517772816498	-0.0	0.030726412917484562
158.66444340670844	0.0	0.9148153169979518	0.01780066697798747	-0.0	0.030667278063155178
158.87947924063351	0.0	0.9246885401528993	0.017736156227809944	-0.0	0.030608143208825784
159.09451507455861	0.0	0.9345539308793998	0.017671645477632413	-0.0	0.030549008354496383
159.30955090848366	0.0	0.9444110605735202	0.017607134727454902	-0.0	0.030489873500166995
159.52458674240873	0.0	0.9542595006313359	0.01754262397727738	-0.0	0.0304307386458376
159.7396225763338	0.0	0.9640988224489199	0.01747811322709986	-0.0	0.030371603791508207
159.95465841025884	0.0	0.9739285974223454	0.017413602476922346	-0.0	0.030312468937178816
160.16969424418394	0.0	0.9837485101743523	0.01735757643895401	-0.0	0.030257576438954017
160.384730078109	0.0	0.9935591119404348	0.01730381748047275	-0.0	0.030203817480472753
160.59976591203406	0.0	1.003361354348466	0.017250058521991483	-0.0	0.030150058521991485
160.81480174595913	0.0	1.0131561911862343	0.017196299563510216	-0.0	0.030096299563510218
161.0298375798842	0.0	1.0229445762415321	0.01714254060502895	-0.0	0.03004254060502895
161.24487341380927	0.0	1.0327274633021515	0.01708878164654768	-0.0	0.029988781646547683
161.45990924773434	0.0	1.042505806155888	0.017035022688066413	-0.0	0.029935022688066415
161.67494508165942	0.0	1.0522805585905373	0.016981263729585146	-0.0	0.029881263729585147
161.8899809155845	0.0	1.0620526743938963	0.016927504771103878	-0.0	0.029827504771103876
162.10501674950956	0.0	1.0718231073537638	0.01687374581262261	-0.0	0.029773745812622612
162.3200525834346	0.0	1.081592811257938	0.01681998685414135	-0.0	0.02971998685414135
162.53508841735967	0.0	1.0913627398942218	0.016766227895660082	-0.0	0.029666227895660084
162.75012425128475	0.0	1.1011338470504162	0.016712468937178815	-0.0	0.029612468937178813
162.9651600852098	0.0	1.1109070865143218	0.016658709978697554	-0.0	0.029558709978697553
163.18019591913492	0.0	1.1206834120737479	0.016604951020216273	-0.0	0.02950495102021627
163.39523175305996	0.0	1.130463777516491	0.016551192061735012	-0.0	0.02945119206173501
163.61026758698503	0.0	1.1402491366303615	0.016497433103253745	-0.0	0.029397433103253743
163.8253034209101	0.0	1.1500404432031648	0.016443674144772474	-0.0	0.029343674144772472
164.04033925483515	0.0	1.1598386503498006	0.016392940630403852	-0.0	0.029290923667662092
164.25537508876022	0.0	1.1696445431484268	0.01635530935946696	-0.0	0.02924254060502895
164.4704109226853	0.0	1.1794585184601956	0.016317678088530074	-0.0	0.02919415754239581
164.68544675661033	0.0	1.1892809184920907	0.016280046817593194	-0.0	0.029145774479762673
164.90048259053543	0.0	1.1991120854511008	0.0162424155466563	-0.0	0.02909739141712953
165.1155184244605	0.0	1.208952361544208	0.016204784275719412	-0.0	0.02904900835449639
165.33055425838558	0.0	1.2188020889784004	0.016167153004782525	-0.0	0.029000625291863244
165.54559009231062	0.0	1.2286616099606626	0.01612952173384564	-0.0	0.02895224222923011
165.76062592623572	0.0	1.238531266697986	0.01609189046290875	-0.0	0.028903859166596962
165.97566176016076	0.0	1.2484114013973533	0.016054259191971867	-0.0	0.02885547610396383
166.1906975940858	0.0	1.2583023562657538	0.016016627921034983	-0.0	0.028807093041330695
166.4057334280109	0.0	1.2682044735101796	0.015978996650098092	-0.0	0.028758709978697547
166.62076926193598	0.0	1.2781180953376148	0.015941365379161205	-0.0	0.028710326916064406
166.83580509586105	0.0	1.28804356395505	0.015903734108224318	-0.0	0.028661943853431265
167.05084092978612	0.0	1.2979812215694742	0.015866102837287427	-0.0	0.028613560790798125
167.2658767637112	0.0	1.3079314103878774	0.01582847156635054	-0.0	0.028565177728164984
167.48091259763626	0.0	1.317894472617249	0.015790840295413652	-0.0	0.028516794665531843
167.69594843156133	0.0	1.3278707504645795	0.015753209024476765	-0.0	0.028468411602898702
167.9109842654864	0.0	1.3378605861368595	0.015715577753539878	-0.0	0.028420028540265558
168.12602009941145	0.0	1.3478640760937963	0.015681096985088284	-0.0	0.02837479598011771
168.34105593333652	0.0	1.3578774284705435	0.01564884160999952	-0.0	0.028331788813332696
168.5560917672616	0.0	1.3678937463185847	0.015616586234910761	-0.0	0.028288781646547682
168.77112760118666	0.0	1.3779060460790926	0.015584330859822	-0.0	0.02824577447976267
168.98616343511173	0.0	1.3879073441932375	0.01555207548473324	-0.0	0.028202767312977654
169.20119926903678	0.0	1.3978906571021892	0.015519820109644483	-0.0	0.028159760146192644
169.41623510296188	0.0	1.4078490012471214	0.015487564734555717	-0.0	0.028116752979407626
169.63127093688695	0.0	1.4177753930691988	0.015455309359466957	-0.0	0.028073745812622612
169.846306770812	0.0	1.4276628490095897	0.0154230539843782	-0.0	0.0280307386458376
170.06134260473706	0.0	1.437504385509465	0.015390798609289439	-0.0	0.027987731479052588
170.27637843866214	0.0	1.4472930190099904	0.015358543234200678	-0.0	0.02794472431226757
170.4914142725872	0.0	1.4570217659523326	0.015326287859111918	-0.0	0.02790171714548256
170.70645010651228	0.0	1.466683642777658	0.015294032484023157	-0.0	0.027858709978697545
170.92148594043735	0.0	1.4762716659271322	0.015261777108934397	-0.0	0.027815702811912528
171.1365217743624	0.0	1.4857788518419204	0.01522952173384564	-0.0	0.02777269564512752
171.3515576082875	0.0	1.4951982169631906	0.015197266358756876	-0.0	0.027729688478342503
171.56659344221256	0.0	1.504522777732104	0.015165010983668115	-0.0	0.027686681311557486
171.78162927613764	0.0	1.5137455505898265	0.015132755608579355	-0.0	0.027643674144772472
171.9966651100627	0.0	1.522859551977523	0.015100500233490594	-0.0	0.027600666977987458
172.21170094398775	0.0	1.5318591460225441	0.01508412242920092	-0.0	0.02757353738200153
172.42673677791282	0.0	1.5407443443673836	0.015067994741656538	-0.0	0.027546657902760896
172.6417726118379	0.0	1.549516637754227	0.015051867054112157	-0.0	0.027519778423520262
172.85680844576297	0.0	1.5581775169305305	0.015035739366567777	-0.0	0.02749289894427963
173.071844279688	0.0	1.5667284726437494	0.015019611679023399	-0.0	0.027466019465038998
173.2868801136131	0.0	1.5751709956413433	0.015003483991479018	-0.0	0.02743913998579836
173.50191594753815	0.0	1.5835065766707654	0.01498735630393464	-0.0	0.02741226050655773
173.7169517814632	0.0	1.5917367064794765	0.014971228616390261	-0.0	0.0273853810273171
173.93198761538827	0.0	1.599862875814936	0.014955100928845881	-0.0	0.027358501548076467
174.14702344931337	0.0	1.6078865754246021	0.014938973241301499	-0.0	0.027331622068835826
174.36205928323844	0.0	1.6158092960559327	0.014922845553757119	-0.0	0.027304742589595192
174.5770951171635	0.0	1.6236325284563882	0.014906717866212737	-0.0	0.02727786311035456
174.79213095108858	0.0	1.631357763373429	0.014890590178668357	-0.0	0.027250983631113924
175.00716678501368	0.0	1.638986491554516	0.014874462491123975	-0.0	0.027224104151873287
175.22220261893875	0.0	1.6465202037471087	0.014858334803579594	-0.0	0.027197224672632657
175.43723845286382	0.0	1.653960390698669	0.014842207116035212	-0.0	0.027170345193392023
175.65227428678884	0.0	1.6613085431566565	0.014826079428490837	-0.0	0.027143465714151393
175.8673101207139	0.0	1.6685661518685366	0.014809951740946457	-0.0	0.027116586234910763
176.08234595463898	0.0	1.6757346944566054	0.014797941351134027	-0.0	0.027091765404536103
176.29738178856405	0.0	1.6828150828551165	0.014792565455285898	-0.0	0.027070261821143596
176.51241762248912	0.0	1.689807460359465	0.014787189559437771	-0.0	0.027048758237751085
176.7274534564142	0.0	1.6967119153499988	0.014781813663589646	-0.0	0.027027254654358582
176.94248929033927	0.0	1.703528536207067	0.01477643776774152	-0.0	0.02700575107096607
177.1575251242643	0.0	1.710257411311016	0.014771061871893393	-0.0	0.026984247487573568
177.37256095818938	0.0	1.7168986290421973	0.014765685976045266	-0.0	0.02696274390418106
177.58759679211445	0.0	1.723452277780959	0.01476031008019714	-0.0	0.026941240320788554
177.80263262603953	0.0	1.7299184459076493	0.014754934184349013	-0.0	0.026919736737396047
178.0176684599646	0.0	1.7362972218026183	0.014749558288500886	-0.0	0.02689823315400354
178.23270429388967	0.0	1.7425886938462152	0.014744182392652757	-0.0	0.026876729570611033
178.44774012781474	0.0	1.7487929504187885	0.014738806496804632	-0.0	0.026855225987218526
178.6627759617398	0.0	1.7549100799006891	0.014733430600956506	-0.0	0.02683372240382602
178.87781179566488	0.0	1.7609401706722656	0.014728054705108379	-0.0	0.02681221882043351
179.09284762958995	0.0	1.7668833111138682	0.014722678809260252	-0.0	0.026790715237041005
179.30788346351503	0.0	1.7727395896058473	0.014717302913412124	-0.0	0.026769211653648498
179.52291929744007	0.0	1.7785090945285513	0.014711927017563999	-0.0	0.026747708070255994
179.73795513136514	0.0	1.7841919142623328	0.014706551121715872	-0.0	0.02672620448686349
179.9529909652902	0.0	1.7897881371875404	0.014701175225867745	-0.0	0.02670470090347098
180.16802679921528	0.0	1.795297475638534	0.0147	-0.0	0.026683197320078473
180.38306263314036	0.0	1.8007166904467091	0.0147	-0.0	0.026661693736685966
180.59809846706543	0.0	1.8060411490121036	0.0147	-0.0	0.02664019015329346
180.81313430099047	0.0	1.811266210500028	0.0147	-0.0	0.026618686569900955
181.02817013491557	0.0	1.8163872340757936	0.0147	-0.0	0.026597182986508445
181.2432059688406	0.0	1.8213995789047077	0.014700000000000001	-0.0	0.02657567940311594
181.45824180276568	0.0	1.8262986041520826	0.0147	-0.0	0.02655417581972343
181.67327763669076	0.0	1.831079668983227	0.0147	-0.0	0.026532672236330927
181.88831347061586	0.0	1.8357381325634523	0.0147	-0.0	0.026511168652938413
182.10334930454093	0.0	1.8402693540580661	0.0147	-0.0	0.026489665069545906
182.31838513846597	0.0	1.8446686926323785	0.014699999999999998	-0.0	0.026468161486153403
182.53342097239104	0.0	1.8489315074517005	0.0147	-0.0	0.0264466579027609
182.74845680631609	0.0	1.8530531576813407	0.014700000000000001	-0.0	0.026425154319368392
182.96349264024116	0.0	1.8570290024866105	0.014700000000000001	-0.0	0.026403650735975885
183.17852847416623	0.0	1.8608544010328183	0.0147	-0.0	0.026382147152583378
183.3935643080913	0.0	1.8645247124852753	0.0147	-0.0	0.02636064356919087
183.60860014201637	0.0	1.86803529600929	0.0147	-0.0	0.026339139985798364
183.82363597594144	0.0	1.8713815107701728	0.0147	-0.0	0.026317636402405857
184.0386718098665	0.0	1.8745587247866626	0.014701933590493325	-0.0	0.026297099614260012
184.25370764379159	0.0	1.8775647705983516	0.01471268538218958	-0.0	0.02628097192671563
184.46874347771666	0.0	1.8804033005691958	0.014723437173885832	-0.0	0.02626484423917125
184.68377931164173	0.0	1.883078806828565	0.014734188965582085	-0.0	0.02624871655162687
184.89881514556677	0.0	1.8855957815058317	0.014744940757278337	-0.0	0.02623258886408249
185.11385097949184	0.0	1.8879587167303664	0.014755692548974592	-0.0	0.026216461176538114
185.32888681341691	0.0	1.890172104631539	0.014766444340670846	-0.0	0.02620033348899373
185.543922647342	0.0	1.892240437338722	0.0147771961323671	-0.0	0.026184205801449353
185.75895848126706	0.0	1.8941682069812873	0.014787947924063353	-0.0	0.02616807811390497
185.9739943151921	0.0	1.8959599056886054	0.014798699715759605	-0.0	0.026151950426360593
186.18903014911717	0.0	1.8976200255900482	0.014809451507455858	-0.0	0.026135822738816213
186.40406598304224	0.0	1.8991530588149887	0.014820203299152112	-0.0	0.026119695051271832
186.61910181696732	0.0	1.9005634974927985	0.014830955090848365	-0.0	0.026103567363727452
186.8341376508924	0.0	1.9018558337528486	0.01484170688254462	-0.0	0.02608743967618307
187.04917348481746	0.0	1.9030345597245126	0.014852458674240874	-0.0	0.02607131198863869
187.26420931874253	0.0	1.9041041675371624	0.014863210465937127	-0.0	0.026055184301094308
187.4792451526676	0.0	1.90506914932017	0.014873962257633381	-0.0	0.02603905661354993
187.69428098659264	0.0	1.9059339972029086	0.014884714049329631	-0.0	0.02602292892600555
187.90931682051774	0.0	1.9067032033147506	0.014895465841025886	-0.0	0.02600680123846117
188.12435265444282	0.0	1.9073809858835933	0.01490310881636107	-0.0	0.025993782367277857
188.3393884883679	0.0	1.9079670904703212	0.014908484712209197	-0.0	0.025983030575581604
188.55442432229296	0.0	1.908457617498907	0.014913860608057324	-0.0	0.02597227878388535
188.76946015621797	0.0	1.9088485611725612	0.01491923650390545	-0.0	0.0259615269921891
188.98449599014307	0.0	1.9091359156944971	0.014924612399753576	-0.0	0.025950775200492847
189.19953182406815	0.0	1.9093156752679248	0.014929988295601705	-0.0	0.025940023408796593
189.4145676579932	0.0	1.909383834096057	0.014935364191449831	-0.0	0.02592927161710034
189.6296034919183	0.0	1.909336386382105	0.014940740087297958	-0.0	0.025918519825404086
189.84463932584336	0.0	1.9091693263292804	0.014946115983146085	-0.0	0.025907768033707833
190.05967515976843	0.0	1.9088786481407962	0.014951491878994212	-0.0	0.02589701624201158
190.27471099369347	0.0	1.9084603460198633	0.014956867774842338	-0.0	0.025886264450315326
190.48974682761855	0.0	1.907910414169694	0.014962243670690465	-0.0	0.025875512658619072
190.70478266154362	0.0	1.907224846793501	0.014967619566538588	-0.0	0.02586476086692282
190.9198184954687	0.0	1.9063996380944954	0.014972995462386715	-0.0	0.025854009075226565
191.13485432939376	0.0	1.9054307822758902	0.014978371358234844	-0.0	0.025843257283530312
191.3498901633188	0.0	1.9043142735408984	0.01498374725408297	-0.0	0.025832505491834058
191.5649259972439	0.0	1.9030461060927315	0.014989123149931097	-0.0	0.025821753700137805
191.77996183116898	0.0	1.901622274134603	0.014994499045779224	-0.0	0.02581100190844155
191.99499766509405	0.0	1.900038771869725	0.01499987494162735	-0.0	0.025800250116745298
192.21003349901912	0.0	1.8982931377987655	0.015010501674950955	-0.0	0.02577899665009809
192.4250693329442	0.0	1.8963895342524981	0.015021253466647209	-0.0	0.02575749306670558
192.64010516686923	0.0	1.894333899136231	0.01503200525834346	-0.0	0.025735989483313078
192.8551410007943	0.0	1.8921321703761345	0.015042757050039714	-0.0	0.02571448589992057
193.0701768347194	0.0	1.8897902858983806	0.01505350884173597	-0.0	0.025692982316528057
193.28521266864445	0.0	1.8873141836291416	0.015064260633432223	-0.0	0.025671478733135557
193.5002485025695	0.0	1.8847098014945878	0.015075012425128473	-0.0	0.02564997514974305
193.7152843364946	0.0	1.8819830774208903	0.01508576421682473	-0.0	0.025628471566350543
193.93032017041963	0.0	1.8791399493342216	0.015096516008520982	-0.0	0.025606967982958036
194.1453560043447	0.0	1.8761863551607516	0.015107267800217233	-0.0	0.02558546439956553
194.36039183826978	0.0	1.8731282328266534	0.015118019591913487	-0.0	0.02556396081617302
194.57542767219485	0.0	1.8699715202580969	0.015128771383609742	-0.0	0.025542457232780515
194.79046350611992	0.0	1.866722155381253	0.015139523175305996	-0.0	0.025520953649388008
195.00549934004496	0.0	1.8633860761222947	0.015150274967002247	-0.0	0.0254994500659955
195.22053517397006	0.0	1.8599692204073905	0.015161026758698503	-0.0	0.025477946482602994
195.4355710078951	0.0	1.8564775261627144	0.015171778550394756	-0.0	0.02545644289921049
195.6506068418202	0.0	1.8529169313144342	0.015182530342091011	-0.0	0.025434939315817976
195.86564267574528	0.0	1.849293373788723	0.015193282133787265	-0.0	0.025413435732425473
196.08067850967035	0.0	1.8456127131333475	0.015204033925483517	-0.0	0.025391932149032966
196.29571434359542	0.0	1.8418772628302604	0.01521478571717977	-0.0	0.025370428565640455
196.51075017752046	0.0	1.8380844183649667	0.015225537508876024	-0.0	0.02534892498224795
196.72578601144554	0.0	1.8342312132244063	0.015236289300572277	-0.0	0.025327421398855448
196.94082184537064	0.0	1.8303146808955175	0.015247041092268532	-0.0	0.025305917815462937
197.15585767929568	0.0	1.8263318548652416	0.015257792883964784	-0.0	0.025284414232070434
197.37089351322072	0.0	1.8222797686205168	0.015268544675661036	-0.0	0.025262910648677927
197.5859293471458	0.0	1.8181554556482826	0.01527929646735729	-0.0	0.025241407065285423
197.8009651810709	0.0	1.8139559494354773	0.015290048259053543	-0.0	0.02521990348189291
198.01600101499594	0.0	1.809678283469045	0.015300800050749797	-0.0	0.025198399898500406
198.23103684892104	0.0	1.8053194912359212	0.015311551842446054	-0.0	0.025176896315107895
198.44607268284608	0.0	1.8008766062230503	0.015322303634142305	-0.0	0.025155392731715392
198.66110851677115	0.0	1.7963466619173694	0.015333055425838559	-0.0	0.02513388914832288
198.87614435069622	0.0	1.7917266918058203	0.015343807217534812	-0.0	0.025112385564930378
199.0911801846213	0.0	1.7870137293753439	0.015354559009231064	-0.0	0.02509088198153787
199.30621601854637	0.0	1.7822048081128805	0.015365310800927318	-0.0	0.025069378398145367
199.5212518524714	0.0	1.7772969615053722	0.015376062592623571	-0.0	0.02504787481475286
199.73628768639648	0.0	1.772287223039759	0.015386814384319825	-0.0	0.025026371231360353
199.95132352032155	0.0	1.7671726262029832	0.015397566176016078	-0.0	0.025004867647967846
200.16635935424662	0.0	1.7619506750805063	0.015416635935424663	-0.0	0.02498336406457534
200.3813951881717	0.0	1.7566226620354577	0.01543813951881717	-0.0	0.024961860481182832
200.5964310220968	0.0	1.7511917068394003	0.01545964310220968	-0.0	0.02494035689779032
200.8114668560218	0.0	1.7456609410526145	0.015481146685602182	-0.0	0.02491885331439782
201.0265026899469	0.0	1.7400334962353718	0.015502650268994691	-0.0	0.02489734973100531
201.24153852387195	0.0	1.7343125039479537	0.015524153852387196	-0.0	0.024875846147612807
201.45657435779702	0.0	1.7285010957506335	0.015545657435779703	-0.0	0.024854342564220297
201.6716101917221	0.0	1.7226024032036895	0.01556716101917221	-0.0	0.02483283898082779
201.88664602564717	0.0	1.7166195578673973	0.015588664602564717	-0.0	0.024811335397435283
202.10168185957224	0.0	1.7105556913020346	0.015610168185957224	-0.0	0.024789831814042776
202.3167176934973	0.0	1.704413935067877	0.01563167176934973	-0.0	0.02476832823065027
202.53175352742238	0.0	1.6981974207252022	0.015653175352742237	-0.0	0.024746824647257762
202.74678936134745	0.0	1.691909279834285	0.015674678936134747	-0.0	0.024725321063865255
202.96182519527252	0.0	1.6855526439554032	0.015696182519527254	-0.0	0.024703817480472748
203.1768610291976	0.0	1.679130644648833	0.01571768610291976	-0.0	0.02468231389708024
203.39189686312264	0.0	1.6726464134748504	0.015739189686312265	-0.0	0.024660810313687737
203.6069326970477	0.0	1.6661030819937308	0.01576069326970477	-0.0	0.024639306730295227
203.82196853097275	0.0	1.6595037817657525	0.01578219685309728	-0.0	0.024617803146902723
204.03700436489783	0.0	1.6528516422811963	0.015804625545612228	-0.0	0.024597224672632662
204.25204019882293	0.0	1.6461491472477614	0.01583150502485287	-0.0	0.024581096985088282
204.46707603274797	0.0	1.6393972215275585	0.015858384504093496	-0.0	0.024564969297543905
204.68211186667304	0.0	1.6325965594671736	0.01588526398333413	-0.0	0.02454884160999952
204.8971477005981	0.0	1.6257478554131957	0.015912143462574763	-0.0	0.02453271392245514
205.11218353452318	0.0	1.618851803712213	0.0159390229418154	-0.0	0.024516586234910764
205.32721936844828	0.0	1.6119090987108131	0.015965902421056034	-0.0	0.024500458547366377
205.54225520237333	0.0	1.6049204347555872	0.015992781900296668	-0.0	0.024484330859822
205.7572910362984	0.0	1.5978865061931211	0.016019661379537302	-0.0	0.02446820317227762
205.97232687022344	0.0	1.5908080073700055	0.01604654085877793	-0.0	0.024452075484733243
206.1873627041485	0.0	1.5836856326328261	0.016073420338018566	-0.0	0.024435947797188863
206.40239853807358	0.0	1.576520076328173	0.016100299817259196	-0.0	0.02441982010964448
206.61743437199866	0.0	1.5693120328026358	0.01612717929649983	-0.0	0.024403692422100103
206.83247020592376	0.0	1.562062196402801	0.01615405877574047	-0.0	0.024387564734555715
207.04750603984877	0.0	1.5547712614752618	0.016180938254981094	-0.0	0.024371437047011342
207.26254187377387	0.0	1.5474399223666009	0.01620781773422173	-0.0	0.02435530935946696
207.4775777076989	0.0	1.5400688734234136	0.01623469721346236	-0.0	0.024339181671922578
207.692613541624	0.0	1.532658808992283	0.016261576692703	-0.0	0.0243230539843782
207.90764937554906	0.0	1.5252104234198034	0.01628845617194363	-0.0	0.02430692629683382
208.12268520947413	0.0	1.5177244086391175	0.01632146991165797	-0.0	0.02429079860928944
208.33772104339923	0.0	1.510201415894643	0.016359101182594864	-0.0	0.024274670921745057
208.55275687732427	0.0	1.5026420625893748	0.016396732453531744	-0.0	0.02425854323420068
208.76779271124934	0.0	1.4950469650969114	0.016434363724468635	-0.0	0.0242424155466563
208.9828285451744	0.0	1.4874167397908544	0.016471994995405522	-0.0	0.024226287859111916
209.19786437909946	0.0	1.4797520030448073	0.016509626266342406	-0.0	0.02421016017156754
209.41290021302456	0.0	1.4720533712323678	0.016547257537279297	-0.0	0.02419403248402316
209.62793604694963	0.0	1.4643214607271418	0.016584888808216184	-0.0	0.02417790479647878
209.8429718808747	0.0	1.4565568879027295	0.016622520079153075	-0.0	0.0241617771089344
210.05800771479977	0.0	1.4487602691327328	0.016660151350089962	-0.0	0.02414564942139002
210.27304354872484	0.0	1.440932220790754	0.016697782621026846	-0.0	0.024129521733845638
210.48807938264991	0.0	1.4330733592503953	0.016735413891963737	-0.0	0.024113394046301258
210.70311521657496	0.0	1.4251843008852592	0.016773045162900617	-0.0	0.024097266358756878
210.91815105050003	0.0	1.4172656620689466	0.016810676433837504	-0.0	0.024081138671212497
211.1331868844251	0.0	1.4093180591750611	0.01684830770477439	-0.0	0.024065010983668117
211.34822271835014	0.0	1.401342108577206	0.016885938975711275	-0.0	0.024048883296123737
211.56325855227524	0.0	1.3933384266489808	0.01692357024664817	-0.0	0.024032755608579356
211.7782943862003	0.0	1.3853076297639924	0.016961201517585053	-0.0	0.02401662792103498
211.9933302201254	0.0	1.3772503342958393	0.016998832788521944	-0.0	0.024000500233490596
212.20836605405043	0.0	1.369166866718217	0.01704688236216135	-0.0	0.023994790848648737
212.42340188797553	0.0	1.361056280757342	0.017095265424794493	-0.0	0.023989414952800613
212.63843772190057	0.0	1.3529172809589667	0.01714364848742763	-0.0	0.023984039056952487
212.85347355582564	0.0	1.3447485718593266	0.01719203155006077	-0.0	0.023978663161104356
213.06850938975072	0.0	1.3365488579946627	0.017240414612693912	-0.0	0.023973287265256233
213.2835452236758	0.0	1.3283168439012158	0.017288797675327053	-0.0	0.023967911369408106
213.49858105760086	0.0	1.320051234115226	0.017337180737960194	-0.0	0.02396253547355998
213.71361689152593	0.0	1.311750733172935	0.017385563800593334	-0.0	0.02395715957771185
213.928652725451	0.0	1.3034140456105838	0.017433946863226475	-0.0	0.023951783681863726
214.14368855937605	0.0	1.295039875964416	0.01748232992585961	-0.0	0.023946407786015603
214.35872439330112	0.0	1.2866269287706722	0.01753071298849275	-0.0	0.023941031890167472
214.5737602272262	0.0	1.2781739085655968	0.01757909605112589	-0.0	0.023935655994319346
214.78879606115126	0.0	1.2696795198854336	0.01762747911375903	-0.0	0.02393028009847122
215.0038318950763	0.0	1.2611424672664275	0.01767586217639217	-0.0	0.023924904202623096
215.21886772900137	0.0	1.2525614552448225	0.01772424523902531	-0.0	0.023919528306774965
215.43390356292647	0.0	1.2439351883568635	0.017772628301658457	-0.0	0.02391415241092684
215.64893939685152	0.0	1.2352623711388004	0.01782101136429159	-0.0	0.023908776515078715
215.8639752307766	0.0	1.2265417081268775	0.017869394426924732	-0.0	0.023903400619230585
216.07901106470163	0.0	1.2177719214854674	0.01792370331941049	-0.0	0.0239
216.29404689862676	0.0	1.20895257150701	0.01798821406958803	-0.0	0.023900000000000005
216.5090827325518	0.0	1.2000844049696116	0.01805272481976554	-0.0	0.0239
216.72411856647688	0.0	1.1911682586003598	0.01811723556994306	-0.0	0.0239
216.93915440040195	0.0	1.182204969126348	0.01818174632012058	-0.0	0.023900000000000005
217.154190234327	0.0	1.1731953732746716	0.018246257070298096	-0.0	0.0239
217.3692260682521	0.0	1.1641403077724197	0.018310767820475627	-0.0	0.0239
217.58426190217716	0.0	1.1550406093466907	0.018375278570653148	-0.0	0.0239
217.7992977361022	0.0	1.1458971147245791	0.01843978932083066	-0.0	0.0239
218.01433357002728	0.0	1.136710660633179	0.018504300071008183	-0.0	0.0239
218.22936940395235	0.0	1.1274820837995867	0.0185688108211857	-0.0	0.0239
218.4444052378774	0.0	1.1182122209509004	0.018633321571363215	-0.0	0.0239
218.6594410718025	0.0	1.1089019088142145	0.018697832321540746	-0.0	0.0239
218.87447690572753	0.0	1.0995519841166317	0.01876234307171826	-0.0	0.023899999999999998
219.08951273965263	0.0	1.0901632835852462	0.01882685382189579	-0.0	0.0239
219.30454857357768	0.0	1.0807366439471626	0.018891364572073303	-0.0	0.0239
219.51958440750275	0.0	1.0712729019294778	0.018955875322250824	-0.0	0.0239
219.73462024142785	0.0	1.0617728942592932	0.019020386072428355	-0.0	0.0239
219.9496560753529	0.0	1.0522374576637155	0.01908489682260587	-0.0	0.0239
220.16469190927796	0.0	1.0426673522139092	0.019157642168247287	-0.0	0.023904117297731953
220.37972774320303	0.0	1.033062704998366	0.01923290471012106	-0.0	0.023909493193580076
220.59476357712808	0.0	1.0234233311394132	0.019308167251994825	-0.0	0.023914869089428203
220.80979941105318	0.0	1.0137490435697467	0.01938342979386861	-0.0	0.023920244985276333
221.02483524497825	0.0	1.004039655222072	0.019458692335742385	-0.0	0.023925620881124456
221.23987107890332	0.0	0.9942949790290916	0.01953395487761616	-0.0	0.023930996776972583
221.4549069128284	0.0	0.9845148279235097	0.019609217419489938	-0.0	0.023936372672820713
221.66994274675346	0.0	0.9746990148380332	0.019684479961363712	-0.0	0.023941748568668837
221.88497858067848	0.0	0.964847352705374	0.01975974250323747	-0.0	0.02394712446451696
222.1000144146036	0.0	0.9549596544582348	0.019835005045111265	-0.0	0.023952500360365094
222.31505024852865	0.0	0.9450357330293383	0.019910267586985025	-0.0	0.023957876256213217
222.5300860824537	0.0	0.9350754013513956	0.019985530128858793	-0.0	0.02396325215206134
222.74512191637876	0.0	0.9250784723571234	0.020060792670732568	-0.0	0.02396862804790947
222.96015775030384	0.0	0.915044758979244	0.020136055212606342	-0.0	0.023974003943757594
223.1751935842289	0.0	0.9049740741504808	0.020211317754480117	-0.0	0.023979379839605724
223.39022941815398	0.0	0.8948662308035598	0.020286580296353895	-0.0	0.02398475573545385
223.60526525207905	0.0	0.8847210418712114	0.02036184283822767	-0.0	0.023990131631301977
223.82030108600412	0.0	0.8745383202861685	0.020437105380101444	-0.0	0.023995507527150104
224.0353369199292	0.0	0.8643178790541005	0.02051413476797168	-0.0	0.02400088342299823
224.25037275385426	0.0	0.8540595568305408	0.020600149101541707	-0.0	0.024006259318846358
224.46540858777934	0.0	0.8437632555666545	0.020686163435111735	-0.0	0.024011635214694484
224.68044442170438	0.0	0.8334288868047851	0.020772177768681753	-0.0	0.024017011110542608
224.89548025562945	0.0	0.8230563620872766	0.02085819210225178	-0.0	0.024022387006390734
225.11051608955455	0.0	0.8126455929564821	0.020944206435821823	-0.0	0.024027762902238865
225.32555192347962	0.0	0.802196490954762	0.02103022076939185	-0.0	0.024033138798086988
225.54058775740467	0.0	0.7917089676244798	0.02111623510296187	-0.0	0.024038514693935115
225.7556235913297	0.0	0.7811829345080044	0.021202249436531886	-0.0	0.02404389058978324
225.9706594252548	0.0	0.7706183031477097	0.021288263770101925	-0.0	0.024049266485631368
226.18569525917988	0.0	0.7600149850859842	0.021374278103671953	-0.0	0.024054642381479495
226.40073109310492	0.0	0.7493728918652203	0.02146029243724197	-0.0	0.02406001827732762
226.61576692703	0.0	0.7386919350278156	0.021546306770812	-0.0	0.02406539417317575
226.83080276095507	0.0	0.7279720261161818	0.021632321104382027	-0.0	0.024070770069023875
227.04583859488014	0.0	0.7172130766727391	0.021718335437952055	-0.0	0.024076145964872002
227.2608744288052	0.0	0.706414998239918	0.021804349771522083	-0.0	0.024081521860720132
227.47591026273028	0.0	0.6955777023601624	0.02189036410509211	-0.0	0.024086897756568255
227.69094609665535	0.0	0.6847011005759271	0.02197637843866214	-0.0	0.024092273652416382
227.90598193058042	0.0	0.6737851044296826	0.022062392772232174	-0.0	0.024097649548264512
228.12101776450547	0.0	0.6628295610819012	0.02214538166168955	-0.0	0.02410605088822527
228.33605359843057	0.0	0.6518331966066525	0.022226020099411464	-0.0	0.02411680267992153
228.5510894323556	0.0	0.6407937855258875	0.022306658537133355	-0.0	0.024127554471617782
228.7661252662807	0.0	0.6297090721723998	0.022387296974855267	-0.0	0.024138306263314036
228.98116110020575	0.0	0.6185768008790214	0.022467935412577158	-0.0	0.024149058055010286
229.19619693413082	0.0	0.6073947159786036	0.02254857385029906	-0.0	0.024159809846706543
229.4112327680559	0.0	0.5961605618040359	0.022629212288020964	-0.0	0.024170561638402796
229.62626860198097	0.0	0.5848720826882432	0.022709850725742865	-0.0	0.02418131343009905
229.841304435906	0.0	0.573527022964193	0.022790489163464753	-0.0	0.024192065221795303
230.05634026983108	0.0	0.5621231269648933	0.022871127601186658	-0.0	0.024202817013491553
230.27137610375615	0.0	0.5506581390234078	0.02295176603890856	-0.0	0.024213568805187807
230.48641193768125	0.0	0.539129803472855	0.02303240447663047	-0.0	0.024224320596884064
230.70144777160633	0.0	0.5275358646464231	0.023113042914352372	-0.0	0.024235072388580317
230.91648360553137	0.0	0.5158740668773701	0.023193681352074263	-0.0	0.024245824180276567
231.13151943945644	0.0	0.5041421544990348	0.023274319789796168	-0.0	0.024256575971972824
231.3465552733815	0.0	0.49233787184485517	0.02335495822751807	-0.0	0.024267327763669074
231.5615911073066	0.0	0.4804589632483749	0.023435596665239977	-0.0	0.02427807955536533
231.77662694123165	0.0	0.4685031730432682	0.023516235102961868	-0.0	0.024288831347061585
231.9916627751567	0.0	0.4564682455633448	0.02359687354068376	-0.0	0.024299583138757835
232.2066986090818	0.0	0.44435222783596773	0.023712335301625597	-0.0002121871831755039	0.024275511607234165
232.42173444300687	0.0	0.4321545271471647	0.023826278617917414	-0.0002840845511547376	0.024252958520360503
232.63677027693194	0.0	0.4198749327206764	0.023937149085090665	-0.0003258563292057845	0.024233478282605407
232.85180611085698	0.0	0.40751323380035714	0.02404485348428504	-0.0003502055627421829	0.02421716411282918
233.06684194478203	0.0	0.3950692196303482	0.02414929859664026	-0.00036230049937322926	0.0242041092298921
233.28187777870716	0.0	0.3825426794551286	0.024250391203296078	-0.00036495153150373964	0.024194406852654463
233.4969136126322	0.0	0.36993340251959805	0.024348038085392112	-0.00035994038031206423	0.02418815019997657
233.71194944655727	0.0	0.3572411780691238	0.024442146024068134	-0.0003485140328028353	0.0241854324907187
233.92698528048234	0.0	0.34446579534966254	0.024532621800463835	-0.00033160933475554654	0.02418634694374116
234.1420211144074	0.0	0.331607043607873	0.02461937219571892	-0.00030996948714433973	0.02419098677790423
234.35705694833246	0.0	0.318664712091273	0.024702303990973087	-0.00028421047002220574	0.024199445212068207
234.57209278225753	0.0	0.30563859004842925	0.024781323967366067	-0.0002548617770078876	0.024211815465093378
234.7871286161826	0.0	0.2925284667292204	0.02485633890603756	-0.0002223929274234022	0.02422819075584005
235.0021644501077	0.0	0.2793341313851582	0.02492725558812727	-0.00018723163684838593	0.024248664303168497
235.21720028403274	0.0	0.26605537326983253	0.024993980794774894	-0.00014977688109992296	0.02427332932593902
235.4322361179578	0.0	0.25269198163947454	0.02505642130712016	-0.0001104087435340797	0.024302279043011916
235.64727195188289	0.0	0.23924374575376212	0.02511448390630276	-6.949621316282813e-05	0.024335606673247467
235.86230778580796	0.0	0.22571045487689775	0.02516807537346242	-2.7403697774064215e-05	0.024373405435505972
236.07734361973303	0.0	0.2120919311737073	0.025215468723946605	-0.0	0.024403867180986652
236.2923794536581	0.0	0.19838964225475852	0.02525847589073162	-0.0	0.02441461897268291
236.50741528758314	0.0	0.1846074334561842	0.02530148305751663	-0.0	0.02442537076437916
236.7224511215082	0.0	0.17074933573033454	0.025344490224301637	-0.0	0.024436122556075413
236.93748695543331	0.0	0.15681938005257445	0.02538749739108666	-0.0	0.02444687434777167
237.15252278935833	0.0	0.14282159743281467	0.025430504557871665	-0.0	0.024457626139467916
237.36755862328343	0.0	0.12876001893464953	0.025473511724656686	-0.0	0.024468377931164173
237.5825944572085	0.0	0.11463867570897131	0.0255165188914417	-0.0	0.024479129722860427
237.79763029113354	0.0	0.10046159905628346	0.025559526058226707	-0.0	0.02448988151455668
238.01266612505864	0.0	0.08623282055138447	0.025602533225011728	-0.0	0.024500633306252934
238.2277019589837	0.0	0.07195637231768631	0.025645540391796735	-0.0	0.024511385097949187
238.44273779290876	0.0	0.057636287712936995	0.02568854755858175	-0.0	0.02452213688964544
238.65777362683383	0.0	0.04327660338647993	0.025731554725366763	-0.0	0.024532888681341694
238.8728094607589	0.0	0.028881367508138682	0.02577456189215178	-0.0	0.024543640473037944
239.08784529468394	0.0	0.014454697368983142	0.025817569058936788	-0.0	0.024554392264734198
239.30288112860904	0.0	0.00010000000050478867	0.02586057622572181	-0.0	0.024565144056430455
