Q20	Q30	EHFB	M22	M23	M33
132.0	0.0	0.0001	0.0503	-0.0	0.0306
132.1067850074	0.0002581309880564145	0.00013147106576869014	0.04999334844231521	2.697297664821894e-07	0.03062691528334642
132.21357001480004	0.000516261976112829	0.00024078483678474508	0.04968676193045074	5.262539377637339e-07	0.030653817204346397
132.32035502220003	0.0007743929641692435	0.0004132659964199276	0.04938024046510026	7.697815939144834e-07	0.030680705762306526
132.42714002960005	0.001032523952225658	0.0006389887116597306	0.049073784046929456	1.0005217182111668e-06	0.030707580956560905
132.53392530112438	0.001026349601517054	0.0006649481554658125	0.04876689488810666	9.691003184692076e-07	0.030734245933738844
132.64071061115487	0.0009816426292801486	0.0007046162265537977	0.048459926745292474	9.028150995017938e-07	0.030760883530559075
132.74749592118542	0.000936935657043243	0.0007945976133299939	0.048152947335112654	8.389709936584315e-07	0.030787523443405008
132.85428123121594	0.0008922286848063376	0.0009351018527415756	0.04784595665759562	7.775324442230187e-07	0.030814165672248418
132.96106643320013	0.00074534802144199	0.0010311355187296453	0.047538711380961135	6.318421522519603e-07	0.030840744654838256
133.06785159895702	0.0005642091142890741	0.0011468455267996803	0.04723134318037066	4.6504337608643643e-07	0.030867310152614562
133.1746367647139	0.00038307020713615854	0.0013143393864137108	0.04692392932665651	3.0684993915708026e-07	0.030893885035486617
133.28142193047077	0.000201931299983243	0.0015336826328161816	0.046616469820128195	1.5711870310652522e-07	0.030920469303144973
133.38820719096657	0.00012688444221706482	0.0019019766611730177	0.04630927085505863	9.584950201795814e-08	0.030947120031120486
133.4949925099262	0.00011730748540814115	0.0023808278358036904	0.04600225017996733	8.598740356895586e-08	0.030973808172831692
133.60177782888582	0.00010773052859921746	0.0029099359824881032	0.045695227091319894	7.658297803096617e-08	0.03100049681057705
133.70856314784547	9.815357179029379e-05	0.0034892116556136266	0.04538820158911719	6.762858737776931e-08	0.031027185944355606
133.81534846701842	9.316026865013878e-05	0.004122693717698637	0.04508118922377512	6.217581302360084e-08	0.031053877564326347
133.9221337864069	9.279696240251383e-05	0.004810296526055392	0.04477419189109312	5.995357870417748e-08	0.031080571333299507
134.02891910579538	9.243365615488889e-05	0.005547793896926734	0.04446719446685184	5.777143174742323e-08	0.031107265121089907
134.13570442518386	9.207034990726392e-05	0.006335136464356692	0.04416019695105128	5.562908226811556e-08	0.031133958927697502
134.24248974456822	9.126065786627096e-05	0.007171886654597268	0.043853197604250965	5.326569369903813e-08	0.03116065260555169
134.34927506394547	8.967165701701812e-05	0.008057716879773472	0.0435461949184472	5.0520548846456145e-08	0.031187346087893142
134.45606038332275	8.808265616776528e-05	0.008993270338724872	0.04323919183218927	4.786325123115758e-08	0.031214039652534997
134.56284570269997	8.649365531851244e-05	0.009978504465807008	0.042932188345477455	4.529253303241646e-08	0.031240733299477203
134.6696310220798	8.51558777424833e-05	0.011013591921785467	0.04262518556388225	4.293379183676162e-08	0.031267427085748076
134.77641634146738	8.458780068039683e-05	0.012098927118909754	0.04231818592939349	4.102273983218764e-08	0.03129412109609868
134.88320166085495	8.401972361831036e-05	0.013233806841879215	0.04201118615174002	3.915585702390762e-08	0.03132081513587219
134.98998698024252	8.345164655622385e-05	0.014418189913074612	0.04170418623092185	3.7332690137069493e-08	0.03134750920506861
135.09677229962819	8.272407048774862e-05	0.015651902632638215	0.04139718538463196	3.5484366330960846e-08	0.03137420328400321
135.2035576189982	8.070645803375076e-05	0.016933972788022705	0.04109017786508643	3.3154663019446755e-08	0.031400897274818394
135.3103429383682	7.868884557975291e-05	0.018265440498326624	0.04078316983707007	3.091909925265113e-08	0.03142759137013304
135.41712825773823	7.667123312575507e-05	0.019646265347599074	0.040476161300582875	2.8776065223072006e-08	0.0314542855699471
135.52391357710823	7.465362067175721e-05	0.021076406988107393	0.04016915225562503	2.6723951117293393e-08	0.031480979874260545
135.6306988964954	7.401832079545977e-05	0.022556934691073754	0.03986215035304156	2.5232391698311712e-08	0.03150767427468559
135.73748421588263	7.339045005504044e-05	0.024086687871418176	0.039555148332407426	2.3784458866646667e-08	0.03153436870777767
135.84426953526986	7.27625793146211e-05	0.025665620059994385	0.039248146153539755	2.2376992081137097e-08	0.03156106317338945
135.95105485465712	7.213470857420177e-05	0.02729369082437342	0.038941143816438456	2.1009490350310318e-08	0.03158775767152093
136.05784017404414	7.261513298865906e-05	0.028971707512955698	0.038706406985720296	-0.00010274762151591188	0.031601477633504516
136.16462549343115	7.32820763801437e-05	0.030698602747949034	0.03852529792163893	-0.00028523702603584284	0.031611738380923245
136.27141081281815	7.394901977162831e-05	0.03247364394534908	0.03833505212107204	-0.00045801976895347847	0.03163113594227903
136.37819613220515	7.461596316311295e-05	0.03429623593997289	0.03813640012185023	-0.0006207616216185426	0.031658939779741206
136.48498145157419	7.302673469027277e-05	0.036164085362811856	0.03793005810938518	-0.0007731634873862269	0.03169441985794509
136.591766770937	7.06580345288457e-05	0.03807774304745627	0.03771676565907343	-0.0009149617428356543	0.031736845359240824
136.69855209029978	6.828933436741862e-05	0.04003720611163432	0.03749725828216944	-0.0010459274400471264	0.03178548551205395
136.8053374096626	6.592063420599155e-05	0.04204187993124181	0.03727226659786126	-0.0011658651107052458	0.031839609697196375
136.9121227290322	6.605592987414359e-05	0.04409298857380822	0.03704253768149117	-0.001274615060863295	0.03189848679218912
137.01890804840627	6.784698222182448e-05	0.046189276472205484	0.03680879676785581	-0.0013720481511762805	0.031961386545063177
137.12569336778031	6.963803456950538e-05	0.0483289346820467	0.036571763534195396	-0.0014580660858881853	0.03202757882595551
137.23247868715438	7.142908691718627e-05	0.05051136792942988	0.036332168466739326	-0.0015326044734831753	0.03209633314863662
137.3392640065164	7.091071565110977e-05	0.05273436645194581	0.0360907268134535	-0.0015956271906900571	0.032166919015516694
137.44604932586594	6.800587428634506e-05	0.05499732968838403	0.03584816873543955	-0.0016471334288105132	0.0322386053499791
137.55283464521554	6.510103292158035e-05	0.05730134785808784	0.035605240689094625	-0.0016871607930649313	0.03231066131543595
137.6596199645651	6.219619155681564e-05	0.05964582638579449	0.035362673368415774	-0.0017157764167834864	0.03238235621789036
137.76640528392835	6.021650944177845e-05	0.062030791545408276	0.03512120338721566	-0.0017330839183360845	0.03245295976741796
137.87319060331714	5.996955336402063e-05	0.06445616518552097	0.03488156627860808	-0.0017392221195400626	0.032521742159042605
137.97997592270593	5.9722597286262816e-05	0.06692017729249573	0.034644481415007713	-0.0017343583410597972	0.03258797227698128
138.08676124209472	5.9475641208504975e-05	0.06942223290988896	0.03441067937177791	-0.0017187009676213456	0.0326509195458706
138.1935465614798	5.88447686665935e-05	0.07196149047161444	0.03418088846229903	-0.0016924951696831475	0.032709852938914076
138.30033188085292	5.70006161733588e-05	0.07453683671547016	0.0339558347212594	-0.0016560238699839214	0.0327640404446779
138.40711720022608	5.515646368012411e-05	0.07714846502577549	0.033736256168324236	-0.0016096188257273434	0.032812752548177546
138.51390251959924	5.331231118688942e-05	0.07979578063426532	0.033522883492085334	-0.0015536514216835564	0.03285525856082128
138.6206878389733	5.153209680469047e-05	0.08247822795811399	0.0333164477107296	-0.0014885393384661517	0.03289082793116889
138.72747315835602	5.036571999936977e-05	0.08519554376437878	0.033117682108750796	-0.0014147511313210301	0.03291873143204706
138.83425847773873	4.919934319404908e-05	0.08794675238475971	0.03292731408669547	-0.0013328020915580798	0.03293823721755154
138.94104379712144	4.8032966388728376e-05	0.09073125895330933	0.03274607430418852	-0.0012432647517111037	0.03294861462805744
139.04782911650415	4.686658958340769e-05	0.09354846860009909	0.03257469342470085	-0.0011467693125618967	0.03294913300009381
139.15461443589282	4.658952563928628e-05	0.0963982981574488	0.03241390519161183	-0.0010440098366941372	0.03293906534044243
139.26139975528162	4.6322395502665145e-05	0.09927963313686965	0.032264436513868115	-0.0009357312517809198	0.03291767816924797
139.36818507467035	4.6055265366044004e-05	0.1021918727799435	0.03212701794888128	-0.0008227346475364437	0.03288424085427516
139.47497039405908	4.578813522942286e-05	0.10513442211876808	0.03200238009302083	-0.0007058502260109861	0.0328380227991544
139.58175571343008	4.3946030291354144e-05	0.1081058282176403	0.03189125091747195	-0.0005858643234791838	0.03277828371236302
139.68854103279773	4.180557388488685e-05	0.1111062182216891	0.03179436496178821	-0.0004633459601468765	0.03270429884058823
139.79532635216535	3.9665117478419544e-05	0.11413516214284349	0.03171245365372185	-0.0003379688676386122	0.03261533907262696
139.90211167153296	3.7524661071952234e-05	0.11719206515878365	0.031646247783307026	-0.00020531233595299866	0.03251067361844504
140.008896990916	3.722141776817186e-05	0.12027727616315556	0.03158930221871872	-3.7468837719446715e-06	0.032401210825104027
140.11568231030452	3.757190545447572e-05	0.12338966517684888	0.03146116298363795	-4.4081009147561666e-06	0.032411890259952475
140.22246762969303	3.792239314077958e-05	0.1265287357223841	0.03133302381097359	-5.075217790640787e-06	0.0324225696553085
140.32925294908154	3.827288082708345e-05	0.12969439694923685	0.03120488470072351	-5.7481939904599235e-06	0.032433249011174246
140.4360382684672	3.778772495815883e-05	0.13288615508205817	0.03107674583498822	-6.357045774032314e-06	0.032443921306932626
140.54282358785093	3.6715364768001005e-05	0.13610405691065028	0.030948606958308755	-6.9023378205486405e-06	0.03245458875729369
140.6496089072346	3.564300457784317e-05	0.13934829939366197	0.030820467890385454	-7.4275676999876824e-06	0.03246525632875989
140.7563942266183	3.457064438768533e-05	0.14261879170194602	0.030692328631224716	-7.9322493279257e-06	0.03247592402132468
140.86317954600435	3.385688159250717e-05	0.14591560456595323	0.030564189230528005	-8.460806117132708e-06	0.03248659476678788
140.9699648653929	3.3522090887786414e-05	0.14923864765297862	0.030436049788822136	-9.026721171296349e-06	0.03249726866987274
141.07675018478147	3.3187300183065646e-05	0.1525876563563198	0.03030791028736774	-9.586332716451764e-06	0.0325079426108088
141.18353550417004	3.2852509478344885e-05	0.15596253981448152	0.03017977072616685	-1.0139591519921827e-05	0.03251861658959402
141.29032082355639	3.221778774928104e-05	0.15936308145862021	0.03005163095672902	-1.0637037190651275e-05	0.032529288221755576
141.39710614293838	3.0985136211110075e-05	0.1627890748908835	0.029923490724776878	-1.1015898855473656e-05	0.03253995520575416
141.50389146232035	2.97524846729391e-05	0.1662406844454994	0.02979535027305952	-1.1367142408458354e-05	0.03255062232889519
141.6106767817023	2.8519833134768127e-05	0.1697178191527064	0.029667209601584418	-1.1689771325366853e-05	0.032561289591171175
141.71746210108589	2.7528316523756012e-05	0.17322048158492256	0.029539068915691236	-1.2035533785628961e-05	0.03257195885520717
141.8242474204748	2.732240818800123e-05	0.17674878224934187	0.029410928791999753	-1.2539157852776216e-05	0.03258263425523139
141.93103273986367	2.7116499852246443e-05	0.1803023193595109	0.02928278863155356	-1.3038461620848857e-05	0.03259330967854272
142.03781805925257	2.6910591516491657e-05	0.18388100201520083	0.029154648434353843	-1.3533419585099111e-05	0.03260398512513991
142.1446033786412	2.665325631238545e-05	0.18748472092525462	0.02902650813827946	-1.4010494054925908e-05	0.03261466020938175
142.25138869802697	2.581240646786113e-05	0.19111320007215557	0.02889836703942397	-1.4321016513031694e-05	0.03262533097995749
142.35817401741275	2.49715566233368e-05	0.19476656146916266	0.028770225790670203	-1.461035746568955e-05	0.03263600184543487
142.4649593367985	2.413070677881247e-05	0.1984447140806948	0.028642084392023284	-1.4877884594086325e-05	0.03264667280580879
142.57174465618428	2.3289856934288137e-05	0.20214756685766622	0.02851394284348827	-1.5122917816453403e-05	0.03265734386107417
142.67852997557236	2.2829066260323116e-05	0.20587515064842182	0.028385801773481958	-1.54740829528288e-05	0.03266801775405044
142.78531529496047	2.2374627061221622e-05	0.20962724902769683	0.028257660632386154	-1.5815787443316414e-05	0.03267869174452492
142.89210061434858	2.1920187862120127e-05	0.21340376891558052	0.028129519410267582	-1.6145769953344204e-05	0.032689365786299086
142.99888593373672	2.1465748663018632e-05	0.21720461930808022	0.02800137810712898	-1.646382284623424e-05	0.03270003987937022
143.10567125312164	2.054723509049159e-05	0.22102957336386964	0.02787323579026665	-1.6583485550838723e-05	0.032710710779260216
143.21245657250589	1.953242162213085e-05	0.2248786546735957	0.027745093107583253	-1.6632625831003552e-05	0.032721381114940294
143.31924189189016	1.851760815377011e-05	0.22875180089956293	0.027616950244051575	-1.6646419173514038e-05	0.032732051565093734
143.42602721127443	1.7502794685409372e-05	0.2326489208380809	0.027488807199677803	-1.6622936743118283e-05	0.03274272212971436
143.53281253066197	1.7042104637861148e-05	0.23657007071458436	0.02736066528559647	-1.6835982844590362e-05	0.03275339655787695
143.63959785005073	1.6783957824057737e-05	0.24051505736603876	0.02723252378668916	-1.7137960543137294e-05	0.03276407239696542
143.7463831694395	1.652581101025432e-05	0.24448373458369127	0.027104382241755917	-1.7432305738584354e-05	0.03277474826519547
143.8531684888283	1.6267664196450906e-05	0.24847601136505515	0.026976240650798282	-1.7718917223096024e-05	0.032785424162565524
143.95995380821574	1.6586226109379592e-05	0.2524919358170604	0.026848100583881988	-1.8319001770778733e-05	0.03279610386091196
144.06673912760226	1.7330122017419228e-05	0.2565313673447525	0.026738314763618518	-1.9079345276481924e-05	0.03279844389601458
144.17352444698875	1.8074017925458864e-05	0.2605940557739728	0.026639541589615272	-1.9795354321995744e-05	0.03279577807708475
144.28030976637524	1.8817913833498496e-05	0.2646798196053548	0.026540768512005212	-2.0515828247766764e-05	0.03279311217467028
144.38709508576278	1.906931793625704e-05	0.2687883690146727	0.026441994058346553	-2.097178329062556e-05	0.032790443077860845
144.49388040515151	1.878962173051157e-05	0.27291952145942205	0.026343218015319005	-2.1134472757415973e-05	0.032787770627514465
144.60066572454022	1.85099255247661e-05	0.2770732131289004	0.02624444193653126	-2.1291328540842104e-05	0.032785098208074855
144.70745104392893	1.8230229319020627e-05	0.2812492613202244	0.026145665821966445	-2.1442269204074508e-05	0.032782425819558834
144.81423636331772	1.7978261791489118e-05	0.2854474888064454	0.026046889761679876	-2.1603878086360655e-05	0.032779753630928964
144.92102168270662	1.778437215138768e-05	0.2896677183259325	0.025948113861581516	-2.179575207520189e-05	0.03277708182075703
145.02780700209553	1.759048251128625e-05	0.29390975544273923	0.025849337936757734	-2.198366839623636e-05	0.03277441003194601
145.13459232148443	1.7396592871184815e-05	0.29817341748282256	0.02575056198719688	-2.2167587562279538e-05	0.03277173826450759
145.24137764087337	1.7214092789096053e-05	0.3024585238097505	0.025651786052832058	-2.2354866116976926e-05	0.03276906658529555
145.34816296026236	1.7069716914951885e-05	0.3067648962728655	0.025553010231357254	-2.256356171647375e-05	0.03276639514780465
145.45494827965132	1.692534104080772e-05	0.3110923452223643	0.025454234391524697	-2.2769348345683182e-05	0.03276372372616624
145.5617335990403	1.678096516666356e-05	0.31544068800098624	0.02535545853332565	-2.2972203748492063e-05	0.032761052320389
145.66851891842933	1.663638930251847e-05	0.3198097419178424	0.02525668265599821	-2.317196598903962e-05	0.03275838092935279
145.7753042378183	1.6489197661124228e-05	0.3241993239311715	0.025157906750239767	-2.33668930540307e-05	0.03275570953960024
145.88208955720728	1.6342006019729986e-05	0.32860925181519596	0.025059130825723565	-2.3558750843761793e-05	0.03275303816605127
145.98887487659627	1.6194814378335744e-05	0.33303934290708403	0.024960354882440767	-2.3747514375514524e-05	0.032750366808714716
146.09566019598523	1.6047622736941502e-05	0.33748941454292614	0.02486157892038255	-2.3933158188763635e-05	0.03274769546759946
146.20244551537428	1.5946815020305903e-05	0.34195929083604304	0.02476280312927895	-2.4150806261646406e-05	0.03274502439148658
146.30923083476333	1.584700267118318e-05	0.3464487822194163	0.024664027329542048	-2.4367179034852037e-05	0.03274235333167654
146.41601615415237	1.5747190322060453e-05	0.35095770590099756	0.024565251517158767	-2.458152283346626e-05	0.03273968228278084
146.52280147354136	1.5647377972937726e-05	0.35548587923647296	0.024466475692123176	-2.4793826105226802e-05	0.032737011244805526
146.62958679293027	1.5812426782884678e-05	0.3600331555223314	0.02436770100669932	-2.5216162608124794e-05	0.0327343415786624
146.73637211231912	1.603594765401545e-05	0.36459932282065105	0.024268926601232598	-2.5687788830246166e-05	0.03273167219075473
146.84315743170797	1.625946852514622e-05	0.3691841905803739	0.024170152225155866	-2.6162318779389683e-05	0.03272900277733572
146.9499427510968	1.6482989396276993e-05	0.37378757632450327	0.02407137787848257	-2.663973692252815e-05	0.03272633333839195
147.05672807048575	1.6441963711509585e-05	0.37840926371421585	0.023972602341494616	-2.690444330930901e-05	0.03272366257426958
147.16351338987477	1.6302116626461846e-05	0.38304909241977364	0.023873826337432874	-2.7086442430607038e-05	0.03272099133453991
147.27029870926373	1.616226954141411e-05	0.3877068925862716	0.02377505031548925	-2.7265451256931776e-05	0.03271832011026546
147.37708402865272	1.6022422456366374e-05	0.39238248154403	0.023676274275655253	-2.744144609664319e-05	0.03271564890145464
147.48386934795187	1.926332149016235e-05	0.3970760930279796	0.023577514686135666	-3.0411784990682053e-05	0.032712993553377125
147.59065466718255	2.5080076859230206e-05	0.40178743824905166	0.023478768234981077	-3.5069285348857254e-05	0.03271034976578735
147.6974399864132	3.089683222829806e-05	0.4065160182149829	0.02338002254298768	-3.933312754030368e-05	0.03270770531997231
147.80422530564385	3.671358759736591e-05	0.4112616536484385	0.02328127761050278	-4.332192646505325e-05	0.0327050602155847
147.91101062480433	3.5900172418312e-05	0.4160233609483866	0.0231824994106557	-4.328008931337785e-05	0.03270238487786326
148.0177959438879	2.7822560951477782e-05	0.42080088343459837	0.023088577126644843	-3.846176690130354e-05	0.0326978980979544
148.12458126297145	1.9744949484643554e-05	0.42559482041873986	0.0230191255447218	-3.25897774221837e-05	0.03268451345112005
148.23136658205505	1.166733801780933e-05	0.4304046540193834	0.022949673288009818	-2.5196917873648758e-05	0.03267112953298524
148.3381519012352	6.1910946874585775e-06	0.4352301499237963	0.022880234192115156	-1.8460344107918974e-05	0.032657757453513736
148.44493722062418	6.339319886138998e-06	0.4400711338118109	0.022810824787911594	-1.8787083025399376e-05	0.032644409635431845
148.55172254001315	6.487545084819418e-06	0.4449263715163704	0.02274141539610058	-1.9113756584252647e-05	0.032631061803968145
148.65850785940214	6.635770283499839e-06	0.4497953146504059	0.02267200601668195	-1.9440409386027953e-05	0.03261771395912278
148.76529317879115	6.761430552730237e-06	0.45467741196872413	0.022602596525867324	-1.9734180771417733e-05	0.032604366008600436
148.8720784981802	6.810002706089702e-06	0.45957210800991777	0.022533186619439767	-1.9915896142176258e-05	0.032591017734907274
148.9788638175693	6.858574859449167e-06	0.46447886398822524	0.022463776717071372	-2.0098149065055407e-05	0.03257766945683072
149.08564913695838	6.907147012808632e-06	0.46939713146074186	0.02239436681876213	-2.028093801313217e-05	0.03256432117437088
149.19243445634743	6.9588812798820086e-06	0.4743263624035838	0.02232495694238774	-2.0468912577745367e-05	0.032550972899890486
149.29921977573647	7.055947323610546e-06	0.47926601407516367	0.022255547328497084	-2.0724117730459777e-05	0.03253762479592563
149.40600509512552	7.1530133673390815e-06	0.48421553210385787	0.02218613772272022	-2.097989550942834e-05	0.032524276683199155
149.51279041451454	7.25007941106762e-06	0.4891743680582792	0.022116728125057064	-2.123624997976191e-05	0.032510928561711186
149.6195757339036	7.347145454796156e-06	0.494141973504618	0.022047318535507482	-2.1493184968988615e-05	0.032497580431461774
149.726361053174	1.2322925819588143e-05	0.4991185008856799	0.02197793755395035	-2.79847945625662e-05	0.03248425026512082
149.83314637244143	1.7419689652758377e-05	0.5041027425693084	0.021908557702948833	-3.345005183631931e-05	0.03247092008952844
149.93993169170886	2.2516453485928753e-05	0.5090941343352166	0.021839178278329634	-3.823188386765394e-05	0.03245758945353753
150.04671701097632	2.761321731909913e-05	0.5140921289299231	0.02176979928008495	-4.2561917952107726e-05	0.032444258357155864
150.15350233027607	2.51507143326856e-05	0.5190950148008149	0.02170037512913417	-4.08329720626058e-05	0.03243090031919317
150.26028764958318	2.096614228303485e-05	0.5241030967050723	0.021630940317155723	-3.747623800277704e-05	0.03241753654846097
150.36707296889026	1.67815702333841e-05	0.5291160858043995	0.021561505155479242	-3.370250717726111e-05	0.03240417315535501
150.47385828819733	1.259699818373335e-05	0.5341334328128292	0.021492069644107	-2.9350604379089335e-05	0.032390810139873
150.58064360731052	1.7712305021865112e-05	0.5391561271564491	0.0214226914109954	-3.498237813998917e-05	0.03237747840305632
150.6874289263503	2.6349871707106544e-05	0.5441827299518537	0.02135333557956538	-4.288631304021068e-05	0.03236415774836256
150.79421424539004	3.498743839234798e-05	0.5492121213242619	0.02128398047095625	-4.966974099370879e-05	0.03235083631320008
150.90099956442975	4.36250050775894e-05	0.5542437535547714	0.021214626085151584	-5.5744078170883246e-05	0.03233751409758533
151.0077848834411	4.217941934918864e-05	0.5592752879798961	0.021145208251507428	-5.5088782973443864e-05	0.03232415942166959
151.11457020243037	3.29391424010139e-05	0.56430649622576	0.02107574036541432	-4.892584264876683e-05	0.03231078073749197
151.22135552141967	2.3698865452839157e-05	0.5693381894991336	0.021006271707606855	-4.170657018488503e-05	0.03229740288669903
151.32814084040893	1.445858850466442e-05	0.5743698189377493	0.020936802278085247	-3.273795291423997e-05	0.03228402586929063
151.4349261595879	9.756947166524714e-06	0.5794016984185693	0.020867361718466534	-2.7026126902113094e-05	0.03227066312722087
151.54171147897654	1.0072908167529136e-05	0.5844334144150991	0.020797953745453887	-2.7595171291115084e-05	0.0322573154434035
151.64849679836516	1.0388869168533556e-05	0.5894634805478074	0.020728545798852995	-2.8161658081461652e-05	0.03224396773106565
151.75528211775378	1.0704830169537976e-05	0.5944913483173875	0.020659137878663515	-2.872579815208402e-05	0.03223061999020765
151.8620674371056	1.2494599904793633e-05	0.5995167674909536	0.02058973985679907	-3.118470334403522e-05	0.03221727631963483
151.9688527563771	1.7506635134238566e-05	0.6045395620786872	0.020520363702868305	-3.709116974903891e-05	0.03220394130334746
152.07563807564856	2.2518670363683502e-05	0.6095585787777531	0.020464224377273063	-4.2198460957626776e-05	0.032184932977348375
152.18242339492	2.7530705593128436e-05	0.6145736876758771	0.020413535997349623	-4.677228223770602e-05	0.03216358815423301
152.28920868974797	6.56878261528059e-05	0.6195920795427866	0.020363074023232553	-7.242366113181454e-05	0.03214232906004528
152.39599390025916	0.00021817752349417144	0.6246317624474717	0.02031339718469413	-0.00013231818062781083	0.03212135850521551
152.50277911077035	0.0003706672208355328	0.6296686551102466	0.020263728428675833	-0.0001728939138751519	0.03210037396504449
152.60956432128157	0.0005231569181768984	0.6347028366658052	0.02021406774924662	-0.00020590805183535944	0.0320793754454633
152.71634953172935	0.0006561114277417257	0.6397299785477146	0.020164279737362928	-0.0002311580542422302	0.0320583157960707
152.8231347412485	0.0005029286043075	0.644689095795905	0.020112508114277186	-0.00020285351393312462	0.032036566150392194
152.92991995076767	0.0003497457808732742	0.6496440744128366	0.020060728783427517	-0.00016955585409403253	0.03201483014212933
153.03670516028683	0.00019656295743904843	0.6545950190473143	0.020008941743592756	-0.0001274068024965783	0.03199310777250326
153.14349036980602	4.338013400482266e-05	0.6595420332038701	0.019957146993553755	-5.999160920716351e-05	0.031971399042733134
153.25027565805885	0.00011639783867088334	0.6645393254378529	0.019906940263212727	-9.850467767719691e-05	0.03195020015991805
153.35706094834012	0.00019524311074331014	0.6695355003967299	0.01985677861495872	-0.00012788206597890884	0.0319290071499658
153.46384623862136	0.0002740883828157369	0.6745292692276001	0.019806621084665216	-0.00015188034344387305	0.031907806969978796
153.57063152890262	0.00035293365488816365	0.6795207220379269	0.019756467670165055	-0.00017275648662811108	0.03188659962212416
153.67741680639827	0.0004472345047447381	0.6845138092917323	0.019706429058995084	-0.00019493356251599084	0.03186541617010877
153.78420208097418	0.0005450648420590291	0.6895057340015638	0.019656420748645004	-0.00021571076095256038	0.03184423106939507
153.89098735555012	0.0006428951793733203	0.6944957153956567	0.019606417552172777	-0.00023482462053190685	0.03182303706782422
153.99777263012604	0.0007407255166876113	0.699483845598568	0.0195564194666079	-0.00025265336828216977	0.031801834168366724
154.1045578347337	0.000641614990388213	0.7044189736300344	0.019504995390555172	-0.00023568070454349293	0.0317802626282848
154.21134301283917	0.0004679083109758058	0.7093318179866663	0.019453022443052994	-0.00020171785691394127	0.03175856691410551
154.31812819094466	0.0002942016315633987	0.7142416904402519	0.019401040788592647	-0.00016031048904617572	0.031736886631005136
154.42491336905013	0.00012049495215099153	0.7191486842840296	0.019349050425266936	-0.000102824714952337	0.03171522178089091
154.5316985331638	0.00015121570398607116	0.7241081820394466	0.01929855683379255	-0.00011545495924876252	0.031693910036712764
154.6384836864905	0.0003395399511129715	0.7291090811039951	0.019249229796454773	-0.0001734124148726802	0.031672848479650705
154.7452688398172	0.0005278641982398719	0.7341092603807848	0.019199912718722977	-0.0002167271109198443	0.03165176967302301
154.85205399314387	0.0007161884453667722	0.7391088180169233	0.019150605592268145	-0.0002530346490245335	0.031630673625158666
154.9588391506577	0.0007277685251735921	0.744058196411454	0.01909998758704707	-0.00025565265541776464	0.031609301298346625
155.0656243127874	0.0005445037982303368	0.7489509670645004	0.019047909334219744	-0.00022162221478755334	0.03158765087764708
155.17240947491712	0.00036123907128708145	0.7538414484756015	0.018995821911679207	-0.00018091213614706528	0.03156601672076892
155.2791946370468	0.00017797434434383121	0.7587297257883489	0.018943725317160615	-0.00012726380622694896	0.03154439882997701
155.3859797964587	0.00011202848081196387	0.763650085950484	0.018892507674799736	-0.00010119509556781837	0.03152294867957752
155.4927649499828	0.00030024076495979864	0.7686438279128921	0.018843217453453104	-0.00016604606461546187	0.0315018209150428
155.5995501035069	0.0004884530491076335	0.7736376419169243	0.018793937156758315	-0.00021227585442461477	0.03148067594023055
155.70633525703101	0.0006766653332554682	0.7786316344857727	0.01874466677640933	-0.000250419706764643	0.03145951376344687
155.81312042641227	0.0007900612197325496	0.7836032796648751	0.018694831821807267	-0.0002712016731265126	0.03143825168692967
155.91990565012463	0.0006471146235616453	0.7884966324935968	0.018643027950840503	-0.00024598039792406243	0.031416707382509824
156.02669087383697	0.0005041680273907409	0.7933886133079237	0.018595885601388876	-0.00021747421088685268	0.03139317575684892
156.13347609754933	0.00036122143121983637	0.7982792565318773	0.018562749105257775	-0.00018408086902695005	0.03136365258060879
156.2402613270513	0.0002248183928063442	0.8031705608329776	0.01852966101429114	-0.00014522476865819715	0.03133414440536878
156.3470466365258	0.00017880247666368244	0.8080890853268737	0.018497270852016127	-0.00012951638878930821	0.03130472866743274
156.4538319460003	0.0001327865605210207	0.8130066578524221	0.01846487994142407	-0.00011161647325395086	0.031275315766188895
156.5606172554748	8.677064437835898e-05	0.817923221777861	0.018432488282343184	-9.023000992841152e-05	0.03124590570180901
156.66740256494927	4.075472823569723e-05	0.8228387205482646	0.018400095874602056	-6.183965224677376e-05	0.031216498474464515
156.77418788400945	3.523929316783917e-05	0.8277664155202432	0.01836801771821144	-5.75055032637889e-05	0.031187126794908662
156.88097320330235	3.0707259288865e-05	0.8326935074570653	0.018335947127383165	-5.368268048952124e-05	0.03115775622062884
156.98775852259527	2.6175225409890815e-05	0.8376196230973875	0.018303876461525398	-4.956518147346369e-05	0.031128385927059236
157.09454384188817	2.1643191530916635e-05	0.8425447095701399	0.018271805720648886	-4.507232147838022e-05	0.03109901591418913
157.2013291612587	2.1275346140853487e-05	0.8474701350932587	0.018239767430984894	-4.468952791585875e-05	0.031069649029347658
157.3081144806464	2.1825126653821594e-05	0.8523947682547327	0.018207736310339902	-4.52651597932025e-05	0.03104028276632174
157.41489980003405	2.23749071667897e-05	0.857318246340515	0.01817570519878538	-4.5833652755873876e-05	0.031010916469254267
157.52168511942176	2.2924687679757803e-05	0.8622405168958263	0.01814367409631957	-4.639526889818482e-05	0.030981550138146942
157.6284704388104	2.3145477943714766e-05	0.8671614109621122	0.0181116404223051	-4.6620091012903435e-05	0.030952183588819016
157.73525575819946	2.3242705728521214e-05	0.8720809462676582	0.018079605781663913	-4.6719844172750635e-05	0.030922816960488247
157.84204107758848	2.3339933513327655e-05	0.8769991136763526	0.01804757114260968	-4.681939648515605e-05	0.03089345032615797
157.94882639697752	2.3437161298134103e-05	0.8819158606976423	0.018015536505142087	-4.6918749170289566e-05	0.0308640836858285
158.0556117163666	2.3449071033061396e-05	0.8868311034969321	0.017983501197190742	-4.693259940872683e-05	0.03083471700230566
158.16239703575565	2.3397030258079015e-05	0.8917447966422857	0.0179514653851305	-4.688241491130848e-05	0.03080535029217012
158.26918235514472	2.3344989483096636e-05	0.8966569109123345	0.017919429572185074	-4.683216362582213e-05	0.03077598358528156
158.3759676745338	2.3292948708114258e-05	0.9015673938060248	0.01788739375835462	-4.678184536399972e-05	0.030746616881639835
158.48275299379657	2.685583626937108e-05	0.9064775700950667	0.01785538653901605	-5.0234541513030584e-05	0.0307172513093816
158.5895383129215	3.436734455707587e-05	0.9113875530814968	0.017823410646528592	-5.682956710532492e-05	0.030687886626250892
158.69632363204636	4.187885284478066e-05	0.9162957999046232	0.01779143487862023	-6.273601674248528e-05	0.03065852147764062
158.80310895117125	4.9390361132485454e-05	0.9212022585243086	0.017759459235259983	-6.813319934352951e-05	0.030629155863581732
158.90989426908527	6.393924545395793e-05	0.9261096562837956	0.017727539619150332	-7.752469093041047e-05	0.03059979110752903
159.01667958447197	9.317606220188265e-05	0.9310210644712055	0.01769573704470784	-9.35897103497557e-05	0.030570427754771062
159.12346489985867	0.00012241287894980738	0.9359306829783159	0.017663934958346082	-0.00010727758693597612	0.030541062587055717
159.23025021524538	0.0001516496956977321	0.9408384609227117	0.017632133359852916	-0.00011940859850688547	0.030511695604595133
159.33703552822993	0.00018693283181776094	0.94574682153271	0.017600380483552346	-0.00013257978800360393	0.030482327192174846
159.44382083313747	0.00024254606420943714	0.950661675814287	0.01756879055337546	-0.00015102631558935805	0.03045295724752968
159.550606138045	0.00029815929660111334	0.9555747280458704	0.01753720155798602	-0.0001674559088189864	0.030423583844159784
159.65739144295256	0.00035377252899278954	0.9604859284699535	0.017505613496770052	-0.00018241432597693614	0.0303942069826791
159.76417673944354	0.00041760579697465287	0.9653987101369603	0.017474092227530075	-0.00019819882965793937	0.030364826160332634
159.87096193433348	0.0005806682145764019	0.9703520089439361	0.017443367929084803	-0.0002337270514536968	0.03033543215983303
159.97774712922342	0.0007437306321781509	0.9753040980815808	0.017412646455521298	-0.0002645327335748184	0.03030602793407454
160.0845323241133	0.0009067930497798997	0.9802549461324048	0.017386152587484393	-0.00029203801026837285	0.03027873293847035
160.1913175190032	0.0010698554673816486	0.9852046279860524	0.017360772953611128	-0.00031712574382867386	0.03025198816350244
160.29810258059698	0.0008417057210774554	0.9899802504101597	0.017332246512331426	-0.00028119587376814435	0.030225312467152918
160.40488763957342	0.0006058743726790202	0.9947485873542896	0.017303655893271805	-0.00023849536653542397	0.03019864836463493
160.5116726985499	0.0003700430242805847	0.9995131126776619	0.017275062874931617	-0.00018632669172842818	0.030171994531167624
160.6184577575263	0.00013421167588214937	1.0042739317323928	0.017246467450180155	-0.00011217727267800434	0.030145350973881765
160.72524280381043	0.00029535902942540843	1.0092127546975151	0.017221072010426716	-0.00016636731557326915	0.03011860645415512
160.83202784748843	0.0005380187139978223	1.0141887146670558	0.017196336711761073	-0.00022448053672936486	0.030091829767561463
160.93881289116638	0.0007806783985702361	1.0191649597224408	0.01717160445878937	-0.00027033518009077483	0.030065041937641077
161.04559793484435	0.00102333808314265	1.0241416171413127	0.01714687524395113	-0.00030942963381212394	0.030038242971954395
161.15238301865668	0.0009293622680184167	1.028959688482577	0.017119424160033505	-0.0002947902062458331	0.030011558951728023
161.25916811715973	0.0007121648465974008	1.0337170941861917	0.017090974124169326	-0.0002579722802586316	0.02998492780465314
161.3659532156628	0.000494967425176385	1.0384717110940545	0.0170625218439261	-0.000214997665556079	0.029958306149909818
161.47273831416587	0.00027777000375536916	1.0432236454848298	0.01703406731329909	-0.00016100938183681235	0.029931693993502793
161.5795233942628	0.0003228494348533356	1.0481011087815688	0.017007738377970334	-0.0001735338136365667	0.029904970756021866
161.68630846122892	0.0005550348573325995	1.0530702954025621	0.016982929251048506	-0.00022747205060825342	0.029878155049963686
161.79309352819502	0.0007872202798118635	1.0580406775424116	0.01695812300792085	-0.00027083155177161003	0.029851328712006374
161.8998785951611	0.0010194057022911273	1.0630123820682869	0.01693331964173028	-0.00030811103223048767	0.02982449174900702
162.00666373848662	0.0010708739702824505	1.0678944339155942	0.01690704808012314	-0.0003157020500397651	0.0297977441918793
162.1134489635358	0.0009289295389368282	1.0726783453386293	0.01687920172380369	-0.00029394502951024244	0.029771105580727996
162.22023418858504	0.0007869851075911982	1.0774609592133129	0.016851353846200443	-0.0002704735192843687	0.02974447322760048
162.3270194136342	0.0006450406762455683	1.0822423855744872	0.01682350444475759	-0.00024479472421143616	0.029717847135052624
162.4338046549101	0.0005174472840392445	1.0870302026334766	0.016795770616284404	-0.00021918425008421748	0.02969121811392812
162.54058992790667	0.0004179079784913127	1.0918318832873155	0.016768264464190222	-0.00019691809443448568	0.029664576149136375
162.64737520090327	0.000318368672943381	1.0966330546568692	0.01674075722090871	-0.0001718223338313347	0.029637938597198172
162.75416047389984	0.00021882936739544922	1.1014338288411716	0.016713248885190237	-0.00014240871282545373	0.029611305459363173
162.86094567093448	0.0002084709662065617	1.1062821828350773	0.016686469087021333	-0.00013895651091958724	0.02958461180687754
162.96773061941207	0.0004899237489280323	1.111288915033216	0.016662078492011775	-0.00021296183733060528	0.0295576994143814
163.07451556788965	0.000771376531649503	1.1162987286220398	0.016637691417267612	-0.0002671477078190953	0.02953077410945708
163.18130051636723	0.0010528293143709734	1.1213117524653642	0.01661330785283207	-0.00031201624285982256	0.02950383590206137
163.28808546714944	0.0012827308677587192	1.1262996022864364	0.016588504628439	-0.00034430538377789867	0.02947692719172837
163.3948704403649	0.001010825749888431	1.1310108395700704	0.016559582363637436	-0.0003055470207240552	0.02945043174859506
163.5016554135804	0.0007389206320181429	1.1357210276465528	0.01653065730322917	-0.00026115792099369817	0.02942394817462492
163.6084403867959	0.0004670155141478548	1.1404302698889077	0.01650172943800845	-0.00020755581150109367	0.029397476479023726
163.71522536001143	0.0001951103962775668	1.145138669663416	0.016472798758788362	-0.00013411424973191298	0.02937101667097835
163.822010511653	0.000376558291493136	1.1501067656655286	0.016447597447400254	-0.00018626312694564184	0.02934414723075287
163.9287956658144	0.0005644086480524929	1.1550818071535855	0.016422451077073096	-0.0002279729489076207	0.02931726344236273
164.0355808199758	0.0007522590046118499	1.1600602680061725	0.0163999744731912	-0.00026307938388851326	0.02929126387562762
164.14236597413716	0.0009401093611712067	1.1650422443115291	0.016382837279281567	-0.0002938943889185235	0.02926704558869721
164.2491512104877	0.0008664532099884329	1.169873141036045	0.016363543716725163	-0.00028194758802285464	0.029243083055342466
164.35593646163224	0.0007457261234089972	1.1746773592571702	0.016343861664791084	-0.00026138360042468926	0.02921916900076999
164.46272171277678	0.0006249990368295614	1.1794825695735547	0.016324179313008343	-0.00023912290640141533	0.02919525717982702
164.5695069639213	0.0005042719502501257	1.1842888096870066	0.016304496658938836	-0.00021463808256293307	0.02917134759495166
164.6762922645731	0.00048477399630381877	1.1891577515737037	0.016285649072899862	-0.00021029963836569478	0.029147336163426223
164.7830775827215	0.0005010519090420328	1.1940506201093641	0.016267096724185845	-0.0002136511061895251	0.02912328796817501
164.88986290086993	0.0005173298217802468	1.1989458295777542	0.016248544426449272	-0.00021694132590076347	0.029099239461210014
164.9966482190183	0.0005336077345184608	1.2038434206664872	0.016229992179833966	-0.0002201730553934565	0.029075190642387463
165.10343342429704	0.0006609241674298159	1.2088129505200549	0.01621235706223837	-0.0002448639163380596	0.02905102309492457
165.21021855486546	0.0008617387901833603	1.2138322242246506	0.016195329572718842	-0.00027940440280439403	0.029026773938113058
165.3170036854339	0.0010625534129369049	1.2188555779372423	0.016178302817883575	-0.0003100393576848873	0.029002520830014925
165.42378881600231	0.0012633680356904493	1.223883044512046	0.016161276796444725	-0.00033783292570222417	0.02897826377191802
165.5305739398784	0.0012631472037118894	1.2287853719139528	0.016142589474689443	-0.0003375647667185948	0.02895422534475179
165.63735905684013	0.0010552229551431876	1.2335557009537534	0.01612218482469407	-0.0003083139691824577	0.028930418716153854
165.74414417380189	0.0008472987065744858	1.238326763346236	0.016101779693781633	-0.0002760771445909119	0.02890661589895525
165.85092929076364	0.000639374458005784	1.2430986105846857	0.016081374076298702	-0.0002396519995163899	0.028882816898809425
165.9577144786063	0.0004955814406023771	1.247913645238758	0.01606149835341508	-0.00021083989272310588	0.02885894844460066
166.0644997942919	0.0004674574770148674	1.2528069844123786	0.016042579037763897	-0.000204625155689222	0.028834949417724746
166.1712851099775	0.00043933351342735757	1.257702779401628	0.01602365964022226	-0.0001982338075422064	0.028810950923223232
166.27807042566312	0.00041120954983984775	1.2626010734983513	0.016004740160439353	-0.00019164814980637932	0.028786952961446923
166.38485569058153	0.0004419158220774877	1.2675417280954668	0.015986307515374356	-0.00019853425936657322	0.028762886103088917
166.4916407986887	0.0006543389184027794	1.2726091654759695	0.015969379337662938	-0.0002414127782396405	0.02873860238017707
166.59842590679585	0.0008667620147280707	1.2776811508678283	0.015952451949371685	-0.0002776524792568963	0.028714314465301566
166.70521101490297	0.0010791851110533623	1.2827577002871762	0.015935525348976774	-0.0003095935355703128	0.028690022359986238
166.81199614608562	0.0012641489054274042	1.2878198113476593	0.015918372025258202	-0.0003348380583165805	0.028665759590955776
166.91878146039147	0.0012312000576568537	1.2927345459786483	0.015899413517592807	-0.00033021069113680273	0.028641761358377385
167.02556677469732	0.0011982512098863032	1.2976520079934801	0.015880454916141852	-0.0003255305626819652	0.028617763747352507
167.1323520890032	0.0011653023621157528	1.3025722411550633	0.015861496220479998	-0.0003207953424606393	0.02859376675830649
167.23913740330906	0.0011323535143452023	1.3074952895174732	0.01584253743018208	-0.0003160025322980915	0.028569770391664508
167.345922544009	0.0009371495125029119	1.3123057153924687	0.015822233128523464	-0.00028727309504138324	0.02854598044435032
167.45270768432567	0.0007415873020041266	1.3171175908019637	0.015801925357619765	-0.00025536580462814083	0.02852219457995883
167.5594928246423	0.0005460250915053521	1.3219312412080007	0.015781617082219545	-0.00021896722235806626	0.028498412352534596
167.66627796495897	0.00035046288100656675	1.3267467402032496	0.01576130829726038	-0.00017530130752287245	0.028474633767139993
167.7730630532227	0.000520559029520067	1.3318297005322957	0.015744032726716824	-0.00021349562693628282	0.028450381811280758
167.8798481335333	0.0007465238265862339	1.3369579177809736	0.01572722143826826	-0.0002554847586639986	0.0284260530392262
167.9866332138439	0.0009724886236524009	1.342091011567476	0.015710410999812883	-0.0002913896466651036	0.028401719797728098
168.09341829415445	0.0011984534207185676	1.347228877156569	0.015695940108301092	-0.00032329758160933947	0.028379728299228073
168.2002035316702	0.0013145376516003685	1.3522896250775178	0.01568089272128487	-0.00033841465186092574	0.028358218101504483
168.30698882140015	0.0013941261132812332	1.3573257973367914	0.015665542941347085	-0.00034832490496545523	0.02833675639985962
168.41377411113007	0.0014737145749620978	1.3623633811557077	0.015650193922883814	-0.0003579405465233297	0.02831529478662794
168.52055940086	0.0015533030366429628	1.3674015090998715	0.015634845665935516	-0.0003672847294056016	0.028293833261768975
168.6273446963997	0.0015421298686888617	1.3723711324196874	0.015618742065946368	-0.00036576858798675747	0.028272492018497557
168.7341299954436	0.0014762122478776275	1.3772977540674987	0.015602182061825492	-0.00035767770220699024	0.02825122320678274
168.8409152944875	0.0014102946270663935	1.3822214951740444	0.015585621454080188	-0.0003494168802739052	0.028229954294789056
168.9477005935314	0.0013443770062551593	1.387141513757099	0.01556906024230065	-0.0003409737481413812	0.028208685282926325
169.05448574382984	0.001180868869024966	1.3919825286795684	0.015551683717079224	-0.00031939901007770765	0.028187545093411166
169.16127074766422	0.0009212670257627457	1.3967440319044069	0.015533503126498326	-0.00028196731769471786	0.028166531441346288
169.26805575149865	0.0006616651825005252	1.401498233891929	0.015515320269319528	-0.00023883530130310252	0.028145517283720896
169.37484075533303	0.0004020633392383048	1.4062443172424897	0.015497135141993388	-0.00018608016002073801	0.028124502624084488
169.48162587874518	0.0002471809337342007	1.411062485429753	0.015479823669591998	-0.00014582525401995197	0.028103349671343394
169.58841119697593	0.00026290961258197286	1.4160038769523928	0.015463938675907708	-0.0001503138676287341	0.028081972080127096
169.69519651520662	0.00027863829142974497	1.4209360776723068	0.015448053831001892	-0.00015466308808624853	0.028060594508091553
169.80198183343737	0.00029436697027751714	1.4258582309259609	0.015432169134921873	-0.00015888437130270509	0.028039216955189378
169.90876707186288	0.00037233857755103017	1.430818240450627	0.015416806435442763	-0.00017859741557283592	0.028017757686364473
170.01555207933305	0.0006304405400503753	1.4359083043596386	0.015402955637635994	-0.00023227118928656788	0.02799606199165136
170.1223370868032	0.0008885425025497203	1.440986851169556	0.015389107424023331	-0.0002756000122105676	0.027974366468886146
170.2291220942734	0.0011466444650490657	1.4460530005642822	0.015375261792914612	-0.0003129111918256287	0.027952671119758975
170.33590709890532	0.0013327200547749239	1.451048810063654	0.01536081335711106	-0.0003371657531074558	0.027931070536165975
170.4426920857024	0.001066202181428429	1.4556705567052943	0.01534256063264385	-0.00030141657644471037	0.027910064117757292
170.54947707249949	0.000799684308081934	1.4602749566382989	0.01532430556801935	-0.0002609036110591047	0.027889057193495135
170.65626205929655	0.0005331664347354391	1.4648611770253748	0.015306048159533918	-0.0002129245561875266	0.02786804976708317
170.7628909107865	0.0008439182970275691	1.4698840420012982	0.0152926735863002	-0.00026773794082234276	0.02784631750775591
170.85498286213604	0.05490108187094276	1.5167518652312546	0.01573763783887351	-0.002153863796225516	0.027753890287821412
170.94707481348559	0.10895824544485797	1.5624896102243528	0.016189304681798345	-0.003024657736808893	0.02765525830050319
171.0391667648352	0.16301540901877315	1.607092558106699	0.016647320707226524	-0.00368579690726427	0.02755077495364939
171.13125871618476	0.21707257259268833	1.650556740004013	0.01711133594209239	-0.004234914735145298	0.027440790220325723
171.21088825472154	0.28786933011862903	1.7037596658172707	0.01773335782052831	-0.004846619123209983	0.027296935680445215
171.2890853399271	0.3605901682765009	1.756124731529968	0.018382031350839247	-0.005384771005328484	0.027141205795724866
171.36728242513266	0.43331100643437276	1.8063600746864608	0.019039316450127262	-0.005854056695608536	0.026977432997785208
171.4454795103382	0.5060318445922447	1.8544771219179759	0.01970446953447074	-0.006267858817016154	0.02680636087054785
171.51428796231556	0.5874030188022707	1.9048624953707447	0.020459836233940713	-0.006676640768317535	0.026610514203294907
171.58037539831747	0.671281235519872	1.953790786482777	0.021247506943236412	-0.007045508474023865	0.026401720226153953
171.64646283431938	0.755159452237473	1.9999428429626407	0.022042594364756325	-0.007366793183307106	0.02618606386641671
171.7125502703213	0.8390376689550743	2.043349321526971	0.02284404263042467	-0.007644825127923946	0.025964600992158974
171.77279147457457	0.9270589537917551	2.0855012535835424	0.023692170082250136	-0.00789432262534981	0.025728469110210934
171.83003174253628	1.0172069219369115	2.1253751987231815	0.02456638023042463	-0.008107579346407337	0.025482923680184927
171.887272010498	1.107354890082068	2.16219574702698	0.02544432739268048	-0.008280053206200011	0.02523415724546285
171.94451227845968	1.1975028582272245	2.1960094300532957	0.026324766034549744	-0.008413618010845506	0.024983415340512648
171.99851598402336	1.28956066842951	2.2272515451432415	0.027225913297027282	-0.008511886304766625	0.02472710821811455
172.04975499979787	1.3832498764499115	2.25573945277095	0.028153716377252457	-0.008577485979323049	0.024471474025914562
172.10099401557235	1.476939084470313	2.2811452358718713	0.029081910447351526	-0.008605635981303686	0.024217302981942957
172.15223303134687	1.5706282924907147	2.303526347497911	0.030008916872083406	-0.008597179152554032	0.02396575974618085
172.20179718057804	1.6651886175582031	2.322998569296465	0.030941923810113618	-0.008552437607406878	0.023715849639973953
172.2490847331107	1.7609330263375087	2.3395558959185743	0.03188248690702583	-0.008470894747372398	0.023468183840257322
172.29637228564337	1.8566774351168145	2.3531490937046575	0.03281761144853749	-0.00835354156407195	0.023227314851569186
172.34365983817605	1.95242184389612	2.3638436267330514	0.03374590219145547	-0.008201073107149346	0.022994637917102673
172.3901660209222	2.04853921671441	2.3716852892091085	0.03466946161443492	-0.00801339527718634	0.022770664620539827
172.43486893282525	2.14551732818507	2.376672952184486	0.035591265133041	-0.007789606398594178	0.02255580073475172
172.4795718447283	2.2424954396557304	2.378901220324978	0.03650168557866276	-0.007531831625753552	0.022353620483140012
172.52427475663137	2.339473551126391	2.378441457638082	0.03739926629264854	-0.007240749178959599	0.022165580524356392
172.56865990908787	2.4365947672245722	2.3753431131591825	0.03828380439402641	-0.006916564117760203	0.021992870142814393
172.6116529846177	2.534342912442353	2.369582728661075	0.03915791318187926	-0.0065580511628157276	0.021836187378937104
172.6546460601475	2.632091057660134	2.3613198610324435	0.04001448715657595	-0.0061678823315943305	0.021698300176233032
172.69763913567732	2.7298392028779146	2.35063041315809	0.04085202808346187	-0.005746839807698578	0.021580706769356778
172.74056340095896	2.8276171639303	2.3375836264289767	0.04166927204657634	-0.005295602832529691	0.0214848728919613
172.7824816721197	2.925831027411587	2.3221494298189644	0.04246780933774903	-0.004813005122106777	0.021411943322705462
172.82439994328047	3.024044890892874	2.3045040014909413	0.043242561206527044	-0.004301847678905615	0.021364034262452685
172.86631821444126	3.122258754374161	2.28472680619739	0.0439920013137872	-0.0037630919232238334	0.02134267205032611
172.908236485602	3.2204726178554477	2.262897838364702	0.04471460154348586	-0.003197751343887147	0.021349384802369354
172.94965516089064	3.3188981284349808	2.2390293274610436	0.04541020963296093	-0.0026056312105579094	0.021385724716802706
172.99104559465937	3.4173356031560633	2.2132611632711283	0.046075852214502604	-0.001988950589111805	0.02145333192845735
173.0324360284281	3.515773077877146	2.1856792558342164	0.0467099041607841	-0.0013489794953427045	0.021553752086305496
173.07382646219685	3.614210552598229	2.1563663281881973	0.0473108201721021	-0.0006869881679631301	0.021688530490050473
173.11523863271384	3.7126388841479083	2.125408975031117	0.04787700645988408	-4.382606963744951e-06	0.021859201554272
173.15665543322922	3.811065268172193	2.0928884498877984	0.048406958773988734	0.0006974612538738134	0.022067316840824285
173.19807223374463	3.909491652196478	2.0588882397046206	0.04889913767446566	0.0014170522027868997	0.022314428492778093
173.23948903426003	4.0079180362207625	2.0234930171559795	0.04936365197749729	0.0021034745385243776	0.022573225323230795
173.28135653058672	4.106153046297087	1.9868641146774506	0.049940398863890824	0.00223476717334609	0.022521877075150187
173.3234119814025	4.2043082473498625	1.9490451219307416	0.050513938996262095	0.0023695310027407874	0.022471487154599637
173.36546743221825	4.302463448402639	1.9100900862935835	0.05108467408741751	0.0025078312760084434	0.022421993093196
173.40752288303403	4.400618649455415	1.8700848068469567	0.05165257495366448	0.0026496445669376913	0.02237342407463183
173.45035109402772	4.498436546497374	1.829254900194719	0.05221573982714642	0.002794507832334556	0.022326168229731012
173.49373126529488	4.596013517027611	1.7876486979042236	0.0527746507975711	0.002942488075926889	0.02228013753350968
173.5371114365621	4.693590487557848	1.7452528281039692	0.05333061122173101	0.0030938659866024854	0.022235099664670015
173.58049160782923	4.7911674580880845	1.7021533044446941	0.053883593481112955	0.00324861736051896	0.022191082241725092
173.62483679951774	4.888302954619635	1.6586200048516944	0.054431074083191075	0.003406072249255867	0.02214854524314543
173.67029916534628	4.98492737042796	1.6147663322329373	0.05497260102195214	0.0035660512649595003	0.02210756121918043
173.7157615311748	5.081551786236285	1.570464280719693	0.05551102639841395	0.003729257507631532	0.02206764709929018
173.76122389700333	5.17817620204461	1.5257990386361753	0.05604632453389631	0.0038956659780372757	0.022028828562154885
173.80767635891777	5.274316325569131	1.481053270224565	0.05657569653801417	0.004064465632447517	0.02199155960470624
173.85604398287717	5.369519673144462	1.4364880947656482	0.057096492773946496	0.004234825115540338	0.021956233256516845
173.90441160683656	5.464723020719793	1.3918014566851284	0.05761403784366722	0.004408203802639481	0.021922028373170768
173.952779230796	5.559926368295123	1.3470764986140829	0.05812830844697655	0.0045845759710010404	0.021888968254867795
174.0019760240435	5.654687362652947	1.3025688504444413	0.05863673237160288	0.004763127981927003	0.0218574223247219
174.05411502229924	5.747878721146746	1.2587827665761926	0.05913276206152606	0.004941736128061543	0.02182825290994835
174.1062540205549	5.841070079640544	1.2151764902364752	0.05962540348900416	0.005123112151504377	0.02180022451448383
174.15839301881064	5.934261438134344	1.1718296754229507	0.060114636215138816	0.005307229814277018	0.02177335757722672
174.21098295380494	6.027185275448318	1.1289195106368024	0.06059889983536501	0.005493545620943405	0.021747853558835493
174.26777801037187	6.11761439678978	1.0873057915521867	0.06106533519734989	0.005677620990773005	0.02172518772641658
174.3245730669388	6.208043518131243	1.046133837227323	0.061528273707197496	0.0058641648789530074	0.02170364337986882
174.3813681235057	6.298472639472704	1.0054781138802145	0.0619876982748458	0.006053150926662893	0.021683237609254273
174.43816318007262	6.388901760814167	0.9654133720652228	0.06244359205766458	0.006244552733284485	0.021663987257203112
174.50032369400668	6.475724018900078	0.9271651024582247	0.06287534623238476	0.006430736795829602	0.021647908981831717
174.5626216184502	6.562453904447441	0.8895960469652701	0.0633030174758971	0.006618848997540736	0.021632940101099535
174.62491954289374	6.649183789994799	0.8527430218924976	0.06372711991029885	0.006809055260875624	0.021619041099494158
174.68721746733723	6.735913675542161	0.8166736049520239	0.06414764044254975	0.007001329713401901	0.021606225070055853
174.75482692110316	6.818522369317439	0.7826061003963657	0.06454141989804585	0.007186429763616077	0.021596370666615246
174.8233612518812	6.900413455168326	0.7495327393107977	0.06492762561926485	0.0073716735441404805	0.021587795963165388
174.89189558265923	6.982304541019213	0.7173019270914448	0.06531028361896539	0.007558619906808963	0.02158017326900494
174.96042991343725	7.0641956268701005	0.6859720920663586	0.06568938476530015	0.007747244360991889	0.021573511715981267
175.0338676635994	7.141614255207138	0.6566551859385036	0.0660403664733041	0.007927022218780415	0.021569418949932834
175.10912637032197	7.217371970982292	0.6285894328096706	0.06637878923860656	0.00810425061939545	0.02156672914183599
175.18438507704457	7.293129686757446	0.6014074803719698	0.0667137866390924	0.008282762902128244	0.021564827788238296
175.2596437837672	7.368887402532599	0.5751569699720714	0.06704535337744355	0.00846253696311436	0.02156372018645776
175.33902711158441	7.440141198216201	0.5507405050259687	0.06734944520022323	0.008632556674297938	0.021564633611173438
175.42109639022885	7.508462043789178	0.5277268368887913	0.06763464810668758	0.00879636905190653	0.02156697568395784
175.5031656688733	7.576782889362155	0.5055525218265794	0.06791666447150317	0.008961048933266685	0.02156991104122898
175.58523494751776	7.645103734935132	0.484253672964533	0.06819549226725123	0.009126577552546462	0.021573441710405542
175.67036924546326	7.709348415109614	0.46445386862435517	0.06845006480732765	0.00928268428047397	0.02157837109664234
175.7587886160337	7.76922428124081	0.446048285914819	0.06867912849425194	0.009428390613587355	0.021584605261796116
175.84720798660408	7.829100147372005	0.42837053807728587	0.0689053512432347	0.009574590873885333	0.02159123180368349
175.93562735717452	7.888976013503202	0.4114458798688275	0.06912873334133553	0.00972127021265394	0.021598250435244718
176.02596258759968	7.945707268646149	0.39561562820795704	0.06932824080921741	0.009862207637440808	0.0216034724380089
176.11971936332833	7.996822544660263	0.38099319747526383	0.06947778307263679	0.009990384901179348	0.02160339973069528
176.21347613905695	8.047937820674377	0.3669526606091802	0.06888131814374304	0.010129750208517262	0.021638692737314842
176.30723291478557	8.099053096688491	0.35348761469333706	0.06824062210445508	0.010262162896331091	0.021675236367932685
176.40194105950735	8.148229893092498	0.34070781149981366	0.0676253567586449	0.010381744693821438	0.021709263918565362
176.4997330606296	8.191123120454568	0.3287709741655366	0.06708084903587397	0.01047878028254308	0.021737783319022867
176.59752506175187	8.234016347816636	0.31720940247235446	0.06654103343907289	0.010569939374320792	0.021765018717822902
176.6953170628741	8.276909575178706	0.3060160830327939	0.0660059698458371	0.010655368500991757	0.021790910237370082
176.79343574772582	8.318975677454489	0.2952134949698917	0.06548431457552167	0.010733448244760505	0.021814872965594055
176.89414489165142	8.354483039603704	0.28493941525904787	0.06503532873317718	0.01079280718436611	0.0218332976253489
176.99485403557708	8.389990401752918	0.2749053981666306	0.06459054260728292	0.010848118417966691	0.02185042800044006
177.09556317950268	8.425497763902133	0.26510745166843713	0.06414998369351699	0.010899482735448277	0.021866236595189627
177.19627232342833	8.461005126051347	0.25554147104014663	0.0637136773864511	0.010946999645143441	0.02188069801502573
177.29900194972402	8.490146494111588	0.24627897642196075	0.06334652220253077	0.010979737628488017	0.021890241098475417
177.40175462998866	8.519215225344002	0.2371757279047357	0.06298369794236529	0.01100959425313748	0.02189858255904828
177.50450731025333	8.54828395657642	0.22822822189920317	0.06262447095159054	0.011036767218034033	0.021905753598392766
177.60725999051792	8.577352687808832	0.21943412467138956	0.06226885067343178	0.011061322231707997	0.021911744773283726
177.71122039825522	8.601675367326278	0.21079615114258937	0.06196428468510362	0.011076338713646489	0.021914290189852102
177.81536940674306	8.625256895436898	0.20227213498982574	0.061670140426572366	0.011088363516586375	0.021915494149597998
177.91951841523087	8.648838423547522	0.19385734640758723	0.06137896824503523	0.011098573790504017	0.021915721526476424
178.0236674237187	8.672419951658144	0.18555042709206665	0.0610907700209002	0.011107011655115588	0.021914970440079493
178.12850805829092	8.69260300903023	0.17733165874705278	0.06083877630146544	0.011109450591007092	0.021911921182495284
178.23358962300918	8.711602198312761	0.16919383674470445	0.06060084015026949	0.011109090321504665	0.02190760095698399
178.33867118772744	8.730601387595291	0.16113984693438138	0.0603653119030588	0.011107501637464838	0.02190249495492468
178.44375275244568	8.749600576877821	0.1531688494348769	0.06013219028069767	0.011104710949195837	0.021896604455453113
178.54921076645888	8.766283041557593	0.14526002193625526	0.05992358947578143	0.011098250500148277	0.021889240195407507
178.6549016019449	8.781532688481274	0.1374123497468275	0.059730687022773746	0.011089335487838296	0.021880797464596122
178.76059243743092	8.796782335404956	0.1296357467271393	0.059539712504653244	0.011079582169272156	0.021871736344086016
178.86628327291692	8.812031982328639	0.1219296404790026	0.05935066361229549	0.011069006871575223	0.021862059143001572
178.97216639755288	8.825801169853394	0.11427946446799818	0.059177315575618	0.01105625479679885	0.021851459200084144
179.07824604704427	8.83805728672657	0.10668178209792892	0.059019684946565114	0.01104145937340196	0.02184002744032096
179.1843256965357	8.850313403599745	0.09914956648480931	0.05886359199221319	0.011026082781841239	0.02182811435707973
179.2904053460271	8.86256952047292	0.0916823798128572	0.058709034300563456	0.011010135080347174	0.021815722362359215
179.39657478389037	8.873966394904034	0.08427244741439277	0.058563795716834746	0.010992940419549171	0.021802749964059395
179.50289654232384	8.883905616233696	0.07691410065062877	0.05843309439836463	0.010974120981119688	0.021789193766458475
179.60921830075733	8.893844837563355	0.06961933442566921	0.0583036263750922	0.010954888444729163	0.02177526288749486
179.7155400591908	8.903784058893018	0.062387777543277914	0.058175389465985904	0.01093524907782234	0.02176095950820009
179.82189817312468	8.91329721866897	0.055216336452205285	0.05805213708925359	0.010914916174030577	0.02174627076026426
179.9283668006263	8.92151523515437	0.048099845472430514	0.05794139157583621	0.010893351819334287	0.02173121216291024
180.03483542812788	8.929733251639771	0.041046668684197846	0.05783203372638459	0.01087753092892451	0.021717501035842517
180.1413040556295	8.937951268125174	0.03405614942445963	0.05772440759112539	0.010873924851086623	0.021707004163245225
180.24778382506278	8.946012843915408	0.027126610537990526	0.057619042381320665	0.010870046921843743	0.021696412519219527
180.35434247102603	8.952966936775812	0.02025456332671052	0.05752402168067034	0.010865351438689635	0.021685753894385672
180.46090111698925	8.959921029636217	0.013443286124314058	0.057429776332325946	0.010860517842834778	0.02167501462229507
180.5674597629525	8.96687512249662	0.006691794929283549	0.05733630586629603	0.010855548395312897	0.02166419517293914
180.6740184089157	8.973829215357027	0.00010003009504255524	0.05724360980930304	0.01085044533024492	0.021653296019595442
