Q20	Q30	EHFB	M22	M23	M33
178.10519848272355	0.0	0.9999999999999851	0.015847370037931914	-0.0	0.029236850189659557
178.14558655509052	0.0	1.0009409471253499	0.015846360336122738	-0.0	0.029231801680613685
178.1859746274575	0.0	1.0018795110903507	0.015845350634313565	-0.0	0.02922675317156781
178.2263626998245	0.0	1.0028157180874477	0.015844340932504388	-0.0	0.029221704662521934
178.26675077219153	0.0	1.0037495943091017	0.01584333123069521	-0.0	0.02921665615347606
178.30713884455852	0.0	1.0046811659477715	0.01584232152888604	-0.0	0.029211607644430183
178.34752691692552	0.0	1.0056104591959172	0.015841311827076862	-0.0	0.029206559135384308
178.3879149892925	0.0	1.0065375002459997	0.01584030212526769	-0.0	0.029201510626338436
178.4283030616595	0.0	1.0074623152904791	0.015839292423458513	-0.0	0.02919646211729256
178.46869113402647	0.0	1.008384930521815	0.01583828272164934	-0.0	0.029191413608246695
178.5090792063935	0.0	1.0093053721324698	0.015837273019840163	-0.0	0.029186365099200813
178.54946727876046	0.0	1.0102236663149005	0.01583626331803099	-0.0	0.029181316590154945
178.58985535112745	0.0	1.011139839261569	0.015835253616221817	-0.0	0.02917626808110907
178.63024342349442	0.0	1.0120539171649348	0.01583424391441264	-0.0	0.029171219572063197
178.67063149586144	0.0	1.0129659262174597	0.015833234212603464	-0.0	0.029166171063017318
178.71101956822844	0.0	1.013875892611602	0.01583222451079429	-0.0	0.029161122553971446
178.75140764059546	0.0	1.0147838425398237	0.015831214808985115	-0.0	0.029156074044925567
178.79179571296243	0.0	1.0156898021945826	0.01583020510717594	-0.0	0.0291510255358797
178.83218378532942	0.0	1.0165937977683406	0.015829195405366765	-0.0	0.029145977026833823
178.8725718576964	0.0	1.0174958554535578	0.01582818570355759	-0.0	0.029140928517787948
178.91295993006344	0.0	1.0183960014426945	0.015827176001748416	-0.0	0.029135880008742072
178.9533480024304	0.0	1.0192942619282093	0.015826166299939243	-0.0	0.0291308314996962
178.99373607479743	0.0	1.0201906631025648	0.015825156598130066	-0.0	0.02912578299065032
179.03412414716442	0.0	1.0210852311582193	0.01582414689632089	-0.0	0.029120734481604446
179.0745122195314	0.0	1.0219779922876338	0.015823137194511717	-0.0	0.029115685972558574
179.11490029189838	0.0	1.0228689726832678	0.015822127492702544	-0.0	0.029110637463512702
179.15528836426537	0.0	1.0237581985375825	0.015821117790893367	-0.0	0.029105588954466827
179.19567643663237	0.0	1.0246456960430381	0.01582010808908419	-0.0	0.029100540445420955
179.23606450899936	0.0	1.025531491392094	0.015819098387275018	-0.0	0.02909549193637508
179.27645258136636	0.0	1.0264156107772113	0.01581808868546584	-0.0	0.029090443427329207
179.31684065373335	0.0	1.0272980803908491	0.01581707898365667	-0.0	0.029085394918283332
179.35722872610035	0.0	1.028178926425469	0.015816069281847492	-0.0	0.029080346409237456
179.3976167984673	0.0	1.0290581750735293	0.01581505958003832	-0.0	0.029075297900191588
179.4380048708343	0.0	1.0299358525274922	0.015814049878229146	-0.0	0.029070249391145712
179.4783929432013	0.0	1.0308119849798167	0.01581304017641997	-0.0	0.029065200882099837
179.51878101556827	0.0	1.031686598622963	0.015812030474610796	-0.0	0.02906015237305397
179.55916908793526	0.0	1.0325597196493925	0.01581102077280162	-0.0	0.029055103864008093
179.59955716030228	0.0	1.0334313742515648	0.015810011070992443	-0.0	0.029050055354962218
179.63994523266928	0.0	1.0343015886219395	0.01580900136918327	-0.0	0.029045006845916342
179.68033330503627	0.0	1.0351703889529773	0.015807991667374094	-0.0	0.029039958336870467
179.72072137740327	0.0	1.0360378014371385	0.015806981965564917	-0.0	0.02903490982782459
179.76110944977023	0.0	1.0369038522668823	0.015805972263755744	-0.0	0.029029861318778723
179.80149752213725	0.0	1.0377685676346713	0.01580496256194657	-0.0	0.029024812809732844
179.84188559450425	0.0	1.0386319737329637	0.015803952860137395	-0.0	0.029019764300686972
179.8822736668712	0.0	1.0394940967542194	0.015802943158328222	-0.0	0.0290147157916411
179.9226617392382	0.0	1.0403549628909001	0.015801933456519045	-0.0	0.029009667282595224
179.9630498116052	0.0	1.0412145983354655	0.015800923754709872	-0.0	0.029004618773549352
180.0034378839722	0.0	1.0420730292718552	0.015800085947099307	-0.0	0.028999656211602783
180.04382595633916	0.0	1.0429302642666574	0.01580109564890848	-0.0	0.028995617404366084
180.08421402870619	0.0	1.0437862572022156	0.015802105350717657	-0.0	0.028991578597129385
180.12460210107318	0.0	1.0446409513820865	0.015803115052526833	-0.0	0.028987539789892682
180.1649901734402	0.0	1.045494290109829	0.015804124754336006	-0.0	0.02898350098265598
180.20537824580714	0.0	1.0463462166889996	0.015805134456145183	-0.0	0.028979462175419288
180.24576631817416	0.0	1.0471966744231598	0.015806144157954356	-0.0	0.028975423368182585
180.28615439054116	0.0	1.0480456066158657	0.01580715385976353	-0.0	0.028971384560945886
180.32654246290815	0.0	1.0488929565706762	0.015808163561572705	-0.0	0.028967345753709184
180.36693053527512	0.0	1.0497386675911484	0.015809173263381878	-0.0	0.02896330694647249
180.4073186076421	0.0	1.0505826829808425	0.015810182965191055	-0.0	0.02895926813923579
180.4477066800091	0.0	1.0514249460433158	0.015811192667000228	-0.0	0.02895522933199909
180.4880947523761	0.0	1.0522654000821268	0.015812202368809404	-0.0	0.02895119052476239
180.5284828247431	0.0	1.0531039884008335	0.01581321207061858	-0.0	0.028947151717525692
180.5688708971101	0.0	1.053940654302994	0.015814221772427754	-0.0	0.028943112910288993
180.6092589694771	0.0	1.0547753410921679	0.01581523147423693	-0.0	0.02893907410305229
180.64964704184408	0.0	1.0556079920719108	0.015816241176046103	-0.0	0.028935035295815596
180.69003511421107	0.0	1.0564385505457834	0.01581725087785528	-0.0	0.028930996488578893
180.73042318657807	0.0	1.057266959817343	0.015818260579664453	-0.0	0.028926957681342194
180.7708112589451	0.0	1.058093163190148	0.01581927028147363	-0.0	0.028922918874105495
180.81119933131208	0.0	1.058917103967757	0.015820279983282802	-0.0	0.028918880066868793
180.85158740367905	0.0	1.0597387254537263	0.01582128968509198	-0.0	0.028914841259632097
180.89197547604607	0.0	1.0605579709516173	0.01582229938690115	-0.0	0.02891080245239539
180.93236354841304	0.0	1.0613747837649856	0.015823309088710328	-0.0	0.0289067636451587
180.97275162078	0.0	1.0621891071973906	0.0158243187905195	-0.0	0.028902724837922
181.01313969314702	0.0	1.0630008845523913	0.015825328492328677	-0.0	0.028898686030685298
181.05352776551402	0.0	1.0638100591335449	0.015826338194137854	-0.0	0.028894647223448602
181.09391583788099	0.0	1.0646165742444085	0.015827347895947027	-0.0	0.028890608416211903
181.134303910248	0.0	1.0654203731885439	0.0158283575977562	-0.0	0.028886569608975204
181.17469198261497	0.0	1.0662213992695053	0.015829367299565376	-0.0	0.028882530801738502
181.21508005498197	0.0	1.0670195957908537	0.01583037700137455	-0.0	0.028878491994501806
181.25546812734896	0.0	1.0678149060561462	0.015831386703183726	-0.0	0.028874453187265104
181.29585619971596	0.0	1.068607273368941	0.0158323964049929	-0.0	0.02887041438002841
181.33624427208295	0.0	1.0693966410327973	0.015833406106802075	-0.0	0.028866375572791703
181.37663234444994	0.0	1.070182952351272	0.01583441580861125	-0.0	0.028862336765555007
181.41702041681697	0.0	1.070966150627925	0.015835425510420425	-0.0	0.028858297958318305
181.45740848918393	0.0	1.0717461791663123	0.0158364352122296	-0.0	0.02885425915108161
181.4977965615509	0.0	1.072522981269993	0.015837444914038774	-0.0	0.028850220343844914
181.53818463391792	0.0	1.073296500242527	0.01583845461584795	-0.0	0.028846181536608208
181.57857270628492	0.0	1.0740666793874707	0.015839464317657124	-0.0	0.02884214272937151
181.6189607786519	0.0	1.0748334620083833	0.015840474019466297	-0.0	0.02883810392213481
181.65934885101888	0.0	1.0755967914088216	0.015841483721275473	-0.0	0.028834065114898114
181.6997369233859	0.0	1.076356610892346	0.01584249342308465	-0.0	0.028830026307661412
181.74012499575286	0.0	1.0771128637625125	0.015843503124893823	-0.0	0.028825987500424716
181.78051306811986	0.0	1.0778654933228808	0.015844512826702996	-0.0	0.028821948693188014
181.82090114048685	0.0	1.078614442877009	0.015845522528512172	-0.0	0.028817909885951315
181.86128921285388	0.0	1.0793596557284557	0.01584653223032135	-0.0	0.028813871078714613
181.90167728522087	0.0	1.0801010751807774	0.015847541932130525	-0.0	0.028809832271477914
181.94206535758786	0.0	1.0808386445375335	0.015848551633939698	-0.0	0.028805793464241215
181.98245342995486	0.0	1.0815723071022825	0.01584956133574887	-0.0	0.028801754657004512
182.02284150232185	0.0	1.082302006178582	0.015850571037558048	-0.0	0.028797715849767813
182.06322957468888	0.0	1.0830276850699911	0.015851580739367224	-0.0	0.028793677042531114
182.1036176470558	0.0	1.083749287080066	0.015852590441176397	-0.0	0.028789638235294422
182.1440057194228	0.0	1.084466755512367	0.01585360014298557	-0.0	0.02878559942805772
182.1843937917898	0.0	1.0851800336704518	0.015854609844794747	-0.0	0.02878156062082102
182.2247818641568	0.0	1.0858890648578792	0.015855619546603923	-0.0	0.02877752181358432
182.2651699365238	0.0	1.086593792378206	0.015856629248413096	-0.0	0.028773483006347623
182.30555800889078	0.0	1.0872941595349912	0.01585763895022227	-0.0	0.02876944419911092
182.34594608125775	0.0	1.0879901096317923	0.015858648652031446	-0.0	0.028765405391874225
182.38633415362474	0.0	1.0886815859721692	0.01585965835384062	-0.0	0.028761366584637522
182.42672222599174	0.0	1.0893685318596786	0.015860668055649795	-0.0	0.028757327777400827
182.4671102983587	0.0	1.0900508905978787	0.015861677757458968	-0.0	0.02875328897016413
182.50749837072573	0.0	1.0907286054903298	0.015862687459268145	-0.0	0.02874925016292743
182.54788644309272	0.0	1.0914016198405876	0.01586369716107732	-0.0	0.028745211355690727
182.58827451545972	0.0	1.0920698769522112	0.015864706862886494	-0.0	0.028741172548454028
182.6286625878267	0.0	1.0927333201287592	0.01586571656469567	-0.0	0.02873713374121733
182.6690506601937	0.0	1.0933918926737896	0.015866726266504844	-0.0	0.02873309493398063
182.70943873256073	0.0	1.094045537890861	0.01586773596831402	-0.0	0.028729056126743927
182.7498268049277	0.0	1.0946941990835297	0.015868745670123193	-0.0	0.02872501731950723
182.7902148772947	0.0	1.095337819555356	0.015869755371932366	-0.0	0.028720978512270533
182.8306029496617	0.0	1.0959763426098985	0.015870765073741543	-0.0	0.028716939705033827
182.87099102202868	0.0	1.096609711550713	0.01587177477555072	-0.0	0.028712900897797135
182.91137909439564	0.0	1.0972378696813594	0.015872784477359892	-0.0	0.028708862090560436
182.95176716676266	0.0	1.097860760305396	0.01587379417916907	-0.0	0.028704823283323737
182.99215523912966	0.0	1.0984783267263811	0.01587480388097824	-0.0	0.028700784476087034
183.03254331149662	0.0	1.0990905122478716	0.015875813582787418	-0.0	0.02869674566885034
183.07293138386362	0.0	1.099697260173427	0.01587682328459659	-0.0	0.028692706861613636
183.1133194562306	0.0	1.1002985138066048	0.015877832986405768	-0.0	0.02868866805437694
183.15370752859764	0.0	1.1008942164509645	0.01587884268821494	-0.0	0.02868462924714024
183.1940956009646	0.0	1.101484311410062	0.015879852390024117	-0.0	0.02868059043990354
183.23448367333162	0.0	1.102068741987458	0.01588086209183329	-0.0	0.028676551632666837
183.2748717456986	0.0	1.1026474514867088	0.015881871793642467	-0.0	0.02867251282543014
183.31525981806558	0.0	1.1032203832113736	0.01588288149545164	-0.0	0.028668474018193443
183.35564789043258	0.0	1.1037874804650105	0.015883891197260816	-0.0	0.028664435210956744
183.39603596279957	0.0	1.1043486865511778	0.01588490089906999	-0.0	0.02866039640372004
183.43642403516657	0.0	1.1049039447734332	0.015885910600879165	-0.0	0.028656357596483346
183.47681210753356	0.0	1.1054531984353353	0.01588692030268834	-0.0	0.028652318789246643
183.51720017990056	0.0	1.1059963908404424	0.015887930004497515	-0.0	0.028648279982009948
183.55758825226755	0.0	1.106533465292313	0.01588893970630669	-0.0	0.028644241174773245
183.59797632463454	0.0	1.1070643650945042	0.015889949408115864	-0.0	0.028640202367536546
183.63836439700157	0.0	1.1075890335505758	0.01589095910992504	-0.0	0.028636163560299844
183.67875246936853	0.0	1.108107413964084	0.015891968811734214	-0.0	0.02863212475306315
183.71914054173553	0.0	1.1086194496385888	0.015892978513543387	-0.0	0.028628085945826446
183.75952861410252	0.0	1.1091250838776479	0.015893988215352563	-0.0	0.02862404713858975
183.79991668646952	0.0	1.1096242599848192	0.01589499791716174	-0.0	0.028620008331353048
183.84030475883648	0.0	1.1101169212636608	0.015896007618970913	-0.0	0.028615969524116353
183.88069283120345	0.0	1.1106030110177312	0.015897017320780086	-0.0	0.028611930716879657
183.9210809035705	0.0	1.1110824725505897	0.015898027022589266	-0.0	0.028607891909642948
183.96146897593746	0.0	1.1115552491657923	0.01589903672439844	-0.0	0.028603853102406252
184.00185704830446	0.0	1.112021284168466	0.01589995357379239	-0.0	0.028599860721377164
184.04224512067148	0.0	1.112480539302034	0.015898943871983214	-0.0	0.028596831615949638
184.08263319303845	0.0	1.1129330405802438	0.01589793417017404	-0.0	0.02859380251052212
184.12302126540544	0.0	1.113378828011762	0.015896924468364864	-0.0	0.02859077340509459
184.16340933777244	0.0	1.1138179416052567	0.01589591476655569	-0.0	0.028587744299667067
184.20379741013943	0.0	1.1142504213693953	0.015894905064746515	-0.0	0.028584715194239545
184.24418548250642	0.0	1.114676307312845	0.01589389536293734	-0.0	0.02858168608881202
184.28457355487342	0.0	1.1150956394442733	0.015892885661128165	-0.0	0.028578656983384493
184.32496162724038	0.0	1.115508457772347	0.015891875959318992	-0.0	0.02857562787795697
184.36534969960738	0.0	1.1159148023057346	0.015890866257509816	-0.0	0.028572598772529448
184.40573777197437	0.0	1.1163147130531035	0.01588985655570064	-0.0	0.028569569667101922
184.44612584434137	0.0	1.1167082300231206	0.015888846853891466	-0.0	0.0285665405616744
184.48651391670836	0.0	1.1170953932244534	0.015887837152082293	-0.0	0.028563511456246873
184.52690198907533	0.0	1.1174762426657692	0.015886827450273117	-0.0	0.02856048235081935
184.56729006144235	0.0	1.1178508183557365	0.015885817748463944	-0.0	0.028557453245391825
184.60767813380934	0.0	1.1182191603030218	0.015884808046654767	-0.0	0.0285544241399643
184.64806620617634	0.0	1.1185813085162923	0.015883798344845594	-0.0	0.028551395034536776
184.68845427854336	0.0	1.1189373030042165	0.015882788643036418	-0.0	0.028548365929109247
184.72884235091033	0.0	1.1192871837754608	0.01588177894122724	-0.0	0.028545336823681725
184.76923042327732	0.0	1.1196309908386932	0.015880769239418068	-0.0	0.028542307718254202
184.80961849564432	0.0	1.119968764202581	0.01587975953760889	-0.0	0.028539278612826676
184.8500065680113	0.0	1.120300543875792	0.01587874983579972	-0.0	0.02853624950739915
184.8903946403783	0.0	1.1206263698669932	0.015877740133990542	-0.0	0.028533220401971628
184.93078271274527	0.0	1.1209462821848521	0.01587673043218137	-0.0	0.028530191296544105
184.9711707851123	0.0	1.121260320838037	0.015875720730372193	-0.0	0.02852716219111658
185.01155885747926	0.0	1.121568525835214	0.01587471102856302	-0.0	0.028524133085689057
185.05194692984625	0.0	1.1218709371850517	0.015873701326753847	-0.0	0.02852110398026153
185.09233500221328	0.0	1.1221675948962173	0.01587269162494467	-0.0	0.028518074874834005
185.13272307458027	0.0	1.1224585389773776	0.015871681923135497	-0.0	0.02851504576940648
185.1731111469473	0.0	1.122743809437201	0.01587067222132632	-0.0	0.02851201666397895
185.21349921931426	0.0	1.123023446284354	0.015869662519517144	-0.0	0.028508987558551434
185.25388729168125	0.0	1.123297489527505	0.015868652817707968	-0.0	0.028505958453123904
185.29427536404825	0.0	1.1235659791753212	0.015867643115898795	-0.0	0.028502929347696382
185.3346634364152	0.0	1.1238289552364698	0.015866633414089622	-0.0	0.02849990024226886
185.37505150878224	0.0	1.1240864577196183	0.015865623712280445	-0.0	0.02849687113684133
185.4154395811492	0.0	1.1243385266334345	0.015864614010471272	-0.0	0.028493842031413807
185.45582765351617	0.0	1.1245852019865856	0.015863604308662096	-0.0	0.028490812925986285
185.4962157258832	0.0	1.1248265237877393	0.015862594606852923	-0.0	0.02848778382055876
185.53660379825018	0.0	1.1250625320455632	0.015861584905043746	-0.0	0.028484754715131236
185.57699187061715	0.0	1.1252932667687239	0.015860575203234573	-0.0	0.02848172560970371
185.61737994298414	0.0	1.12551876796589	0.0158595655014254	-0.0	0.028478696504276188
185.65776801535117	0.0	1.1257390756457286	0.015858555799616224	-0.0	0.028475667398848662
185.69815608771813	0.0	1.1259542298169067	0.015857546097807047	-0.0	0.02847263829342114
185.73854416008513	0.0	1.1261642704880928	0.01585653639599787	-0.0	0.028469609187993614
185.7789322324521	0.0	1.1263692376679528	0.015855526694188698	-0.0	0.02846658008256609
185.81932030481912	0.0	1.126569171365156	0.01585451699237952	-0.0	0.02846355097713857
185.8597083771861	0.0	1.1267641115883689	0.01585350729057035	-0.0	0.02846052187171104
185.9000964495531	0.0	1.1269540983462587	0.015852497588761175	-0.0	0.028457492766283517
185.9404845219201	0.0	1.1271391716474937	0.015851487886952	-0.0	0.028454463660855994
185.9808725942871	0.0	1.1273193715007408	0.015850478185142826	-0.0	0.028451434555428468
186.0212606666541	0.0	1.127494737914668	0.01584946848333365	-0.0	0.028448405450000942
186.06164873902108	0.0	1.1276653108979422	0.015848458781524473	-0.0	0.02844537634457342
186.10203681138807	0.0	1.1278311304592312	0.0158474490797153	-0.0	0.028442347239145894
186.14242488375504	0.0	1.1279922366072026	0.015846439377906127	-0.0	0.02843931813371837
186.18281295612206	0.0	1.1281486693505238	0.01584542967609695	-0.0	0.028436289028290845
186.22320102848903	0.0	1.128300468697862	0.015844419974287774	-0.0	0.028433259922863323
186.26358910085602	0.0	1.1284476746578842	0.0158434102724786	-0.0	0.0284302308174358
186.30397717322302	0.0	1.12859032723926	0.015842400570669424	-0.0	0.028427201712008274
186.34436524559	0.0	1.128728466450655	0.01584139086886025	-0.0	0.02842417260658075
186.384753317957	0.0	1.1288621323007368	0.015840381167051075	-0.0	0.028421143501153222
186.42514139032403	0.0	1.1289913647981744	0.0158393714652419	-0.0	0.028418114395725697
186.465529462691	0.0	1.1291162039516331	0.015838361763432725	-0.0	0.028415085290298174
186.505917535058	0.0	1.129236689769782	0.015837352061623552	-0.0	0.02841205618487065
186.54630560742498	0.0	1.129352862261288	0.015836342359814376	-0.0	0.028409027079443122
186.58669367979198	0.0	1.1294647614348188	0.015835332658005203	-0.0	0.0284059979740156
186.62708175215897	0.0	1.1295724272990417	0.015834322956196027	-0.0	0.028402968868588077
186.66746982452594	0.0	1.1296758998626244	0.015833313254386853	-0.0	0.028399939763160555
186.70785789689296	0.0	1.129775219134234	0.015832303552577677	-0.0	0.028396910657733025
186.74824596925993	0.0	1.1298704251225389	0.015831293850768504	-0.0	0.028393881552305503
186.78863404162692	0.0	1.1299615578362057	0.015830284148959328	-0.0	0.02839085244687798
186.82902211399394	0.0	1.1300486572839024	0.01582927444715015	-0.0	0.028387823341450454
186.8694101863609	0.0	1.1301317634742956	0.015828264745340978	-0.0	0.028384794236022932
186.9097982587279	0.0	1.1302109164160539	0.0158272550435318	-0.0	0.028381765130595406
186.95018633109493	0.0	1.1302861561178446	0.01582624534172263	-0.0	0.02837873602516788
186.99057440346192	0.0	1.1303575225883349	0.015825235639913456	-0.0	0.028375706919740354
187.03096247582891	0.0	1.1304250558361926	0.01582422593810428	-0.0	0.02837267781431283
187.07135054819588	0.0	1.1304887958700847	0.015823216236295106	-0.0	0.02836964870888531
187.11173862056287	0.0	1.130548782698679	0.01582220653448593	-0.0	0.028366619603457783
187.15212669292987	0.0	1.1306050563306433	0.015821196832676757	-0.0	0.028363590498030257
187.19251476529683	0.0	1.130657656774645	0.01582018713086758	-0.0	0.028360561392602738
187.23290283766383	0.0	1.1307066240393508	0.015819177429058407	-0.0	0.028357532287175212
187.27329091003082	0.0	1.130751998133429	0.01581816772724923	-0.0	0.028354503181747686
187.31367898239785	0.0	1.1307938190655475	0.015817158025440054	-0.0	0.02835147407632016
187.35406705476487	0.0	1.130832126844373	0.01581614832363088	-0.0	0.028348444970892634
187.39445512713183	0.0	1.1308669614785731	0.015815138621821705	-0.0	0.02834541586546511
187.43484319949886	0.0	1.1308983629768157	0.01581412892001253	-0.0	0.028342386760037582
187.47523127186582	0.0	1.130926371347768	0.015813119218203355	-0.0	0.028339357654610063
187.51561934423282	0.0	1.1309510266000973	0.015812109516394182	-0.0	0.028336328549182537
187.55600741659978	0.0	1.1309723687424715	0.01581109981458501	-0.0	0.028333299443755015
187.59639548896678	0.0	1.1309904377835582	0.015810090112775833	-0.0	0.028330270338327492
187.63678356133377	0.0	1.1310052737320246	0.015809080410966656	-0.0	0.028327241232899966
187.67717163370077	0.0	1.1310169165965382	0.015808070709157483	-0.0	0.02832421212747244
187.7175597060678	0.0	1.1310254063857665	0.015807061007348307	-0.0	0.028321183022044914
187.75794777843475	0.0	1.1310307831083775	0.01580605130553913	-0.0	0.028318153916617392
187.79833585080175	0.0	1.1310330867730383	0.015805041603729957	-0.0	0.02831512481118987
187.83872392316877	0.0	1.1310323573884162	0.01580403190192078	-0.0	0.02831209570576234
187.87911199553577	0.0	1.1310286349631788	0.015803022200111608	-0.0	0.028309066600334817
187.91950006790273	0.0	1.1310219595059943	0.015802012498302435	-0.0	0.028306037494907295
187.95988814026973	0.0	1.1310123710255295	0.015801002796493258	-0.0	0.02830300838947977
188.00027621263672	0.0	1.1309999095304484	0.015799986189368165	-0.0	0.028299979284052246
188.04066428500374	0.0	1.1309846043032414	0.015797966785749816	-0.0	0.02829695017862472
188.08105235737068	0.0	1.130966442592952	0.015795947382131467	-0.0	0.028293921073197198
188.12144042973767	0.0	1.1309454013536722	0.015793927978513117	-0.0	0.028290891967769672
188.1618285021047	0.0	1.1309214575394926	0.015791908574894768	-0.0	0.028287862862342146
188.20221657447166	0.0	1.1308945881045047	0.015789889171276418	-0.0	0.028284833756914627
188.24260464683866	0.0	1.1308647700027994	0.01578786976765807	-0.0	0.0282818046514871
188.28299271920565	0.0	1.130831980188469	0.01578585036403972	-0.0	0.028278775546059575
188.32338079157265	0.0	1.1307961956156034	0.01578383096042137	-0.0	0.02827574644063205
188.36376886393964	0.0	1.1307573932382942	0.01578181155680302	-0.0	0.028272717335204523
188.40415693630663	0.0	1.1307155500106332	0.01577979215318467	-0.0	0.028269688229777004
188.44454500867363	0.0	1.130670642886711	0.01577777274956632	-0.0	0.028266659124349478
188.48493308104062	0.0	1.1306226488206192	0.01577575334594797	-0.0	0.028263630018921952
188.52532115340762	0.0	1.1305715447664484	0.01577373394232962	-0.0	0.028260600913494426
188.5657092257746	0.0	1.1305173076782906	0.01577171453871127	-0.0	0.028257571808066904
188.6060972981416	0.0	1.1304599145102368	0.01576969513509292	-0.0	0.028254542702639378
188.64648537050863	0.0	1.1303993422163774	0.01576767573147457	-0.0	0.028251513597211852
188.68687344287562	0.0	1.130335567750805	0.01576565632785622	-0.0	0.028248484491784326
188.72726151524262	0.0	1.13026856806761	0.01576363692423787	-0.0	0.028245455386356803
188.7676495876096	0.0	1.1301983201208832	0.01576161752061952	-0.0	0.02824242628092928
188.8080376599766	0.0	1.130124800864717	0.015759598117001172	-0.0	0.028239397175501755
188.84842573234357	0.0	1.1300479872532019	0.015757578713382823	-0.0	0.02823636807007423
188.88881380471054	0.0	1.1299678562404292	0.015755559309764473	-0.0	0.028233338964646706
188.92920187707756	0.0	1.1298843847804896	0.015753539906146124	-0.0	0.028230309859219184
188.96958994944453	0.0	1.1297975498274757	0.015751520502527774	-0.0	0.02822728075379166
189.00997802181152	0.0	1.129707328335477	0.015749501098909425	-0.0	0.028224251648364135
189.05036609417851	0.0	1.1296136972585864	0.015747481695291075	-0.0	0.02822122254293661
189.0907541665455	0.0	1.1295166335508937	0.015745462291672726	-0.0	0.028218193437509084
189.1311422389125	0.0	1.1294161141664911	0.015743442888054376	-0.0	0.028215164332081565
189.1715303112795	0.0	1.1293121160594692	0.015741423484436027	-0.0	0.028212135226654035
189.2119183836465	0.0	1.1292046161839195	0.015739404080817677	-0.0	0.028209106121226513
189.25230645601349	0.0	1.1290935914939335	0.015737384677199324	-0.0	0.028206077015798987
189.2926945283805	0.0	1.1289790189436018	0.015735365273580975	-0.0	0.02820304791037146
189.3330826007475	0.0	1.128860875487016	0.015733345869962626	-0.0	0.028200018804943938
189.37347067311447	0.0	1.1287391380782679	0.01573132646634428	-0.0	0.028196989699516416
189.41385874548143	0.0	1.1286137836714474	0.015729307062725927	-0.0	0.028193960594088893
189.45424681784846	0.0	1.1284847892206467	0.015727287659107577	-0.0	0.028190931488661364
189.49463489021542	0.0	1.128352131679957	0.01572526825548923	-0.0	0.028187902383233845
189.53502296258242	0.0	1.1282157880034687	0.01572324885187088	-0.0	0.02818487327780632
189.5754110349494	0.0	1.1280757351452744	0.01572122944825253	-0.0	0.028181844172378793
189.6157991073164	0.0	1.127931950059464	0.01571921004463418	-0.0	0.028178815066951267
189.6561871796834	0.0	1.127784409700129	0.01571719064101583	-0.0	0.028175785961523744
189.69657525205042	0.0	1.1276330910213612	0.01571517123739748	-0.0	0.02817275685609622
189.7369633244174	0.0	1.1274779709772518	0.01571315183377913	-0.0	0.028169727750668696
189.77735139678438	0.0	1.1273190265218915	0.01571113243016078	-0.0	0.02816669864524117
189.81773946915138	0.0	1.1271562346093718	0.01570911302654243	-0.0	0.028163669539813647
189.85812754151837	0.0	1.1269895721937837	0.015707093622924082	-0.0	0.02816064043438612
189.89851561388537	0.0	1.126819016229219	0.015705074219305733	-0.0	0.028157611328958596
189.93890368625236	0.0	1.1266445436697685	0.01570305481568738	-0.0	0.028154582223531073
189.97929175861935	0.0	1.1264661314695235	0.015701035412069034	-0.0	0.02815155311810355
190.01967983098635	0.0	1.126283756582575	0.015699016008450684	-0.0	0.02814852401267602
190.06006790335334	0.0	1.1260973959630147	0.015696996604832335	-0.0	0.0281454949072485
190.1004559757203	0.0	1.1259070265649338	0.015694977201213985	-0.0	0.028142465801820976
190.14084404808733	0.0	1.1257126253424226	0.015692957797595632	-0.0	0.02813943669639345
190.18123212045433	0.0	1.1255141692495736	0.015690938393977283	-0.0	0.028136407590965924
190.2216201928213	0.0	1.1253116352404777	0.015688918990358937	-0.0	0.0281333784855384
190.26200826518829	0.0	1.1251050002692253	0.015686899586740584	-0.0	0.02813034938011088
190.30239633755525	0.0	1.124894241289909	0.015684880183122238	-0.0	0.028127320274683357
190.34278440992227	0.0	1.124679335256619	0.015682860779503885	-0.0	0.028124291169255827
190.38317248228927	0.0	1.1244602591234467	0.01568084137588554	-0.0	0.028121262063828305
190.42356055465626	0.0	1.1242369898444833	0.015678821972267186	-0.0	0.028118232958400782
190.46394862702323	0.0	1.1240095043738207	0.01567680256864884	-0.0	0.02811520385297326
190.50433669939022	0.0	1.1237777796655493	0.015674783165030487	-0.0	0.028112174747545734
190.54472477175722	0.0	1.1235417926737608	0.01567276376141214	-0.0	0.028109145642118208
190.58511284412424	0.0	1.123301520352546	0.015670744357793788	-0.0	0.02810611653669068
190.62550091649123	0.0	1.123056939655997	0.01566872495417544	-0.0	0.028103087431263156
190.66588898885823	0.0	1.1228080275382042	0.01566670555055709	-0.0	0.028100058325835633
190.70627706122522	0.0	1.1225547609532593	0.01566468614693874	-0.0	0.028097029220408107
190.74666513359222	0.0	1.1222971168552534	0.01566266674332039	-0.0	0.02809400011498058
190.78705320595918	0.0	1.1220350721982775	0.01566064733970204	-0.0	0.02809097100955306
190.8274412783262	0.0	1.1217686039364232	0.01565862793608369	-0.0	0.028087941904125537
190.8678293506932	0.0	1.1214976890237818	0.015656608532465338	-0.0	0.02808491279869801
190.9082174230602	0.0	1.121222304414444	0.015654589128846992	-0.0	0.028081883693270485
190.9486054954272	0.0	1.1209424270625015	0.01565256972522864	-0.0	0.028078854587842962
190.98899356779418	0.0	1.1206580339220455	0.01565055032161029	-0.0	0.028075825482415436
191.02938164016118	0.0	1.120369101947167	0.01564853091799194	-0.0	0.028072796376987914
191.06976971252817	0.0	1.1200756080919574	0.01564651151437359	-0.0	0.028069767271560388
191.11015778489514	0.0	1.1197775293105088	0.01564449211075524	-0.0	0.028066738166132865
191.15054585726216	0.0	1.119474842556911	0.01564247270713689	-0.0	0.028063709060705336
191.19093392962913	0.0	1.119167524785256	0.015640453303518542	-0.0	0.028060679955277817
191.23132200199615	0.0	1.1188555529496347	0.015638433899900193	-0.0	0.028057650849850287
191.27171007436314	0.0	1.1185389040041382	0.015636414496281843	-0.0	0.028054621744422765
191.31209814673014	0.0	1.1182175549028588	0.015634395092663494	-0.0	0.02805159263899524
191.3524862190971	0.0	1.1178914825998871	0.015632375689045144	-0.0	0.02804856353356772
191.39287429146407	0.0	1.1175606640493143	0.0156303562854268	-0.0	0.028045534428140197
191.4332623638311	0.0	1.1172250762052314	0.015628336881808445	-0.0	0.028042505322712668
191.47365043619806	0.0	1.1168846960217302	0.015626317478190096	-0.0	0.028039476217285145
191.51403850856505	0.0	1.1165395004529015	0.015624298074571746	-0.0	0.02803644711185762
191.55442658093207	0.0	1.1161894664528365	0.015622278670953395	-0.0	0.028033418006430097
191.59481465329907	0.0	1.115834570975627	0.015620259267335047	-0.0	0.02803038890100257
191.63520272566603	0.0	1.1154747909753642	0.015618239863716698	-0.0	0.02802735979557505
191.67559079803303	0.0	1.1151101034061388	0.015616220460098348	-0.0	0.028024330690147523
191.71597887040002	0.0	1.1147404852220422	0.015614201056479997	-0.0	0.02802130158472
191.75636694276704	0.0	1.114365913377166	0.015612181652861648	-0.0	0.028018272479292474
191.796755015134	0.0	1.1139863648256014	0.015610162249243298	-0.0	0.028015243373864948
191.837143087501	0.0	1.1136018165214394	0.015608142845624949	-0.0	0.028012214268437426
191.877531159868	0.0	1.1132122454187716	0.0156061234420066	-0.0	0.028009185163009903
191.917919232235	0.0	1.1128176284716886	0.01560410403838825	-0.0	0.028006156057582377
191.95830730460196	0.0	1.1124179426342828	0.015602084634769902	-0.0	0.028003126952154855
191.99869537696895	0.0	1.1120131648606446	0.01560006523115155	-0.0	0.02800009784672733
192.03908344933595	0.0	1.1116032788014911	0.015597068741299803	-0.0	0.02799413748259961
192.07947152170294	0.0	1.1111882976214984	0.015594039635872277	-0.0	0.02798807927174456
192.11985959406996	0.0	1.1107682426137235	0.015591010530444751	-0.0	0.027982021060889505
192.16024766643696	0.0	1.1103431350714732	0.015587981425017227	-0.0	0.027975962850034456
192.20063573880395	0.0	1.109912996288054	0.015584952319589703	-0.0	0.027969904639179408
192.24102381117095	0.0	1.1094778475567715	0.015581923214162179	-0.0	0.02796384642832436
192.28141188353794	0.0	1.1090377101709328	0.015578894108734653	-0.0	0.027957788217469307
192.3217999559049	0.0	1.1085926054238435	0.015575865003307132	-0.0	0.027951730006614266
192.36218802827193	0.0	1.1081425546088102	0.015572835897879604	-0.0	0.02794567179575921
192.4025761006389	0.0	1.1076875790191392	0.015569806792452083	-0.0	0.027939613584904165
192.44296417300586	0.0	1.1072276999481374	0.01556677768702456	-0.0	0.02793355537404912
192.48335224537288	0.0	1.10676293868911	0.015563748581597033	-0.0	0.02792749716319407
192.52374031773985	0.0	1.1062933165353641	0.01556071947616951	-0.0	0.027921438952339023
192.56412839010687	0.0	1.1058188547802055	0.015557690370741985	-0.0	0.027915380741483968
192.60451646247387	0.0	1.1053395747169406	0.015554661265314459	-0.0	0.02790932253062892
192.64490453484086	0.0	1.1048554976388762	0.015551632159886935	-0.0	0.02790326431977387
192.68529260720788	0.0	1.1043666448393181	0.015548603054459407	-0.0	0.02789720610891882
192.72568067957485	0.0	1.1038730376115735	0.015545573949031886	-0.0	0.027891147898063774
192.76606875194182	0.0	1.103374697248948	0.015542544843604362	-0.0	0.02788508968720873
192.80645682430884	0.0	1.1028716450447473	0.015539515738176836	-0.0	0.027879031476353674
192.84684489667583	0.0	1.102363902292279	0.015536486632749312	-0.0	0.027872973265498625
192.88723296904283	0.0	1.1018514902848489	0.015533457527321787	-0.0	0.027866915054643577
192.92762104140985	0.0	1.1013344303157628	0.015530428421894261	-0.0	0.02786085684378852
192.96800911377684	0.0	1.1008127436783273	0.015527399316466736	-0.0	0.027854798632933473
193.0083971861438	0.0	1.1002864516658502	0.015524370211039213	-0.0	0.027848740422078428
193.0487852585108	0.0	1.099755575571636	0.01552134110561169	-0.0	0.02784268221122338
193.08917333087777	0.0	1.0992201366889913	0.015518312000184168	-0.0	0.027836624000368335
193.12956140324476	0.0	1.0986801563112225	0.015515282894756642	-0.0	0.027830565789513286
193.16994947561176	0.0	1.0981356557316364	0.015512253789329116	-0.0	0.027824507578658238
193.21033754797875	0.0	1.0975866562435386	0.015509224683901594	-0.0	0.027818449367803186
193.25072562034572	0.0	1.0970331791402368	0.01550619557847407	-0.0	0.02781239115694814
193.29111369271274	0.0	1.0964752457150355	0.015503166473046543	-0.0	0.02780633294609309
193.33150176507974	0.0	1.0959128772612419	0.01550013736761902	-0.0	0.027800274735238037
193.37188983744676	0.0	1.0953460950721623	0.015497108262191493	-0.0	0.02779421652438299
193.41227790981372	0.0	1.0947749204411037	0.01549407915676397	-0.0	0.02778815831352794
193.45266598218075	0.0	1.094199374661371	0.015491050051336445	-0.0	0.027782100102672888
193.4930540545477	0.0	1.093619479026272	0.01548802094590892	-0.0	0.027776041891817843
193.5334421269147	0.0	1.093035254829112	0.015484991840481396	-0.0	0.02776998368096279
193.5738301992817	0.0	1.0924467233631976	0.015481962735053872	-0.0	0.027763925470107746
193.61421827164867	0.0	1.0918539059218355	0.015478933629626348	-0.0	0.0277578672592527
193.65460634401563	0.0	1.091256823798332	0.015475904524198825	-0.0	0.027751809048397656
193.69499441638266	0.0	1.0906554982859922	0.0154728754187713	-0.0	0.027745750837542604
193.73538248874962	0.0	1.090049950678124	0.015469846313343779	-0.0	0.02773969262668756
193.77577056111664	0.0	1.0894402022680325	0.015466817207916251	-0.0	0.027733634415832504
193.8161586334836	0.0	1.0888262743490251	0.015463788102488728	-0.0	0.02772757620497746
193.85654670585063	0.0	1.0882081882144068	0.015460758997061202	-0.0	0.027721517994122404
193.8969347782176	0.0	1.0875859651574857	0.01545772989163368	-0.0	0.027715459783267362
193.93732285058462	0.0	1.0869596264715669	0.015454700786206154	-0.0	0.027709401572412307
193.97771092295162	0.0	1.0863291934499566	0.015451671680778628	-0.0	0.027703343361557258
194.0180989953186	0.0	1.085694687385962	0.015448642575351102	-0.0	0.02769728515070221
194.0584870676856	0.0	1.085056129572889	0.01544561346992358	-0.0	0.02769122693984716
194.0988751400526	0.0	1.0844135413040437	0.015442584364496054	-0.0	0.027685168728992113
194.13926321241956	0.0	1.083766943872733	0.015439555259068531	-0.0	0.027679110518137068
194.17965128478656	0.0	1.0831163585722627	0.015436526153641007	-0.0	0.027673052307282016
194.22003935715355	0.0	1.082461806695939	0.015433497048213483	-0.0	0.027666994096426967
194.26042742952055	0.0	1.081803309537069	0.015430467942785957	-0.0	0.02766093588557192
194.30081550188754	0.0	1.0811408883889582	0.015427438837358434	-0.0	0.027654877674716867
194.34120357425456	0.0	1.080474564544913	0.015424409731930908	-0.0	0.027648819463861815
194.38159164662153	0.0	1.0798043592982405	0.015421380626503384	-0.0	0.02764276125300677
194.4219797189885	0.0	1.0791302939422467	0.015418351521075863	-0.0	0.027636703042151725
194.46236779135552	0.0	1.078452389770237	0.015415322415648334	-0.0	0.027630644831296673
194.5027558637225	0.0	1.0777706680755188	0.015412293310220811	-0.0	0.02762458662044162
194.5431439360895	0.0	1.0770851501513983	0.015409264204793285	-0.0	0.027618528409586576
194.58353200845653	0.0	1.0763958572911811	0.01540623509936576	-0.0	0.02761247019873152
194.6239200808235	0.0	1.075702810788175	0.015403205993938237	-0.0	0.027606411987876476
194.66430815319046	0.0	1.0750060319356856	0.015400176888510714	-0.0	0.02760035377702143
194.70469622555748	0.0	1.0743055420270178	0.015397147783083188	-0.0	0.027594295566166376
194.74508429792448	0.0	1.0736013623554796	0.015394118677655664	-0.0	0.02758823735531133
194.78547237029144	0.0	1.072893514214378	0.01539108957222814	-0.0	0.027582179144456286
194.82586044265847	0.0	1.0721820188970164	0.015388060466800614	-0.0	0.02757612093360123
194.86624851502546	0.0	1.0714668976967041	0.01538503136137309	-0.0	0.02757006272274618
194.90663658739243	0.0	1.0707481719067466	0.015382002255945567	-0.0	0.027564004511891137
194.94702465975945	0.0	1.070025862820449	0.015378973150518041	-0.0	0.027557946301036085
194.98741273212642	0.0	1.0692999917311197	0.015375944045090517	-0.0	0.02755188809018104
195.0278008044934	0.0	1.068570579932063	0.015372914939662993	-0.0	0.027545829879325988
195.0681888768604	0.0	1.0678376487165862	0.015369885834235469	-0.0	0.02753977166847094
195.10857694922743	0.0	1.0671012193779952	0.015366856728807943	-0.0	0.027533713457615887
195.1489650215944	0.0	1.0663613132095977	0.01536382762338042	-0.0	0.027527655246760842
195.18935309396142	0.0	1.065617951504698	0.015360798517952894	-0.0	0.027521597035905787
195.2297411663284	0.0	1.064871155556604	0.015357769412525368	-0.0	0.02751553882505074
195.2701292386954	0.0	1.0641209466586214	0.015354740307097844	-0.0	0.02750948061419569
195.31051731106237	0.0	1.0633673461040574	0.01535171120167032	-0.0	0.027503422403340645
195.35090538342936	0.0	1.0626103751862168	0.015348682096242796	-0.0	0.027497364192485597
195.39129345579633	0.0	1.0618500551984071	0.015345652990815275	-0.0	0.027491305981630552
195.43168152816332	0.0	1.061086407433934	0.01534262388538775	-0.0	0.027485247770775503
195.47206960053032	0.0	1.0603194531861035	0.015339594779960226	-0.0	0.027479189559920455
195.5124576728973	0.0	1.0595492137482228	0.0153365656745327	-0.0	0.027473131349065406
195.55284574526434	0.0	1.0587757104135975	0.015333536569105174	-0.0	0.02746707313821035
195.5932338176313	0.0	1.0579989644755352	0.015330507463677652	-0.0	0.027461014927355306
195.63362188999832	0.0	1.0572189972273405	0.015327478358250126	-0.0	0.027454956716500254
195.67400996236532	0.0	1.0564358299623213	0.0153244492528226	-0.0	0.027448898505645206
195.71439803473228	0.0	1.0556494839737836	0.015321420147395078	-0.0	0.02744284029479016
195.75478610709928	0.0	1.0548599805550325	0.015318391041967553	-0.0	0.02743678208393511
195.79517417946624	0.0	1.054067340999376	0.01531536193654003	-0.0	0.027430723873080064
195.83556225183324	0.0	1.0532715866001194	0.015312332831112507	-0.0	0.027424665662225012
195.87595032420026	0.0	1.0524727386505683	0.015309303725684979	-0.0	0.027418607451369963
195.91633839656726	0.0	1.0516708184440309	0.015306274620257455	-0.0	0.027412549240514915
195.95672646893425	0.0	1.050865847273812	0.01530324551482993	-0.0	0.027406491029659866
195.99711454130124	0.0	1.0500578464332193	0.015300216409402406	-0.0	0.027400432818804814
196.03750261366824	0.0	1.0492468343256882	0.015297187303974882	-0.0	0.02739531217329147
196.07789068603523	0.0	1.0484328150230489	0.015294158198547358	-0.0	0.027390263664245594
196.11827875840225	0.0	1.0476157881626238	0.01529112909311983	-0.0	0.02738521515519972
196.15866683076922	0.0	1.0467957533804206	0.01528809998769231	-0.0	0.02738016664615385
196.19905490313621	0.0	1.0459727103124443	0.015285070882264783	-0.0	0.027375118137107975
196.2394429755032	0.0	1.0451466585947027	0.015282041776837257	-0.0	0.027370069628062103
196.2798310478702	0.0	1.0443175978632013	0.015279012671409733	-0.0	0.027365021119016227
196.32021912023717	0.0	1.0434855277539479	0.015275983565982212	-0.0	0.027359972609970355
196.36060719260416	0.0	1.0426504479029475	0.015272954460554686	-0.0	0.02735492410092448
196.40099526497113	0.0	1.0418123579462075	0.015269925355127166	-0.0	0.02734987559187861
196.44138333733815	0.0	1.0409712575197327	0.015266896249699638	-0.0	0.027344827082832732
196.48177140970515	0.0	1.0401271462595323	0.015263867144272114	-0.0	0.027339778573786857
196.52215948207214	0.0	1.0392800238016113	0.01526083803884459	-0.0	0.027334730064740985
196.56254755443913	0.0	1.0384298897819764	0.015257808933417064	-0.0	0.02732968155569511
196.60293562680613	0.0	1.0375767438366343	0.01525477982798954	-0.0	0.027324633046649234
196.64332369917312	0.0	1.0367205856015915	0.015251750722562015	-0.0	0.027319584537603362
196.68371177154012	0.0	1.0358614147128538	0.015248721617134491	-0.0	0.027314536028557487
196.72409984390708	0.0	1.034999230806429	0.015245692511706967	-0.0	0.027309487519511615
196.7644879162741	0.0	1.034134033518322	0.015242663406279442	-0.0	0.02730443901046574
196.80487598864107	0.0	1.0332658224845417	0.015239634300851918	-0.0	0.027299390501419867
196.84526406100807	0.0	1.032394597341092	0.015236605195424394	-0.0	0.027294341992373992
196.8856521333751	0.0	1.0315203577239804	0.015233576089996868	-0.0	0.027289293483328116
196.92604020574208	0.0	1.0306431032692136	0.015230546984569344	-0.0	0.02728424497428224
196.96642827810908	0.0	1.0297628336127982	0.01522751787914182	-0.0	0.027279196465236365
197.00681635047607	0.0	1.028879548390741	0.015224488773714295	-0.0	0.027274147956190493
197.04720442284304	0.0	1.0279932472390485	0.015221459668286771	-0.0	0.02726909944714462
197.08759249521006	0.0	1.0271039297937252	0.015218430562859243	-0.0	0.027264050938098743
197.12798056757703	0.0	1.0262115956907811	0.015215401457431723	-0.0	0.027259002429052874
197.168368639944	0.0	1.0253162445662207	0.0152123723520042	-0.0	0.027253953920007002
197.20875671231101	0.0	1.0244178760560492	0.015209343246576672	-0.0	0.027248905410961123
197.24914478467798	0.0	1.023516489796276	0.015206314141149152	-0.0	0.027243856901915255
197.28953285704497	0.0	1.0226120854229057	0.015203285035721627	-0.0	0.02723880839286938
197.32992092941197	0.0	1.021704662571945	0.015200255930294101	-0.0	0.027233759883823504
197.370309001779	0.0	1.0207942208794005	0.015197226824866576	-0.0	0.027228711374777628
197.410697074146	0.0	1.0198807599812798	0.01519419771943905	-0.0	0.027223662865731753
197.45108514651298	0.0	1.018964279513588	0.015191168614011527	-0.0	0.027218614356685877
197.49147321888	0.0	1.018044779112332	0.015188139508584	-0.0	0.027213565847640002
197.53186129124697	0.0	1.0171222584135196	0.015185110403156477	-0.0	0.02720851733859413
197.57224936361396	0.0	1.016196717053156	0.015182081297728953	-0.0	0.027203468829548254
197.61263743598096	0.0	1.0152681546672475	0.015179052192301428	-0.0	0.027198420320502383
197.65302550834792	0.0	1.0143365708918022	0.015176023086873904	-0.0	0.027193371811456507
197.6934135807149	0.0	1.0134019653628257	0.015172993981446382	-0.0	0.02718832330241064
197.73380165308188	0.0	1.0124643377163234	0.01516996487601886	-0.0	0.027183274793364763
197.7741897254489	0.0	1.0115236875883025	0.01516693577059133	-0.0	0.027178226284318888
197.81457779781587	0.0	1.010580014614771	0.015163906665163809	-0.0	0.02717317777527302
197.85496587018287	0.0	1.0096333184317337	0.015160877559736285	-0.0	0.027168129266227144
197.8953539425499	0.0	1.0086835986751967	0.015157848454308757	-0.0	0.027163080757181265
197.93574201491688	0.0	1.0077308549811685	0.015154819348881233	-0.0	0.027158032248135393
197.97613008728388	0.0	1.0067750869856547	0.015151790243453709	-0.0	0.027152983739089517
198.01651815965084	0.0	1.0058162943246627	0.015148761138026186	-0.0	0.027147935230043645
198.0569062320178	0.0	1.004854476634198	0.015145732032598664	-0.0	0.027142886720997773
198.09729430438483	0.0	1.003889633550266	0.015142702927171136	-0.0	0.027137838211951898
198.13768237675185	0.0	1.0029217647088744	0.01513967382174361	-0.0	0.02713278970290602
198.17807044911882	0.0	1.0019508697460315	0.015136644716316087	-0.0	0.027127741193860147
198.21845852148581	0.0	1.0009769482977413	0.015133615610888565	-0.0	0.02712269268481427
198.2588465938528	0.0	1.0000000000000113	0.015130586505461039	-0.0	0.0271176441757684
