Q20	Q30	EHFB	M22	M23	M33
178.10519848272364	0.0	0.9999999999999871	0.015818177679095297	-5.888074441591699e-05	0.02923098005184805
178.36901291155888	0.00036552711323605344	1.0063334708036635	0.015817624123578216	-0.0002656329113284619	0.029188619273767542
178.63278082437824	0.0001505165091253285	1.0122053146855772	0.015808808900885873	-0.00017322491228052047	0.029160979706564106
178.8966455288582	3.8119454581707047e-05	1.0180562985340698	0.015802895222131734	-9.45070308653542e-05	0.029131034695644754
179.16036837337947	0.0003562800275272676	1.0240896837111435	0.015805000775518618	-0.00025376364935133323	0.029091207656251516
179.42427141391147	0.00014520537977393125	1.0297264785508624	0.015800240076559054	-0.00016204338717825195	0.029064375950664172
179.68797137441848	0.0003685416632821677	1.0355582602283704	0.015803590337379336	-0.0002521201846016264	0.029027928511055946
179.951892062509	7.130591197773223e-05	1.0410201254205658	0.015800614119739147	-0.00011000655457243255	0.02900394294452394
180.2155903149365	8.733890723567338e-05	1.046613402458511	0.015803963310327556	-0.00011930443943670623	0.028973390905349807
180.47951596022705	0.00015530096030751204	1.0521785014428229	0.015809522761443824	-0.00015776269384808707	0.02894228094859427
180.7432231059447	0.0003395602652650947	1.05772667875654	0.015817967577900747	-0.00023258283838625926	0.028909296934110693
181.0071413731359	0.00014290452005220514	1.0629626183331469	0.01582194173662674	-0.0001480130408770356	0.028885122651549383
181.27087849126477	0.00018765084543115977	1.0682239968888005	0.015830174984855148	-0.00016908649716073284	0.028856305984646047
181.5347712320416	0.00033391390057139884	1.07341790525594	0.015840393793694636	-0.00022568008345117378	0.02882591866486174
181.7985539093661	0.00019363152624986355	1.0783071153990897	0.01584696402196479	-0.00016974474603717411	0.02880203846748482
182.06241015753164	0.00018439245642058407	1.083112930891853	0.01585550625708038	-0.0001647394144523889	0.028775918788407944
182.3262576901041	7.079438828178959e-05	1.087689134599474	0.01586255048656186	-9.93028270673578e-05	0.02875237221689913
182.59004410537432	0.00011795961352128515	1.0921608259197342	0.015871481395813482	-0.00012993420426447592	0.02872606878111754
182.84845248475276	0.053448434188201145	1.1233778927672677	0.016555969358629515	-0.0026055617060016236	0.027712699218371033
183.0964118890048	0.1433956013962945	1.1698687859765489	0.017546780888313015	-0.0037609180983637627	0.026256964985074842
183.3324472663741	0.26113681326962485	1.2245751147481863	0.018605641785650547	-0.004332695838684291	0.024723817110290907
183.55628203081636	0.40085238587783106	1.2825338978377967	0.019605536984168524	-0.0044950629596773265	0.02333693794326758
183.76823432534087	0.5577295406997206	1.3399566355848254	0.020505491903774292	-0.0044084830829058345	0.022210065745732033
183.96959838078175	0.7283272813364279	1.3942774057541083	0.021328475398827394	-0.004205217005397375	0.021369198233509
184.16117630296384	0.909421627987782	1.4436134919200718	0.02212692491169227	-0.003977668730500731	0.020791085804625253
184.34459778189324	1.0992232536064317	1.4869859861355224	0.022965555366851124	-0.003776928493075171	0.02042430224944742
184.52048184342516	1.2955110891909578	1.5236869452065345	0.023898214701680808	-0.0036223655176440264	0.02021391315008021
184.69030209725295	1.4975931159140963	1.5536003321953349	0.024969829889981164	-0.0035095854373670687	0.020108597759525823
184.85431040653097	1.703833028797917	1.5766602284684097	0.02620229133362622	-0.0034215913792797386	0.020068436308376705
185.01371562966617	1.9142329394414697	1.5931591007214547	0.027609674388562943	-0.00333460674867898	0.020064472966947973
185.16844503794013	2.127453858986495	1.6033682499806923	0.029182998926285165	-0.0032248351464408942	0.020078460861369052
185.31951055413916	2.343915883233719	1.607742317380992	0.03091438846405381	-0.0030703563713128895	0.02010063965989294
185.46663585256883	2.5623874194765803	1.6067301883962306	0.03277519066813887	-0.0028550651986903393	0.020127297747707284
185.6107512492277	2.7835293506100545	1.6008286241045808	0.03474711999589974	-0.0025667718883881177	0.020158917303736413
185.7514929208644	3.0061047145614497	1.5905855891405285	0.03679255197608274	-0.0022012016397691485	0.020197843145954308
185.88980844010544	3.230908055663144	1.5764874938363158	0.03889125385147349	-0.0017563489647428568	0.02024740183110865
186.0253262226975	3.456641575064732	1.5591412537734493	0.04100408121533429	-0.001238595282409153	0.02031007158517009
186.15903647836305	3.684198824627949	1.5390021130929095	0.04311369481114218	-0.0006533417073524524	0.020387777163037663
186.29058292731875	3.9122111899091023	1.5167088277123817	0.0451837121221346	-1.4252205062613315e-05	0.020480263269482112
186.42099837956553	4.141653911839163	1.492675465505111	0.047201432981882785	0.0006694280577561447	0.020586589412049116
186.54993137571307	4.371098947849509	1.467547698979426	0.04913506721396595	0.0013805159914574607	0.020703325222919754
186.6784376716672	4.601594562406357	1.4416927175119156	0.050976292134472065	0.0021090239702709615	0.02082704135826403
186.80614610322957	4.831672003667311	1.415737327107197	0.05269823526234827	0.002837440709235366	0.020952153071223382
186.93410984711647	5.062444607413092	1.3899978910205641	0.05429574082139592	0.003557164186698865	0.021073970731729497
187.0619103983861	5.292424033781721	1.3650560110423164	0.05574657011735862	0.004252599914907212	0.021186315095810457
187.1905734493864	5.522780279506603	1.3411742059589653	0.057047408842839264	0.004917653549986551	0.021284549130114818
187.3196080260284	5.752027951658399	1.318863609303096	0.058180378104367325	0.005539940264116726	0.02136332765326954
187.4499906501064	5.981385837016752	1.298330891176771	0.05914303144227139	0.0061161933357061216	0.021419021850408743
187.581138899574	6.2093949578323775	1.2799949845617506	0.05992183875558143	0.006637742269590093	0.021448067297537454
187.7139635211396	6.437315874268217	1.2640066086889874	0.06051470515163174	0.007103927034317491	0.02144830240653464
187.8477813939282	6.663738640150135	1.2506771418205347	0.06091264518887566	0.007509714297611616	0.02141833371981645
187.98342826002192	6.889957956400202	1.2401043861019838	0.06111372286013138	0.007856517901757497	0.021357496269569665
188.1201241573309	7.114631332837906	1.232485166571417	0.061113661868684596	0.008142472129392394	0.021266501295460188
188.25862949474927	7.339076807306965	1.2278692012962003	0.060910420013060934	0.008370364168414975	0.021145920799503056
188.39808342266707	7.562031555866494	1.2263395161294224	0.06050420188555847	0.008540736036927196	0.02099818270165549
188.5391860123825	7.784816618085759	1.22790919105447	0.0598928788634004	0.008656979151509658	0.02082472141065494
188.68102673597767	8.006249983709228	1.2325599657325381	0.05908114905218109	0.008721204097159641	0.020629197389506342
188.82425328674543	8.227637242178425	1.2401468889388771	0.05807304084896959	0.008737013517012617	0.020413775475493674
188.96796544571689	8.447856156130046	1.249978859324266	0.056904629835308654	0.008708872321537955	0.020183856380224
189.11284361745024	8.668125807021756	1.261391890354932	0.055603322367191566	0.008641928240982553	0.019942700190675913
189.2580899114949	8.88733718771083	1.2736635114343249	0.05420687121468123	0.008542183752669701	0.019695990645068932
189.4044245297408	9.106599703570064	1.28623568625302	0.05273709971416444	0.008415063422941245	0.019446861601251222
189.5511480594144	9.324831926980782	1.2984728980882043	0.05122771815708628	0.00826719658092489	0.01920074702420414
189.6989950750116	9.543033465599231	1.3098980925295263	0.0496961164732709	0.008103902327841854	0.018960515806574506
189.847349632098	9.76017243925949	1.319966013568164	0.04817158613241473	0.007931792926927103	0.018731017041701867
189.9969291222948	9.977144438886071	1.328264661427083	0.04666780853515139	0.007755796219504451	0.018514708758701783
190.1471800586922	10.192993032910111	1.3343425578978876	0.045209231321118724	0.007582028926012869	0.01831559704319085
190.29876770195688	10.408519997370943	1.3378433786544541	0.0438062042651343	0.007414878062678418	0.018135633134718845
190.4511777805908	10.622872086637692	1.3384102868945507	0.04247797259996143	0.007259691528335737	0.017977852517156705
190.6049804020778	10.836776121889253	1.3357369734057203	0.04123170911123372	0.007120303202171575	0.017843686536165616
190.7596788117557	11.04950983403184	1.329556205669064	0.04008132622556114	0.007001222705148778	0.017735231086685888
190.91572476280265	11.261734105507156	1.3196041369399265	0.039031044394692564	0.006905839887879306	0.01765350155453988
191.07262226511892	11.472882956771413	1.3056896273812666	0.03808968865593739	0.006837933576139927	0.017599848191664578
191.2306765524356	11.683566714847544	1.2875811478338668	0.037258882471281916	0.006800648679021575	0.01757508427974143
191.3893842968308	11.893394336214024	1.2651403390477156	0.03654307270226824	0.006797283381763821	0.01758016430661563
191.54889267695776	12.102930335843055	1.2381655024643652	0.035941593069335545	0.006830846490893361	0.01761591153895419
191.7087019160816	12.311959902145267	1.206853195880313	0.035447740441357574	0.0069007711821126765	0.017680518966100886
191.8688143876631	12.520986025345335	1.1715995501229017	0.03504619859034038	0.00700342754583104	0.017770090352953353
192.02876387675803	12.729950824201236	1.132883992050179	0.03472489267698276	0.007135452980471014	0.017881143477057992
192.18841266590337	12.939283402146941	1.0910908798358163	0.034473126642705194	0.007294344139078614	0.018011106721456862
192.3473200391425	13.14908632566561	1.046662769426133	0.03428267094686786	0.007477944810133402	0.018157859436522237
192.505177717546	13.359726049221267	1.0000000000824745	0.03414658342239474	0.007684832829533933	0.018320012713394573
