Q20,Q30,Q40
1.400000000000000000e+02,0.000000000000000000e+00,1.600000000000000000e+01
1.408148054445740627e+02,1.674602202036521437e-01,1.618430466575238924e+01
1.416238461231767758e+02,3.314947255821132921e-01,1.639533091459404091e+01
1.424239799765420571e+02,4.874050222099194918e-01,1.664336576588277339e+01
1.432152162687138457e+02,6.303675989737413943e-01,1.692528696997219839e+01
1.439969224572317046e+02,7.513414910322633311e-01,1.724201782533085492e+01
1.447750960544099996e+02,8.383737339072022676e-01,1.757808197888405743e+01
1.455539371249441842e+02,8.870542765828602905e-01,1.792036183661246440e+01
1.463373560296124367e+02,8.948902222596426537e-01,1.825563947751178517e+01
1.471291754531087861e+02,8.673735622043672322e-01,1.856948223161489508e+01
1.479329515914367619e+02,8.130551350803755239e-01,1.884751007726156757e+01
1.487409229712532692e+02,7.334106699416279573e-01,1.910683615454232154e+01
1.495587128510061632e+02,6.412137482687222390e-01,1.932867123761748473e+01
1.503838724955269868e+02,5.437679264807607771e-01,1.951888993832410790e+01
1.512055572708493116e+02,4.271322231872066721e-01,1.971357022848445695e+01
1.520361441822264226e+02,3.173496392122880372e-01,1.987124169659765727e+01
1.528694366793569088e+02,2.067896406732508130e-01,2.001373753853862425e+01
1.537045583680197183e+02,9.549366105149793837e-02,2.014494501460241693e+01
1.545549156261505175e+02,4.164284619941163723e-02,2.017896414892888046e+01
1.554029523222989155e+02,2.214407228908164826e-02,2.009087377969881771e+01
1.562491747538955451e+02,1.024015217320116845e-03,1.998647943765105239e+01
1.570773220280551925e+02,5.211560776583670914e-04,2.019093402532933013e+01
1.579002561711735950e+02,4.669827403999786408e-04,2.041584380723545777e+01
1.587193258132649589e+02,3.334965733073347858e-04,2.065482404072207601e+01
1.595345223013069358e+02,3.671875223029423714e-04,2.090707292775562465e+01
1.603460930942152913e+02,3.189473744798158438e-04,2.117112409482311364e+01
1.611548754478571368e+02,2.764666218041668096e-04,2.144396734827596518e+01
1.619616001526049160e+02,2.396567198979193908e-04,2.172321014104097259e+01
1.627671768949759326e+02,2.076375427364529115e-04,2.200612896840521771e+01
1.635726636582455740e+02,1.799009876766746946e-04,2.228969609553316289e+01
1.643791479986109891e+02,1.277715211089085407e-04,2.257082083852781906e+01
1.651873310613070771e+02,1.373280828897286473e-04,2.284744972401699314e+01
1.659980030112092209e+02,1.213272076358830548e-04,2.311714605143748358e+01
1.668124906453242886e+02,1.099350300721230113e-04,2.337557028192225772e+01
1.676325707819288482e+02,1.043762674018276819e-04,2.361618660278523052e+01
1.684600361289516570e+02,1.061169372412073853e-04,2.383063844575920953e+01
1.692967528984830210e+02,1.183426806392716825e-04,2.400631006413057023e+01
1.701275677394486650e+02,9.771365304179944697e-05,2.420873264000623948e+01
1.709556668863796176e+02,8.794321885155891310e-05,2.442264447026353125e+01
1.717827490506041670e+02,8.361777826916346628e-05,2.464110578881771829e+01
1.726097476152783372e+02,8.284578016878127330e-05,2.486054341709990467e+01
1.734374481779002792e+02,8.550620401072502508e-05,2.507799662952535158e+01
1.742659799601256054e+02,8.994177303527236232e-05,2.529295962211369542e+01
1.750952527049912248e+02,9.422769567802929350e-05,2.550576406417753361e+01
1.759250118381436891e+02,9.638066051184794342e-05,2.571739774497930497e+01
1.767547961982653248e+02,1.171393803243548184e-04,2.592967541584750180e+01
1.775844727545444073e+02,1.428858970871052687e-04,2.614312396852006870e+01
1.784136692565332112e+02,1.740387737934342787e-04,2.635918133395851015e+01
1.792418547703202591e+02,2.154670988338449461e-04,2.657982798016211490e+01
1.800683651553754032e+02,2.690644606296173054e-04,2.680740120804401627e+01
1.808925839467677577e+02,2.846577625333789508e-04,2.704385295795813349e+01
1.817141731781152885e+02,3.071734382499841489e-04,2.728997936884918118e+01
1.825328164465025793e+02,3.322325736451922878e-04,2.754640704623512093e+01
1.833482066685422183e+02,3.553036655821079385e-04,2.781365107024361549e+01
1.841600139551845814e+02,4.159891168805094665e-04,2.809222179452424584e+01
1.849692514483753882e+02,6.602170051468218229e-04,2.837879133407174592e+01
1.857752947447128804e+02,9.335325179536969062e-04,2.867483060901373904e+01
1.865779389913683133e+02,1.236074879831099453e-03,2.898055526058368869e+01
1.873773378755086298e+02,1.571133530261071979e-03,2.929524481533037417e+01
1.881741735815429593e+02,1.808622859724168990e-03,2.961693778364124796e+01
1.889719345384555425e+02,1.538686107021311564e-03,2.993692641663758280e+01
1.897707871030532374e+02,1.221131672014638464e-03,3.025478605644083174e+01
1.905711899325254421e+02,8.493415695992699707e-04,3.056933863898824200e+01
1.913738460942061863e+02,4.219422992004791370e-04,3.087872657344897576e+01
1.921796520977837304e+02,3.521379107281069490e-05,3.118046245716199039e+01
1.929869399705083879e+02,2.455161059330535078e-02,3.147782049994649256e+01
1.937936490040221145e+02,1.174429745827060695e-01,3.176368839384064202e+01
1.945975096855806612e+02,2.779780105135339907e-01,3.202742333274440512e+01
1.953773636732473733e+02,5.022509550424204550e-01,3.231627872422291148e+01
1.961304195771741661e+02,7.834961003319365069e-01,3.262628137117650340e+01
1.968462842929110650e+02,1.122325826884499111e+00,3.296599902879782462e+01
1.975129392594184594e+02,1.512118952686633655e+00,3.334899730517270910e+01
1.981153141537141096e+02,1.943506941958715428e+00,3.378999715253586800e+01
1.986395906102339382e+02,2.403128831079742511e+00,3.429762764752735649e+01
1.990782245906281105e+02,2.876225253799290282e+00,3.487030542386990817e+01
1.994329910737062050e+02,3.349071927352861522e+00,3.549888088612966186e+01
1.997127763989239497e+02,3.809038344888376670e+00,3.617346731060420240e+01
1.999287572834771254e+02,4.242627273641120134e+00,3.688804649636468724e+01
1.999997422260227609e+02,4.995749935101134298e+00,3.730463059145149174e+01
2.001049220964387416e+02,5.752393752834072949e+00,3.770800668324964278e+01
2.003381134274574720e+02,6.477381034030878837e+00,3.811641545827515642e+01
2.007061395486944946e+02,7.135393912404406791e+00,3.853934863839687353e+01
2.012097287030530595e+02,7.682292827913299149e+00,3.898107187228638537e+01
2.018640150197923333e+02,7.999740487465667904e+00,3.944958850690434105e+01
2.026397716858272418e+02,8.001244405325293130e+00,3.983282180257690896e+01
2.034849243567126109e+02,8.000993757415692187e+00,4.002047783458482400e+01
2.043319462050233994e+02,8.005364187731217385e+00,4.020104870988645018e+01
2.051812839186905535e+02,7.999724565160220457e+00,4.037192119206295615e+01
2.060331519106155724e+02,8.000508099172112253e+00,4.053149534630978934e+01
2.068876403029043729e+02,8.001443856004149424e+00,4.067830860137226523e+01
2.077446338888745174e+02,8.000795446876312056e+00,4.081185661850965829e+01
2.086036447818067359e+02,7.998492271627937633e+00,4.093415727575731466e+01
2.094650788951275331e+02,7.993002459040367214e+00,4.104080614339867594e+01
2.103287491752236633e+02,7.973155713663883759e+00,4.112690075971101322e+01
2.111888410225326993e+02,7.868449351901870337e+00,4.118896032197567791e+01
2.120408010650366748e+02,7.702012258844372461e+00,4.122910251375958524e+01
2.128760501501779174e+02,7.461929155507891487e+00,4.124982476392840880e+01
2.136896502368757069e+02,7.154916377164159513e+00,4.124105805881726639e+01
2.144697033205763148e+02,6.772728985893511577e+00,4.119326688797286096e+01
2.151974086818054559e+02,6.304859842030775319e+00,4.109885845169894480e+01
2.158480232958020224e+02,5.744556983754698365e+00,4.095520584894168792e+01
2.163849351052448924e+02,5.084645075543805959e+00,4.076926651840695115e+01
2.169862739267931317e+02,4.480434495294193020e+00,4.059003900049004443e+01
2.176732675526872356e+02,3.970172333416929877e+00,4.042586044077523155e+01
2.183690669881696351e+02,3.453365062234188709e+00,4.033332577399604446e+01
2.190917705022886821e+02,2.966036101576598139e+00,4.031056118189833626e+01
2.198523337334771668e+02,2.541377121536879446e+00,4.035583608400396116e+01
2.206512554796437939e+02,2.208366803975117421e+00,4.046636272653742594e+01
2.214788467413674766e+02,1.990673075543099690e+00,4.063852662807084926e+01
2.223147242838815600e+02,1.907868040110990870e+00,4.087712189827491471e+01
2.231273402604861928e+02,1.971492428458460733e+00,4.119108833389838509e+01
2.238925176324443953e+02,2.159672087180954492e+00,4.156849575546669939e+01
2.245874489614514289e+02,2.470145101903923557e+00,4.199781186170186942e+01
2.251976678501658284e+02,2.885630291196258135e+00,4.246561721873235484e+01
2.257229163465235615e+02,3.377948676583103715e+00,4.296129455006674647e+01
2.261770856106949452e+02,3.916728142337877028e+00,4.347847002094164992e+01
2.265843700248277344e+02,4.473549375132373385e+00,4.401524201749191434e+01
2.269628652478360493e+02,5.032691211858798752e+00,4.457037869833440880e+01
2.273212515856031359e+02,5.590336475227788426e+00,4.514018492944800443e+01
2.276668882519655313e+02,6.140085916046836623e+00,4.572533605376230526e+01
2.280000133575127563e+02,6.675780176320166959e+00,4.633043838266864611e+01
2.284012700005456509e+02,7.157956580448184170e+00,4.693918884159132432e+01
