Q20	Q30	Q40	EHFB	M22	M23	M24	M33	M34	M44
140.0	0.0	16.0	0.0001	0.1097	1.399e-08	-0.1142	0.02081	-7.289e-09	0.1914
140.35495732237322	0.0	16.02219540540526	0.002541379726513987	0.10793125353329122	1.1948714800069695e-08	-0.11121405536284018	0.020787113621484995	-7.60201085808251e-09	0.18584726152743178
140.70991464474645	0.0	16.04439081081052	0.003273330835195055	0.10615992688348498	9.853142843209612e-09	-0.10823713644250794	0.020765389310166554	-6.801850466499216e-09	0.18031975862428054
141.0648719671197	0.0	16.06658621621578	0.002174556262355049	0.10438602005058115	7.703284129419592e-09	-0.10526924323900305	0.020744827066044684	-4.888518825249911e-09	0.17481749129054583
141.40486054519792	0.0	16.10218144313115	0.007729728031716607	0.10265613292270337	5.3692576429047915e-09	-0.10233707084822531	0.02071828105000691	-1.7299251645897452e-09	0.16932142196653555
141.38777849993903	0.0	16.45742155975265	0.18327936288148614	0.10203765428444153	-6.73077276838867e-11	-0.10004240980386621	0.020521367347659115	4.667858563871335e-09	0.16337322326024256
141.3706964546802	0.0	16.812661676374148	0.29936285695974385	0.10142116299076748	-5.462059595698075e-09	-0.09774079684609069	0.020323558581718203	1.0208240016962455e-08	0.1574055872619374
141.35361440942134	0.0	17.167901792995643	0.35936487813655793	0.10080665904168168	-1.0814997961137166e-08	-0.09543223197489945	0.02012485475218419	1.4891219194680595e-08	0.15141851397162137
141.3422946968668	0.0	17.52281872892876	0.36699159347564525	0.10016527886524322	-1.6180196182700255e-08	-0.09307816513315104	0.019925939591737295	1.9346470853250716e-08	0.14534845130492532
141.3989919826329	0.0	17.873920928457952	0.33123495919541496	0.09918060276280553	-2.223832781801414e-08	-0.09027815278375789	0.01973626521615437	3.235518464710949e-08	0.13855364922182978
141.455689268399	0.0	18.225023127987143	0.2529786723724066	0.09818940726794823	-2.843362672334469e-08	-0.08750094586624566	0.019549527055478078	4.817656712875545e-08	0.131822610280245
141.51238655416512	0.0	18.576125327516333	0.13506411943934654	0.09719169238067098	-3.4766092898692664e-08	-0.08474654438061391	0.019365725109708402	6.681061829819707e-08	0.12515533448017022
141.6027542024012	0.0	18.8949534800422	0.0004499339302557572	0.09607225369842978	-4.1217526745518265e-08	-0.08202055191153586	0.019208691772434373	9.421884772084116e-08	0.11877459782831537
141.95114175871947	0.0	18.966461852489488	0.0030720252654863967	0.09406255650164352	-4.768590048874485e-08	-0.07936350435099233	0.019237636873228166	1.705179760268802e-07	0.11417372583742205
142.29952931503777	0.0	19.03797022493677	0.0036984905181511323	0.09204470041947102	-5.432593624627238e-08	-0.07673499731890815	0.01927025658652411	2.503371012858884e-07	0.10965265210531461
142.64791687135605	0.0	19.109478597384054	0.002440747953498589	0.09001868545191252	-6.11376340181e-08	-0.07413503081528361	0.0193065509123222	3.3367622349785396e-07	0.10521137663199345
142.99662479448025	0.0	19.179289706339837	0.00037721535283684576	0.08798658547000204	-6.809028733063925e-08	-0.07157168559356863	0.019347327852480018	4.203838732834153e-07	0.10087211418804179
143.34710781284124	0.0	19.23969658151171	0.0019275698553980756	0.08595852380474842	-7.502960408780828e-08	-0.0690791843733221	0.019395938315601973	5.094675556745803e-07	0.09672883054476646
143.69759083120226	0.0	19.300103456683587	0.0021974465427002992	0.08392352844575426	-8.211480496734047e-08	-0.0666109378489266	0.01944767158735508	6.015426492308507e-07	0.09265336213129856
144.04807384956328	0.0	19.36051033185546	0.0013685339486205837	0.08199483316361579	-8.646543452488902e-08	-0.06432054550909756	0.01952619875592547	6.737532275353324e-07	0.08889379370495289
144.39876840224545	0.0	19.419614361237983	0.000335076184655453	0.08076774229413468	-7.242486423984994e-08	-0.06301393550284899	0.019756881575431935	6.015178281372281e-07	0.0867548206410522
144.75035918348433	0.0	19.4731984939204	0.0014702324902994043	0.07953500104568086	-5.774401769047256e-08	-0.06173545081522423	0.01999224102089677	5.253363179864922e-07	0.08470821416028444
145.1019499647232	0.0	19.526782626602817	0.0017293184765394107	0.07828597524271441	-4.259406940444066e-08	-0.060458143608041554	0.02022964928233064	4.4652223205828365e-07	0.08268450967411346
145.45354074596207	0.0	19.580366759285237	0.001100393730521033	0.07702066488523515	-2.6975019381751725e-08	-0.05918201388130077	0.020469106359733598	3.650755703525891e-07	0.08068370718253903
145.80534282167926	0.0	19.632473924210768	0.0004106567461753203	0.07574310007306205	-1.0873911636867645e-08	-0.05791427338295488	0.0207111569318859	2.808289752320677e-07	0.0787229616213392
146.15785484552828	0.0	19.679618486668858	0.0015740833810214958	0.07446397168371297	5.705841983647282e-09	-0.05667185648112102	0.020956937994176587	1.93578222084549e-07	0.07684109921081861
146.51036686937726	0.0	19.726763049126944	0.001818547346834428	0.07317047822452107	2.269940362115257e-08	-0.05543047826835758	0.021204526375449655	1.0400519878339143e-07	0.07497943930271647
146.86287889322625	0.0	19.773907611585035	0.0011225512405684615	0.07186261969548624	4.010677327564958e-08	-0.05419013874466449	0.021453922075705133	1.2109905328587923e-08	0.07313798189703255
147.21563068072237	0.0	19.819107283769537	0.0005357588555015829	0.0705469914811322	5.790962368405502e-08	-0.05296035857007601	0.02170566754352782	-8.212973892314392e-08	0.071337820891969
147.5690382310538	0.0	19.858987605937422	0.001831178398865488	0.06923642028366113	7.603630377055035e-08	-0.05175755642455007	0.021960529890878558	-1.7852839410578493e-07	0.06961360937528492
147.92244578138525	0.0	19.898867928105318	0.002065720485853741	0.0679136665789207	9.451391978915269e-08	-0.050555635154459315	0.022216924961486605	-2.768964844069101e-07	0.06790653088581608
148.2758533317167	0.0	19.938748250273207	0.0012152178051735118	0.06726921012768841	1.367178973792551e-07	-0.05008139138945836	0.022683635341870827	-4.5283113746958115e-07	0.06726802419603863
148.62950689499905	0.0	19.976205266364428	0.0005843178681325843	0.06681646434696754	1.863186123085088e-07	-0.049817804826196396	0.023212423496349402	-6.534812867105997e-07	0.06695256121167993
148.98371882843546	0.0	20.008162158246076	0.001751607278938466	0.06637623754665962	2.365855592395597e-07	-0.04957710730170456	0.023745080009503296	-8.569707199747196e-07	0.06669609132137747
149.33793076187183	0.0	20.040119050127725	0.0018871608395664228	0.06592555434671679	2.8763430562883127e-07	-0.04933029016578903	0.02428012776966432	-1.0636244732260627e-06	0.0664389351856321
149.69214269530823	0.0	20.072075942009374	0.0010520659319069564	0.06546441474713897	3.394648514763314e-07	-0.0490773534184498	0.024817566776832566	-1.273442546464661e-06	0.06618109280444384
150.0465672728733	0.0	20.101344740228463	0.0006040029897703235	0.0650062793990691	3.918493536202368e-07	-0.04883376262793209	0.025357529152229524	-1.4855723554051276e-06	0.06595185931887766
150.40139815460782	0.0	20.125477334266083	0.0016547661599038974	0.06456511781140903	4.444524143619923e-07	-0.04861460376805633	0.025899744034728493	-1.6987197763467407e-06	0.06577802677098299
150.75622903634232	0.0	20.149609928303704	0.0017470706173080162	0.06411604616208669	4.976468910918489e-07	-0.048390815541916786	0.02644376784878484	-1.914260943423931e-06	0.06560367509184253
151.11105991807685	0.0	20.173742522341332	0.0009367197250332274	0.06365906445110195	5.514327838098158e-07	-0.04816239794951339	0.026989600594398647	-2.1321958566367353e-06	0.06542880428145625
151.46607563935217	0.0	20.194556266227313	0.000695058799673747	0.0632130287945992	6.05355739802571e-07	-0.04794973136316773	0.02753679143068775	-2.3507712834938004e-06	0.06528970634350419
151.82139185747369	0.0	20.20997449787975	0.0017751448029200304	0.06279170511213725	6.589843709322374e-07	-0.047766719510335974	0.02808460835719535	-2.56829484460452e-06	0.06520921892766146
152.17670807559523	0.0	20.22539272953218	0.0018528300560507875	0.06259767760141063	-6.024002966444147e-07	-0.04780007301509274	0.029211289009492453	2.273608652015716e-06	0.06552103147650586
152.53202429371677	0.0	20.240810961184618	0.00096259802537151	0.06263485200195183	-3.2074212151176554e-06	-0.04805287565018594	0.03092852320121405	1.2284986156999122e-05	0.06623057315672685
152.88747731169363	0.0	20.25071180747162	0.0010823695608433372	0.06270331053510839	-5.824836911141543e-06	-0.048339463256918014	0.03264957378190004	2.2343985870978346e-05	0.06700150774874657
153.2431210303992	0.0	20.252921348767497	0.0026251900012257065	0.06281856419434957	-8.440546952870179e-06	-0.04867514266096333	0.0343674600571909	3.239651249729409e-05	0.06785674274930431
153.59876474910482	0.0	20.25513089006338	0.002715179676365714	0.0629333615929596	-1.1058976826594806e-05	-0.04901053622680914	0.036086561881526084	4.245947754577815e-05	0.06871216143282871
153.9544084678104	0.0	20.257340431359257	0.0013565852936264617	0.06304770273093853	-1.3680126532314966e-05	-0.04934564395445551	0.03780687925490528	5.2532881016428795e-05	0.0695677637993198
154.3092040217113	0.0	20.24198573250457	0.0030907824967493715	0.06327809056709395	-1.6230433112796406e-05	-0.049797641773394095	0.03948807172066417	6.233451341451624e-05	0.07060882097238126
154.6629800811325	0.0	20.205518809027488	0.007124511673798826	0.06365383673003097	-1.8660593499885462e-05	-0.05039381906272407	0.041106597058946336	7.167517855271329e-05	0.07187043168475052
155.01675614055372	0.0	20.16905188555041	0.007285076338531649	0.0640370736083732	-2.104610070841742e-05	-0.05099468913608615	0.04270516597028791	8.084446960250201e-05	0.07312902675927099
155.37053219997492	0.0	20.13258496207333	0.0034881917668590197	0.06442780120212063	-2.3386954738391863e-05	-0.051600251993480346	0.04428377845468863	8.984238656388084e-05	0.07438460619594256
155.7250858035417	0.0	20.121004063644456	0.007015232307099127	0.06465060587096451	-2.584502141847191e-05	-0.052037683781005574	0.045924696895848965	9.928997060011083e-05	0.0753777215960238
156.08044836175364	0.0	20.135314512574237	0.021992045013553896	0.0648632005224436	-2.7337604379722005e-05	-0.05288509397859988	0.046896346728713637	0.00010502555705078322	0.07771726584531277
156.43581091996555	0.0	20.149624961504017	0.03790771500250696	0.06566842508097404	-2.4945736432042913e-05	-0.055761061883835	0.04527914944984251	9.583119952048074e-05	0.08561630352637005
156.79117347817746	0.0	20.163935410433798	0.05493710316097462	0.06648020344584299	-2.253668052144306e-05	-0.058658553735008265	0.04364612704887657	8.657084438164789e-05	0.09357387413542449
157.14020961288935	0.0	20.219507638905203	0.07376373747921249	0.06701793288975022	-2.0354393646642198e-05	-0.06133388739859648	0.04209308023082012	7.818053044986333e-05	0.10128450685676213
157.48353548911302	0.0	20.31232293636592	0.0931007213642841	0.06733526956090427	-1.830607126259383e-05	-0.06389725834088616	0.040547108749703686	7.0303978656184e-05	0.10901308058597643
157.8268613653367	0.0	20.405138233826634	0.11214919443633349	0.06769367340208438	-1.6150046429127642e-05	-0.06659550167668521	0.038901974591788235	6.201387558087765e-05	0.1171084307473921
158.1701872415604	0.0	20.497953531287344	0.13098715847626904	0.06809314441329062	-1.3886319146243453e-05	-0.06942861740599382	0.037157677757073626	5.331022122394345e-05	0.12557055734100983
158.51174243899024	0.0	20.596924347316328	0.14982399725583725	0.06849466615664682	-1.1544076729993285e-05	-0.07236960270179194	0.03532041848181722	4.430500678476731e-05	0.13437942282361626
158.8519095428363	0.0	20.700720677638948	0.16875781511533114	0.06891013022536853	-9.107934846424857e-06	-0.07543565997580878	0.033380498972869106	3.493917765715715e-05	0.1435702711402756
159.19207664668238	0.0	20.804517007961575	0.18778385784515994	0.06937109760419657	-6.552456326025365e-06	-0.07865115877069881	0.03133070507933341	2.5115124790223323e-05	0.15316751565427694
159.5322437505285	0.0	20.9083133382842	0.20698880915806386	0.06987756829313105	-3.877641168794779e-06	-0.08201609908646201	0.0291710368012101	1.4832848183965701e-05	0.16317115636562035
159.8708857985333	0.0	21.016902816546285	0.2266126266427013	0.07040253016290077	-1.0974260962271656e-06	-0.08552052040055651	0.026897970815558107	4.1458024438250396e-06	0.17359570227676627
160.20848952951982	0.0	21.128755655363456	0.24672034267785908	0.07009218112050865	-4.627389236797577e-09	-0.08687719080581113	0.025907607211025044	-6.716922179952441e-08	0.17853756772066412
160.54609326050635	0.0	21.24060849418062	0.2671180240163353	0.06927652652520773	-4.518646347129782e-09	-0.08687623120501117	0.02574673963108666	-8.581600182877582e-08	0.17996164822164618
160.88369699149285	0.0	21.352461332997787	0.28758384034212003	0.0684868804631244	-4.38877164222875e-09	-0.08691898104479104	0.025566471856679242	-1.0225275159016048e-07	0.1814675541170614
161.2202826606026	0.0	21.467315551628094	0.30803356493219525	0.06771167276403554	-4.2346642160553805e-09	-0.08701227532341747	0.02535686503883355	-1.164006666133277e-07	0.18309668899145148
161.55626704997394	0.0	21.583942421714873	0.328239662584586	0.06695643817479899	-4.056945121643257e-09	-0.08715465708013262	0.02512139273516985	-1.2822419471451206e-07	0.1848346134964004
161.89225143934527	0.0	21.700569291801653	0.3479510477927293	0.06622819212188677	-3.857297963920157e-09	-0.08734239525179567	0.024865789236534656	-1.377544184734973e-07	0.18665744658160013
162.22823582871663	0.0	21.817196161888432	0.3670095725997168	0.06552693460529882	-3.6357227428860714e-09	-0.08757548983840666	0.02459005454292798	-1.4499133789028436e-07	0.18856518824705065
162.56382710894553	0.0	21.934946344037993	0.3853435518270417	0.06484880176980728	-3.390689735125508e-09	-0.08785727029719637	0.024290123436780872	-1.4986617952453067e-07	0.19057476683926872
162.8992174540188	0.0	22.053270699768845	0.40282712708514634	0.06419596864128319	-3.122714256454839e-09	-0.08818658990747613	0.023967769778772855	-1.5238824820855955e-07	0.19267880709608026
163.23460779909206	0.0	22.1715950554997	0.41935898513865366	0.06357046845078537	-2.832530889652961e-09	-0.08856184472757869	0.023625028030875888	-1.5258774760955916e-07	0.19486883945464967
163.5699981441653	0.0	22.289919411230557	0.4349025194469684	0.06297230119831382	-2.520139634719873e-09	-0.088983034757504	0.023261898193089985	-1.5046467772753053e-07	0.19714486391497688
163.90576663378368	0.0	22.407163946896972	0.4493897415939832	0.06240474372659474	-2.1873661759422117e-09	-0.08944622460649401	0.02288261430841031	-1.4612231013616767e-07	0.19948923215420894
164.24170179622348	0.0	22.523932535841233	0.4629104113650314	0.06168375668804254	-1.4667569590404218e-09	-0.08949331824109494	0.02252959759309811	-1.3142542377513015e-07	0.20074998605131794
164.57763695866325	0.0	22.640701124785494	0.4757229428767235	0.06092389110157875	-5.57775051693588e-10	-0.0894002526210838	0.02217543555743687	-1.1461786176569988e-07	0.20160669828452596
164.91357212110304	0.0	22.757469713729755	0.4881109488675586	0.060196902372011196	4.004615848183094e-10	-0.08934528590906426	0.021803008601277728	-9.940306334120049e-08	0.20250606952668204
165.2503944347821	0.0	22.871641594436554	0.5001249057272289	0.05950873504269789	1.4030166831736572e-09	-0.08931575504415248	0.021423378170534628	-8.594385203628411e-08	0.20339962027154151
165.58755221855807	0.0	22.984831547907525	0.5120688406783872	0.05885492318094553	2.451807396478909e-09	-0.08931864317177568	0.021030093004699137	-7.410170623711385e-08	0.20431649966848953
165.92471000233402	0.0	23.0980215013785	0.5241646588048275	0.05823309657784541	3.5485170838259137e-09	-0.08935859699063348	0.020619038250723497	-6.38091293458425e-08	0.20527488119075826
166.26186778610997	0.0	23.211211454849476	0.5365187945889566	0.0576432552333975	4.6931457452147274e-09	-0.08943561650072585	0.020190213908607743	-5.5066121362469843e-08	0.20627476483834756
166.60104055890295	0.0	23.31814721030919	0.548709949356772	0.05709668974627262	5.86880805790795e-09	-0.08951572461935262	0.019771985421691923	-4.811354614858292e-08	0.2071956813185421
166.94086256520586	0.0	23.423067850603385	0.5610836689477419	0.05658390107881692	7.084182821592304e-09	-0.08961981139334153	0.01934615246756275	-4.269870053453399e-08	0.20811688883901133
167.2806845715088	0.0	23.527988490897574	0.5737710701685044	0.056100995207158416	8.344326737581313e-09	-0.08975852744747122	0.018903717960212937	-3.873156718543659e-08	0.2090768704569353
167.6205065778117	0.0	23.63290913119177	0.5867060751968857	0.055647972131297144	9.649239805874894e-09	-0.08993187278174182	0.018444681899642414	-3.621214610129041e-08	0.21007562617231448
167.96431940833762	0.0	23.72357590923115	0.5987945113047574	0.05524365554689799	1.0947808195755101e-08	-0.09005455154972	0.01803773838429836	-3.5331682720217894e-08	0.21083072690588814
168.3092180099435	0.0	23.810364683492473	0.6107412060991005	0.05476721556886704	1.0118340402397139e-08	-0.08970106795951219	0.01767710923690209	-3.460711880519862e-08	0.21016345721467503
168.65411661154937	0.0	23.897153457753795	0.6226284461364658	0.05428531529121403	9.666028490854472e-09	-0.08929201465624396	0.017305774507632488	-3.173361245206073e-08	0.20931241530667516
168.99901521315527	0.0	23.983942232015117	0.6342810994104818	0.053808803012399015	9.871318095824664e-09	-0.08888150210329039	0.01691881832339853	-2.666592588879313e-08	0.2084335728213373
169.34545395244962	0.0	24.064301507997868	0.6453191247747135	0.05324886315040525	-2.7948263894965136e-07	-0.08748684007457361	0.01683771147681645	1.0964360862661996e-06	0.20464925197377645
169.69224234281342	0.0	24.143201121662013	0.6559603486016504	0.05267664529820727	-6.221410076536996e-07	-0.08588601774112377	0.016831447190921868	2.4247630225393393e-06	0.20025576387773492
170.03903073317724	0.0	24.222100735326165	0.6662130973930933	0.05211256748334109	-9.510014350692927e-07	-0.08430400641831456	0.01682882540072409	3.699863287595334e-06	0.19591374954717358
170.38581912354107	0.0	24.301000348990314	0.6760465780821148	0.05155662970580672	-1.2660639211963845e-06	-0.08274080610614615	0.016829846106223113	4.921736881434002e-06	0.19162320898209292
170.73088748730504	0.0	24.387053048442763	0.6855086445586852	0.05099131904706816	-1.597124504342654e-06	-0.08113979901773283	0.016830029942155232	6.20597872445876e-06	0.18723153758136105
171.07563507763297	0.0	24.47443975046644	0.6944901986933247	0.05043164029240382	-1.9186591986251602e-06	-0.07954879557176567	0.01683336005039954	7.453595705533432e-06	0.18286767286850175
171.4203826679609	0.0	24.56182645249012	0.7030306194505362	0.049880924128336925	-2.2250016654257623e-06	-0.07797850399482618	0.016840700729646482	8.642607443961362e-06	0.17856048336089103
171.7651302582888	0.0	24.649213154513802	0.7112076539907849	0.04933917055486748	-2.5161519047444786e-06	-0.07642892428691445	0.016852051979896053	9.773013939742624e-06	0.17430996905852883
172.10943523407167	0.0	24.738325132325542	0.7191069324244638	0.048789952674700265	-2.7690822766547497e-06	-0.07479333582276587	0.016893178681523513	1.0753170168002807e-05	0.169818153732023
172.45367382932372	0.0	24.827695856091083	0.7268206169992216	0.048222359448527874	-2.929119289794958e-06	-0.07298025806213701	0.016996863608267052	1.1366980050779263e-05	0.16482840045893496
172.79791242457577	0.0	24.917066579856623	0.7344129727552758	0.04766393799397892	-3.0512389223024412e-06	-0.07119558010588517	0.017106643821393475	1.1832016783436978e-05	0.15991882808242927
173.14215101982782	0.0	25.006437303622164	0.7419365549218228	0.04711468831105342	-3.1354411741772e-06	-0.06943930195401034	0.017222519320902775	1.2148280365975954e-05	0.15508943660250596
173.48656817078125	0.0	25.095117082835696	0.7494434766961714	0.04657600514223845	-3.179596973741409e-06	-0.06771598438311112	0.017344818714065485	1.2307528857103278e-05	0.1503524310584275
173.8310062228212	0.0	25.18371598257152	0.7569698290027607	0.04604658694175815	-3.185875837185977e-06	-0.06602138352723934	0.01747320529487388	1.2318175963507626e-05	0.14569642255502574
174.17544427486118	0.0	25.272314882307352	0.7645528112709123	0.04552626657194836	-3.154543002189957e-06	-0.06435495352231164	0.01760763802310904	1.2181249298597906e-05	0.14111994854616483
174.5198823269011	0.0	25.360913782043184	0.7722291855399079	0.045015044032809176	-3.085598468753395e-06	-0.06271669436832833	0.017748116898770934	1.1896748862374295e-05	0.1366230090318457
174.86452033913469	0.0	25.448731322419434	0.780042430053007	0.044514348524487386	-2.9772557969341956e-06	-0.061111305340617074	0.017894912983610862	1.1457791684731439e-05	0.1322181119961821
175.20917582764235	0.0	25.536480572951817	0.7880244600397021	0.04402279747622326	-2.8314689183401617e-06	-0.05953425548278305	0.018047726883156243	1.0871928949431853e-05	0.12789315829460954
175.55383131615005	0.0	25.624229823484207	0.7962158991957979	0.04354026270008761	-2.6484075156715254e-06	-0.057985123935082684	0.01820653272874931	1.0139815384744296e-05	0.12364702609151855
175.89848680465778	0.0	25.711979074016593	0.8046619987480023	0.04306674419608044	-2.4280715889282625e-06	-0.05646391069751602	0.018371330520390056	9.26145099066868e-06	0.11947971538690938
176.2430036640917	0.0	25.800270926705032	0.8134093049298065	0.042643550576247705	-9.803704288001571e-07	-0.05509556282774321	0.01877388900224026	3.975875070145404e-06	0.11588329121158181
176.5875121067697	0.0	25.888595723059375	0.8225009079809142	0.04223939364764851	1.1462903161721331e-06	-0.05380252475553192	0.019292351004103345	-3.7489042693217505e-06	0.11256098199836337
176.93202054944777	0.0	25.976920519413717	0.831959207057009	0.04183538886223949	3.4794066468958935e-06	-0.05253052047936693	0.019832113052595857	-1.2220279066675347e-05	0.10930215453125951
177.27652899212578	0.0	26.065245315768063	0.8417917795421804	0.0414315362200207	6.018978563370401e-06	-0.05127954999924851	0.020393175147717595	-2.1438249321912745e-05	0.10610680881027079
177.62066142212277	0.0	26.155023511874976	0.8519948424900328	0.041025347598240405	8.76831261483285e-06	-0.05004215516615488	0.0209756006162001	-3.141433831620375e-05	0.10295523536842667
177.96478002863492	0.0	26.2448551398221	0.8625472120864967	0.040619222025496976	1.1727450129225656e-05	-0.04882584864137372	0.02157966131894935	-4.214911357989356e-05	0.0998674111270052
178.30889863514705	0.0	26.334686767769217	0.8734082956916934	0.04021325101642671	1.48963277813922e-05	-0.04763091054440557	0.022205360935939458	-5.364236206981443e-05	0.09684407857820557
178.65301724165917	0.0	26.424518395716337	0.8845202551975389	0.0398074345710296	1.8274945571332742e-05	-0.04645734087525029	0.022852699467170487	-6.589408378596733e-05	0.09388523772202745
178.99616893944645	0.0	26.517974444638188	0.8958527116650008	0.03939559959695313	2.1887067917668653e-05	-0.045288204319592164	0.02352341076514578	-7.898912966074159e-05	0.09094672587927215
179.339305798067	0.0	26.61148611761808	0.9072859272881629	0.038983830276434706	2.571720421886234e-05	-0.044140982068547656	0.0242166035700127	-9.287255228540212e-05	0.08807445988496464
179.68244265668753	0.0	26.70499779059797	0.9187051301408006	0.03857222139242484	2.9765049990349385e-05	-0.04301594016481066	0.024932257486077088	-0.0001075432672522304	0.08526913602385107
180.025573054389	0.0	26.79853235672925	0.9299781115926127	0.03817216554645464	3.5238623373014805e-05	-0.04195569081004209	0.02576354399881274	-0.0001269945779186379	0.08270891609788472
180.36696970755384	0.0	26.898210147311396	0.9411127108981463	0.03790292930956427	5.652601527497064e-05	-0.04142786291833543	0.027807012171702283	-0.0001988126951625867	0.08238122503481277
180.70836636071863	0.0	26.997887937893548	0.9518858001607184	0.03763360799851364	7.918692077404395e-05	-0.04093955197406441	0.02993717091388542	-0.00027525436331583196	0.0821774657546834
181.04976301388348	0.0	27.097565728475693	0.962189731335353	0.03736420161330276	0.00010322133987023958	-0.040490757977229085	0.03215402022536263	-0.00035631958237839	0.08209763825749705
181.39111464104104	0.0	27.197391967920126	0.9719239313688325	0.037094441016311167	0.000128632341044189	-0.040080879289430535	0.03445774557703191	-0.0004420191124722617	0.08214013108735689
181.73036079388302	0.0	27.30415986810272	0.9812369130472025	0.03681200732603339	0.00015560548323002317	-0.03968368290622961	0.03685968349107436	-0.0005329973062806762	0.08223527502628131
182.069606946725	0.0	27.41092776828532	0.9898085923368514	0.03652948308425713	0.00018404057007696427	-0.03932854769406327	0.03935389338204748	-0.0006288967295413419	0.08246232986058716
182.40885309956698	0.0	27.517695668467915	0.9975285286935579	0.03624686829098242	0.00021393760158501177	-0.03901547365293158	0.04194037524995123	-0.000729717382254257	0.08282129559027449
182.7480048834155	0.0	27.62475162002032	1.0043025658900433	0.035963641944242855	0.0002453091533860145	-0.03874349661752019	0.044619893620579706	-0.0008355024354098312	0.08330966126129388
183.08466340633757	0.0	27.7394179868042	1.0104052293702648	0.035666556909587144	0.00027852474383340556	-0.03848954115254451	0.04741502879251037	-0.000947517087842548	0.08386809475400973
183.42132192925962	0.0	27.85408435358807	1.015387523742831	0.035369375366407274	0.00031329845451148774	-0.038280413897048476	0.05030850615057588	-0.0010647767179911922	0.08456711703931853
183.75798045218167	0.0	27.968750720371947	1.0191375570215195	0.03507209731470323	0.00034963028542026384	-0.03811611485103207	0.053300325694776496	-0.0011872813258557739	0.0854067281172203
184.0945339443822	0.0	28.08371670235952	1.021567869123616	0.03495640045852882	0.00037074028813250136	-0.03830488073992287	0.055085785572839295	-0.0012584188801701274	0.08692457553276713
184.42910082727497	0.0	28.20434977244768	1.023025025272808	0.035313174815788675	0.00034891807621408445	-0.039344851596596675	0.05348615065712091	-0.00118468038168248	0.0899697077815953
184.76366771016774	0.0	28.324982842535846	1.0233007398821785	0.03570122804147925	0.00032522464824349744	-0.040487412096744425	0.051688853472835534	-0.0011045672574265721	0.09324105687888044
185.09823459306048	0.0	28.445615912624007	1.0225654558085575	0.03612056013560049	0.0002996600042207428	-0.04173256224036605	0.049693894019983344	-0.0010180795074024107	0.09673862282462226
185.43263065144188	0.0	28.566706808076564	1.0210485911627734	0.03657024034253882	0.0002722696524939011	-0.043079221283876354	0.047503937188739624	-0.0009253713562403432	0.10045986481663327
185.76444564987247	0.0	28.69471518102148	1.0194883676326927	0.037038006784267934	0.00024364361031062963	-0.04451499581316164	0.04515108174591957	-0.0008284414072635809	0.1043752296236911
186.096260648303	0.0	28.82272355396639	1.0175925726368482	0.03753869142699949	0.0002130482812185046	-0.04605873673234778	0.04259020451031287	-0.0007248027369396924	0.10852866735541834
186.4280756467336	0.0	28.950731926911303	1.0156019081695735	0.03807229427073372	0.00018048366521751353	-0.04771044404143533	0.03982130548191855	-0.0006144553452686361	0.11292017801181639
186.75970382510073	0.0	29.079210657349066	1.0138158259002754	0.038638042640904244	0.00014598546954703443	-0.04946962883437361	0.036845917715584264	-0.0004975200212608667	0.11754849785181341
187.08892225333105	0.0	29.213756423692836	1.0130257627513972	0.03922749858457951	0.00010993334424011873	-0.0513329530514938	0.03367750570638328	-0.0003752799482220051	0.12240405697426655
187.4181406815614	0.0	29.3483021900366	1.0129724364722863	0.03985128311118842	7.18275578304697e-05	-0.05330886948376804	0.030292159200514715	-0.0002460437183419399	0.12750788926748483
187.7473591097917	0.0	29.48284795638037	1.0139318684222465	0.04050939622073078	3.166811031809816e-05	-0.055397378131195885	0.02668987819797937	-0.00010981133162070797	0.13285999473146703
188.0765995741161	0.0	29.617339643923312	1.016175967173109	0.041038106254493764	-7.017777791267339e-07	-0.057150116345475274	0.0237808317528349	-2.6794953445431773e-07	0.13747622563439144
188.40609438770645	0.0	29.751207132674455	1.019779895131133	0.041038715487165256	-1.3343036834425343e-06	-0.05747484158787895	0.02376545428310408	7.471893610362834e-07	0.1389802732306845
188.73558920129682	0.0	29.885074621425602	1.0246459450894494	0.041037257127184326	-1.8831616942875541e-06	-0.057814425929478136	0.023705196268864512	1.6314003502192333e-06	0.14055208273017325
189.0650840148872	0.0	30.01894211017675	1.0305762730237493	0.04103373117455097	-2.3483518116617335e-06	-0.05816886937027278	0.02360005771011616	2.3846834330944405e-06	0.14219165413285773
189.39467964909988	0.0	30.152558232527156	1.0373452490919743	0.041028244182933715	-2.7304259417187694e-06	-0.058537470884275355	0.023451189726744707	3.007741605800752e-06	0.14389743116866105
189.72535631801873	0.0	30.283479114590424	1.0444935309064511	0.0410218528657588	-3.0355900193116566e-06	-0.05891326564690672	0.023270234561103286	3.508724289990826e-06	0.14565360282956552
190.05603298693757	0.0	30.414399996653685	1.0521066848493956	0.04101343221352892	-3.258634348125305e-06	-0.05930364456413309	0.023045229295868778	3.881201685853892e-06	0.14747628256467132
190.3867096558564	0.0	30.545320878716954	1.0599922363943284	0.04100298222624407	-3.3995589281596874e-06	-0.05970860763595451	0.022776173931041123	4.125173793389912e-06	0.14936547037397863
190.71760215729515	0.0	30.675681049341087	1.0679029897502557	0.040990754140422254	-3.4601762612446016e-06	-0.06012648512149872	0.022465945700045307	4.243119968153278e-06	0.15131719017635026
191.05071595771565	0.0	30.800270505945157	1.0751003684036888	0.04097912805723437	-3.4591757510982983e-06	-0.060541433963294575	0.022142270516941332	4.260969742311764e-06	0.15329300041393162
191.38382975813613	0.0	30.92485996254922	1.0820325172523972	0.04096555654588797	-3.3794508966133693e-06	-0.060970363948789616	0.021776366573276487	4.1556275350287865e-06	0.15533256881702803
191.71694355855664	0.0	31.04944941915329	1.0885358976665946	0.04095003960638304	-3.2210016977898238e-06	-0.061413275077983887	0.021368233869050738	3.927093346304363e-06	0.15743589538563973
192.05035660478137	0.0	31.173203414243986	1.0943713315462391	0.040911090275304915	-2.935594353260512e-06	-0.0618278704420768	0.020929358228118235	3.5503317614678862e-06	0.15936265882198491
192.38681933068875	0.0	31.288443037648697	1.0986506387093105	0.040747511249224364	-2.3835695174529053e-06	-0.06199705328053752	0.02053547786485819	3.0046708013220047e-06	0.15993567491906524
192.72328205659613	0.0	31.403682661053416	1.102240644735258	0.04057784957733529	-1.8748048948412045e-06	-0.06216778707251119	0.020100400298910855	2.464254729751142e-06	0.1605343786837036
193.05974478250351	0.0	31.518922284458135	1.1051300038094378	0.040402105259637694	-1.4093004854254364e-06	-0.0623400718179978	0.019624125530276273	1.9290835467553388e-06	0.16115877011589982
193.39664217607225	0.0	31.63279020005087	1.1071917980980608	0.040220863695061226	-9.914415465095901e-07	-0.06250917723615024	0.019115364299424432	1.4069824366559125e-06	0.16179509263876596
193.73807005198307	0.0	31.73236099033838	1.1073424488031587	0.04004004856758975	-6.596512484268933e-07	-0.06263042661241218	0.01865895702906494	9.713356371167263e-07	0.1623119987629027
194.07949792789395	0.0	31.831931780625887	1.106962062548804	0.039853900279430074	-3.6579077161626887e-07	-0.0627530358384113	0.01816642875006043	5.402874669311175e-07	0.16285142739831215
194.42092580380483	0.0	31.93150257091339	1.106081540421647	0.03966241883058222	-1.0986011607773092e-07	-0.06287700491414765	0.017637779462410894	1.1383792609908542e-07	0.16341337854499438
194.7621309175287	0.0	32.031802068555876	1.1047966855959068	0.03940185125295947	7.995818248322422e-08	-0.06268811138965158	0.017260945012093715	-2.9946555644639245e-07	0.16306590996431095
195.10087380871641	0.0	32.140156073545334	1.103608064596044	0.03898262336698313	2.5651709021174876e-07	-0.06176777927859149	0.01728109530415913	-9.02185600616661e-07	0.16055634291793178
195.43961669990415	0.0	32.24851007853479	1.1020437549525781	0.038563349600820626	5.13300485639797e-07	-0.060851509858015185	0.017303087685698576	-1.7773291143066662e-06	0.15805877124622209
195.77835959109188	0.0	32.35686408352424	1.1002179434884058	0.038144029954472	8.503083687673525e-07	-0.05993930312792273	0.017326922156712048	-2.924896097516353e-06	0.15557319494918204
196.1170706404778	0.0	32.465316974489475	1.0982742894255826	0.037685934137064885	1.1643536818301455e-06	-0.05892032179410833	0.017375968912534227	-3.989735498384662e-06	0.1525510493503075
196.45539166744456	0.0	32.57498109551195	1.09640127423373	0.037156451099668586	1.253675580661203e-06	-0.057697021412779145	0.017471482051691904	-4.285211895488603e-06	0.14851764162683
196.7937126944113	0.0	32.684645216534435	1.0946193008219236	0.036633507233027836	1.255674506272868e-06	-0.05648917619921083	0.01757091405559316	-4.288304808585407e-06	0.14454502964054006
197.1320337213781	0.0	32.79430933755691	1.093000255867978	0.036117102537142634	1.1703504586650847e-06	-0.055296786153403436	0.017674264924238008	-3.999014237674887e-06	0.14063321339143775
197.47037366021226	0.0	32.903914847988915	1.0915967407650704	0.03560737138220346	9.976174492226107e-07	-0.054120193703212194	0.017781588176056903	-3.4170467183317658e-06	0.13678314942924508
197.80898584480218	0.0	33.01267662976324	1.0904043971322606	0.035106088045497176	7.366665222534448e-07	-0.052963925150197794	0.017893585328282276	-2.5396192959030002e-06	0.13300741247812128
198.1475980293921	0.0	33.12143841153756	1.089481142593942	0.034611295655163694	3.890366022639071e-07	-0.051822997787812734	0.01800947244482326	-1.3719646281667166e-06	0.12929202291423234
198.486210213982	0.0	33.23020019331188	1.0888181696963521	0.03412299421120303	-4.5272310745954967e-08	-0.05069741161605704	0.018129249525679843	8.591728487692719e-08	0.12563698073757823
198.82482507379552	0.0	33.33895363933516	1.0883813513110323	0.033641201941562233	-5.662605145562941e-07	-0.04958721324718196	0.018252923639460097	1.8340282289044534e-06	0.12204241377288426
199.16348946454133	0.0	33.44755275152424	1.088102360297831	0.03316623352545498	-1.1738720961731355e-06	-0.04849320826120179	0.0183806158473177	3.872194802877503e-06	0.11851051827168968
199.50215385528713	0.0	33.556151863713325	1.0879020549318867	0.03269774734679181	-1.8680463732587933e-06	-0.04741452388251412	0.018512192800310235	6.20019922310245e-06	0.11503888918939906
199.84081824603294	0.0	33.6647509759024	1.0876647269658601	0.03223574340557275	-2.6487833458132554e-06	-0.04635116011111899	0.018647654498437707	8.818041489579265e-06	0.1116275265260125
200.17947747255417	0.0	33.773366154279344	1.0872499056137537	0.03178964389170016	-5.281320248118832e-06	-0.045242585200532766	0.01887731234531163	1.741112957084023e-05	0.10809076081293649
200.5179908040712	0.0	33.88243522007132	1.086580308042288	0.03135867504706841	-9.876243506550857e-06	-0.04409849726730758	0.019195027799409452	3.2337196582897915e-05	0.10445842775481438
200.85650413558818	0.0	33.9915042858633	1.0855721889049161	0.030935782743992515	-1.4964356637592938e-05	-0.042976481368362913	0.019522504330873297	4.8864756474122545e-05	0.10090603168984554
201.19501746710523	0.0	34.10057335165528	1.0841725686024357	0.030520966982472423	-2.054565964124621e-05	-0.041876537503698616	0.01985974193970326	6.699380924451779e-05	0.09743357261802943
201.5335190097187	0.0	34.20967852069197	1.082332472235246	0.030114157104693434	-2.6620414303105883e-05	-0.04079849080925778	0.020206712568966674	8.672520888828383e-05	0.09404059505286019
201.87116675898176	0.0	34.32139841213956	1.080185356318779	0.02971039524639342	-3.321273848711193e-05	-0.039730094461389545	0.02056151957070043	0.00010813755127392656	0.09069544508458444
202.2088145082448	0.0	34.433118303587136	1.0775049048882535	0.02931488506900801	-4.0308947338947984e-05	-0.03868424877864931	0.02092629931822523	0.000131186114823602	0.08743196553875501
202.54646225750793	0.0	34.544838195034714	1.0742434663552187	0.028927626572537137	-4.790904085861511e-05	-0.037660953761036974	0.02130105181154114	0.00015587089953731354	0.08425015641537148
202.88411000677098	0.0	34.6565580864823	1.0703553019458896	0.02854861975698085	-5.6013019046111565e-05	-0.03666020940855264	0.02168577705064802	0.00018219190541505562	0.08115001771443435
203.22004555251982	0.0	34.77332426666057	1.0661909761957629	0.02816884733655575	-6.470697437007726e-05	-0.03565992503966641	0.022077476794118405	0.00021042924218546408	0.07807640235105327
203.55596270822494	0.0	34.89014464686231	1.061334304035627	0.027797560479589173	-7.392593510638914e-05	-0.0346828579163517	0.022479516795424433	0.00024037138958703371	0.07508713850857482
203.89187986393006	0.0	35.00696502706404	1.0557376503598042	0.027434857803526363	-8.366908445203566e-05	-0.03372925013313545	0.02289193139250844	0.00027201568938834157	0.07218283598343563
204.22779701963515	0.0	35.12378540726578	1.049362091765232	0.027168544136421485	-8.350975858452301e-05	-0.032976356818148506	0.023728002076123276	0.0002715776732252398	0.07009883177956276
204.56197233510082	0.0	35.245494529482016	1.0426293044591854	0.02694468758431881	-7.812199938218136e-05	-0.03231987574804744	0.024789647206215838	0.0002542078153650785	0.06842225965720283
204.89607749334382	0.0	35.367400558713065	1.035160013395972	0.02673050283942482	-7.208994302583729e-05	-0.031698509806986394	0.02589097227282032	0.00023475926453240094	0.06686256145994393
205.23018265158686	0.0	35.489306587944114	1.0269441885444877	0.026526347717453134	-6.5406580503667e-05	-0.031113113046608614	0.027032186728052427	0.00021320925458952712	0.06542189503117406
205.56428780982986	0.0	35.61121261717517	1.0179851475948665	0.026332222218403735	-5.807191181567221e-05	-0.030563685466914105	0.028213290571911978	0.00018955778553646235	0.0641002603708932
205.89603158513793	0.0	35.73939209960546	1.008893625856228	0.026137840274389545	-5.0240213912180544e-05	-0.030027051644319513	0.029431639303661803	0.00016430748520509	0.0628422327139639
206.22759538569582	0.0	35.868049718451346	0.9991210740160088	0.025953162135224236	-4.173921717767324e-05	-0.029526263704347154	0.030691497978369918	0.00013689804142097135	0.06170444983270562
206.5591591862537	0.0	35.996707337297224	0.988599509431027	0.025778988580043717	-3.255607113688364e-05	-0.029063148295264418	0.03199313503659111	0.00010728762219793198	0.060691335567469876
206.89072298681157	0.0	36.12536495614311	0.9772981913799327	0.025615319608847976	-2.2690775789812786e-05	-0.028637705417071252	0.0333365504783253	7.547622753597538e-05	0.059802889918256524
207.21931923118524	0.0	36.261395353502515	0.9659826438697472	0.025451067085633553	-1.2264720026429648e-05	-0.028226346870749045	0.034722002780264376	4.1861261158885775e-05	0.05898600703816993
207.54755954758622	0.0	36.39831004013793	0.9539251971297061	0.025296521255683768	-1.1365260163672188e-06	-0.027851739664297548	0.03615138038520859	5.981512728698253e-06	0.05829373726775798
207.8757998639872	0.0	36.535224726773336	0.940958346199189	0.025153042127299054	1.0710320232219937e-05	-0.027516820907875085	0.03762477200373768	-3.221698895909898e-05	0.05773280733622478
208.20404018038818	0.0	36.67213941340874	0.9269943615129791	0.025560480914738122	1.4075316247967033e-05	-0.028522134651035317	0.03779652674066543	-4.578736282356878e-05	0.059353132015842504
208.52253457541318	0.0	36.83011201355782	0.9145802488318193	0.026293176164286808	1.2150277259420481e-05	-0.030345751412433127	0.03712879532939385	-4.3500422630317956e-05	0.0622783360126238
208.83933988088376	0.0	36.99173421238324	0.9015906392263517	0.027079431358139262	1.0283294149945078e-05	-0.03232695266168288	0.036353688434873854	-4.098970395326818e-05	0.06549383646362493
209.15614518635437	0.0	37.153356411208655	0.8874779660849614	0.02792850595052109	8.448389543916373e-06	-0.034485955529999945	0.03546055915534306	-3.819975589790942e-05	0.0690374826673107
209.47295049182497	0.0	37.314978610034075	0.8721962943073124	0.0288403999414322	6.6455634413346485e-06	-0.03682276001738409	0.034449407490801574	-3.5130578464242114e-05	0.07290927462368077
209.7789635731681	0.0	37.49588376979714	0.8590666406153573	0.029774214240543426	5.033472100814149e-06	-0.03925568801888973	0.033356637913367564	-3.203780975195537e-05	0.07695762123400829
210.08239843733344	0.0	37.68139554822767	0.846082546098067	0.030766717770724733	3.4942418578288743e-06	-0.0418628696070979	0.032143945784392045	-2.8701810970969806e-05	0.08132736280408633
210.38583330149874	0.0	37.86690732665819	0.8326209626446813	0.031828283004125046	1.9902777290797107e-06	-0.044665520794432326	0.030801503496745194	-2.5058836050348184e-05	0.08605785766240065
210.6892681656641	0.0	38.052419105088724	0.8188686298976572	0.032958909940744664	5.215797145660831e-07	-0.047663641580893784	0.029329311050426656	-2.1108884990089294e-05	0.09114910580895261
210.98467526681858	0.0	38.250288901123874	0.8080322249126023	0.034134100621019674	-7.990019955055258e-07	-0.050811181442314834	0.027744639814629424	-1.70071781925053e-05	0.09651675783924193
211.27751229546075	0.0	38.45211509214845	0.7988434245205969	0.03537354107561689	-2.046641033083983e-06	-0.05414802687077762	0.02603005321871967	-1.2634715905488052e-05	0.10223399193966215
211.57034932410298	0.0	38.65394128317304	0.7907800509061388	0.03668549251985596	-3.2572525905274295e-06	-0.05769010462652008	0.02417923609311105	-7.939945557071743e-06	0.10832999714950017
211.86318635274515	0.0	38.85576747419761	0.7842629771564055	0.038069954953736405	-4.4308366678351424e-06	-0.061437414709540984	0.022192188437804176	-2.922867147258267e-06	0.11480477346875394
212.15255181562378	0.0	39.06250330629837	0.7813064382466397	0.03876992947053307	-8.404427329787949e-07	-0.06354203960225072	0.02098992646715724	-2.7743694681787086e-06	0.11862892883197879
212.44045195429223	0.0	39.2713114643817	0.7816139610356846	0.03880301187758263	4.602482063417137e-06	-0.06405418665677766	0.02052951174907367	-5.582546653732788e-06	0.11988213096048837
212.72835209296073	0.0	39.48011962246503	0.7848448240149307	0.03881437741659985	7.002188740550498e-06	-0.0645546862561315	0.020015706599374333	-6.370323802387324e-06	0.12115336785829817
213.01625223162918	0.0	39.68892778054836	0.79121888541243	0.03880402608758478	6.358677298419647e-06	-0.06504353840031238	0.01944851101805923	-5.137700914141298e-06	0.12244263952540817
213.31151467320487	0.0	39.88695111283044	0.7967878544275597	0.03875703660299912	2.9975088348717745e-06	-0.06546816726830064	0.01886462479990499	-2.1389157275816177e-06	0.1236677105056759
213.6108437992475	0.0	40.07901727598788	0.8030712380617923	0.038405477026523305	-5.568760999007208e-07	-0.06497402135079548	0.018415810720162816	1.3741014162231404e-06	0.12312679885673723
213.91017292529017	0.0	40.271083439145315	0.812293297637626	0.03766199808197791	-1.9032404349390874e-06	-0.0632324376774822	0.018192014354065044	5.465301835205566e-06	0.1201112079557201
214.20950205133283	0.0	40.463149602302764	0.8244331897911907	0.03693012513240348	-4.098925409467505e-06	-0.06150885587252937	0.017971275790357445	1.2191786636795506e-05	0.11710511025554281
214.50850727752805	0.0	40.655718946312724	0.8396384957654178	0.036208788494391526	-7.147507158563617e-06	-0.05980013584712598	0.017752898626150197	2.1564616295955735e-05	0.11410130019483529
214.80727807521157	0.0	40.84865247678121	0.8577606184710668	0.03549830787656782	-1.1049770862001055e-05	-0.05810718257292419	0.017537081613240586	3.358623691612085e-05	0.11110178799428583
215.1060488728951	0.0	41.0415860072497	0.8785087667382797	0.034799463920150216	-1.5803599358604307e-05	-0.056432278733287246	0.017324330482329918	4.8250105111425186e-05	0.1081117940783912
215.4048196705786	0.0	41.23451953771819	0.9017206191967833	0.03411225662513867	-2.14089926483735e-05	-0.05477542432821514	0.01711464523341819	6.55562208818691e-05	0.10513131844715115
215.7027863287428	0.0	41.42868732372345	0.9278198108782896	0.03343415524448028	-2.7880975846732672e-05	-0.05312906192523372	0.01690633920904757	8.55511186864344e-05	0.10214276246911683
215.9999828651548	0.0	41.6240371521651	0.9566498673152602	0.03276533002995373	-3.5223537756782515e-05	-0.05149360924608639	0.0166995004096651	0.00010824717866599508	0.09914692231369535
216.2971794015668	0.0	41.81938698060676	0.9874897342889042	0.03210626958271898	-3.732141587250181e-05	-0.04975111163418318	0.016562158203012357	0.00011476493897018611	0.0958450716424903
216.59437593797884	0.0	42.01473680904842	1.02024760500633	0.03145994531196247	-3.898481827201092e-05	-0.04803659013437655	0.016427650125798936	0.0001199313941286801	0.09257595730526831
216.89345605591043	0.0	42.20714957450736	1.0532767793498525	0.03083216583547197	-4.014537267300044e-05	-0.0463667979064688	0.016300353120024518	0.00012353525538049009	0.08937894738066615
217.19497260549952	0.0	42.395763219430975	1.0859378841701754	0.030224449007091293	-4.0789293053355236e-05	-0.04474623911912276	0.016181511434424825	0.0001255340478235987	0.08626511035336958
217.49648915508863	0.0	42.58437686435458	1.1201836216638368	0.029629208064668986	-4.100793006604156e-05	-0.04315309173705052	0.01606544216792701	0.00012621011740710425	0.08318335874560193
217.7980057046777	0.0	42.7729905092782	1.1559666477919313	0.02904644300820504	-4.080128371106028e-05	-0.04158735576025202	0.015952145320531026	0.00012556346413100937	0.08013369255736295
218.10445834466418	0.0	42.952976346805144	1.188298583536877	0.028492817812020774	-3.999780634952951e-05	-0.04009738809378033	0.0158540977509126	0.00012306444831109873	0.07723065334543718
218.41986424919313	0.0	43.11731274604696	1.2128028689237045	0.02798114532417072	-3.848341545163419e-05	-0.03872089790875116	0.01578128716571417	0.0001183614311537764	0.0745655332383978
218.73527015372204	0.0	43.28164914528877	1.2382186536247362	0.027480843628444523	-3.658141210011397e-05	-0.03736939107097535	0.015711003423209934	0.00011245285579208016	0.07192965647623092
219.050676058251	0.0	43.445985544530586	1.2644561632035438	0.02699191272484209	-3.429179629496813e-05	-0.036042867580452644	0.01564324652339988	0.0001053387222260077	0.0693230230589361
219.36939529575866	0.0	43.60327460671391	1.2873072416617342	0.026527572386907367	-3.1507810030573957e-05	-0.03478001583998834	0.01558775567950416	9.66900410431862e-05	0.06683815678442472
219.6971588138229	0.0	43.74132681768356	1.2993885827216083	0.026109772518913325	-2.807601759039737e-05	-0.03364574148465463	0.01556117292243864	8.603487128053143e-05	0.06463273723382684
220.0249223318872	0.0	43.87937902865321	1.3116199866310452	0.025702631523100834	-2.3900241359733094e-05	-0.03252964162547518	0.015548326516817432	7.312415998267357e-05	0.06242782565738529
220.35268584995148	0.0	44.017431239622866	1.3238130314599827	0.02531405899599124	-1.4251067248266005e-05	-0.03139364584029898	0.015678238775178956	4.39317010362881e-05	0.05995891613747033
220.68024717990212	0.0	44.15595792414753	1.336065567228457	0.024934082117115938	-3.887208953473998e-06	-0.030281587904891678	0.01581045134478493	1.2575316683310259e-05	0.057536679363852095
221.00684355696293	0.0	44.296749057455756	1.3492598320099431	0.024559584134905887	7.171228623246524e-06	-0.02918444217022835	0.015942255329827366	-2.0883783677780462e-05	0.05513964324670161
221.3334399340238	0.0	44.43754019076399	1.3619166616212857	0.024194684868905993	1.896319848338561e-05	-0.028114121111345123	0.01607713435269766	-5.6563968486717425e-05	0.05279595472506281
221.66003631108464	0.0	44.57833132407222	1.3738826674444813	0.0238393843191163	3.148870062694029e-05	-0.02707062472824216	0.016215088413395744	-9.446523774349165e-05	0.050505613798936005
221.98651803986638	0.0	44.71938429653193	1.3851728615506034	0.023493243391443264	4.474590111885851e-05	-0.02605267997066067	0.01635572357481958	-0.00013458198967664786	0.04826557294795722
222.3114892640353	0.0	44.86388703072625	1.3975676364259417	0.023151025271551096	5.87208172476022e-05	-0.0250450924955165	0.016494278592068354	-0.00017687129214494614	0.04603933520693974
222.63646048820422	0.0	45.008389764920565	1.4089110900996025	0.022818609891010533	7.344485707402411e-05	-0.02406489986142259	0.01663597400785195	-0.00022142888877293957	0.04386757897807312
222.96143171237313	0.0	45.15289249911487	1.419111753437697	0.02249599724982161	8.891802059812178e-05	-0.02311210206837906	0.01678080982217034	-0.00026825477956062064	0.04175030426135759
223.28640293654206	0.0	45.297395233309196	1.4280994859291969	0.02218318734798426	0.00010514030781989807	-0.02218669911638568	0.01692878603502352	-0.00031734896450799806	0.039687511056792656
223.61145344056314	0.0	45.44171953816121	1.4357189453941464	0.021880454812045418	0.00012211115630094161	-0.021289489717559847	0.017080164367337572	-0.0003687097738109608	0.0376811394381701
223.9365072555736	0.0	45.58603639121248	1.4420516766142324	0.021587526566042337	0.00013983034700263116	-0.02041968079765793	0.017234690850962298	-0.0004223365124032047	0.03572927522944329
224.26156107058407	0.0	45.73035324426375	1.4471016164635586	0.021337699429783762	0.00014390492453788487	-0.01966264517083286	0.01772065629953864	-0.0004345152657774505	0.033993554707245785
224.5866148855945	0.0	45.87467009731501	1.450845373923843	0.02110305190723473	0.00014442077522107375	-0.018951403894909107	0.01829783912933882	-0.000435882212209428	0.032363161669676316
224.91136901574131	0.0	46.019659714788375	1.4536562836782339	0.02087418939526639	0.00014480281714376205	-0.018262056862512165	0.018886165254904677	-0.000436839638599484	0.030793080145050753
225.23606651260485	0.0	46.16477646867315	1.4551535267103588	0.020651964547119393	0.00014503492208454104	-0.01759707255772732	0.01948673013014142	-0.000437338689799419	0.029289278792790027
225.56076400946836	0.0	46.30989322255791	1.4552047037296572	0.02043657196074964	0.000145113423703753	-0.01695701128372727	0.020099781552764037	-0.0004373682623374785	0.027853107997302593
225.88546150633186	0.0	46.45500997644268	1.4537475954291075	0.020228011636157065	0.00014503832200139853	-0.016341873040511844	0.020725319522772567	-0.0004369283562136643	0.026484567758588068
226.2097319350784	0.0	46.601077051589115	1.4513109249977183	0.02002491845320197	0.00014483504890317709	-0.01574779625587982	0.021361646801929146	-0.000436095937505131	0.025174449405904575
226.53383109312978	0.0	46.747525242011044	1.4474618008424884	0.019828152893112974	0.00014448740883028904	-0.015177250088348375	0.02200985824018809	-0.0004348219636535148	0.02392869250802735
226.8579302511812	0.0	46.89397343243298	1.4418676125717205	0.019638269574629986	0.00014398504178630669	-0.014631809270261607	0.02267064756827877	-0.00043307507677759453	0.02275106090259927
227.18202940923257	0.0	47.04042162285491	1.4344217063525149	0.019455268497753024	0.0001433279477712304	-0.014111473801619565	0.023344014786201073	-0.0004308552768773714	0.02164155458962044
227.50572294274914	0.0	47.18776181187077	1.4255830255520012	0.019277934754680474	0.0001425385527857759	-0.013612861744168796	0.024028477412642843	-0.0004282303907045278	0.020592187175005324
227.829120012514	0.0	47.33575394678005	1.4150701891798667	0.019106640651416852	0.00014160980197206678	-0.013137048677264921	0.024724517295662628	-0.000425179048464184	0.019605556872536862
228.1525170822788	0.0	47.483746081689326	1.4023132960664986	0.019577288699236493	0.00013711303793667787	-0.01458608730115794	0.025211395478136802	-0.00041382116236760095	0.023969343600141448
228.4759141520436	0.0	47.63173821659861	1.3872948286453446	0.02080269284700373	0.00012844761668379513	-0.01830118773893899	0.02543948981935299	-0.00039268148803120104	0.034635071903654335
228.79925117394103	0.0	47.779861407767385	1.3702660566198896	0.02208407847803255	0.00011937235899175946	-0.02219343718859692	0.02564898596220229	-0.00037035291247349136	0.04579565949629188
229.12250949780508	0.0	47.928156359738466	1.3514723325961566	0.023421394707401268	0.00010988808708805784	-0.026262709525263956	0.025839818402062335	-0.0003468376916335123	0.05745082305737835
229.4457678216691	0.0	48.07645131170955	1.3310581939525317	0.024768940297947115	9.839331469464075e-05	-0.030358333624196657	0.025879318894722267	-0.00031718376413972764	0.06904029563789776
229.7690261455331	0.0	48.224746263680615	1.3092993096519812	0.026044725973910155	8.46703742934436e-05	-0.03422916865385313	0.025782986129141424	-0.00028087662027969203	0.07987129986952951
230.09204879737328	0.0	48.373551124033	1.286839331448711	0.027263335504355227	7.012101094856619e-05	-0.03792988188261713	0.025676538531535002	-0.00024229904408515568	0.09022731038780062
230.41446151265131	0.0	48.52367566484679	1.2645772772649524	0.028421649057288854	5.474397234744392e-05	-0.04145134286194561	0.025557515267519697	-0.00020144286512748373	0.10008272807615043
230.73687422792932	0.0	48.673800205660584	1.2419665378951215	0.029523997727383452	3.8530034888349966e-05	-0.044806188822240293	0.02542980988384233	-0.00015829049240386682	0.10947301103527435
231.05928694320727	0.0	48.82392474647436	1.2194081435411086	0.030570381514638954	2.147919857128599e-05	-0.04799441976350098	0.025293422380502924	-0.0001128419259143096	0.11839815926517169
231.38145061628538	0.0	48.97457437695546	1.1977144332471907	0.03155866757049003	3.5896758394003288e-06	-0.05100978746514487	0.02514673891480141	-6.508915526536716e-05	0.1268406577897731
231.70170204344805	0.0	49.12925585654407	1.1798750446336708	0.03247388015702138	-1.5161413463753468e-05	-0.05380838537550507	0.02497886808236903	-1.4948661974834831e-05	0.13467745311269466
232.02195347061078	0.0	49.283937336132695	1.1635325196025261	0.03324329892255171	-3.364058789254937e-05	-0.05614830990743299	0.02474821072846775	3.490063965862084e-05	0.14103287774601486
232.34220489777348	0.0	49.43861881572131	1.1491278966865681	0.03278477291424852	-3.700538397508857e-05	-0.054506664890576685	0.023796572221123267	4.943233468548442e-05	0.1336153708192477
232.6624563249362	0.0	49.59330029530993	1.136776263913514	0.032329002399600855	-4.003256397149837e-05	-0.05288967999390728	0.022874033584417412	6.298362816576881e-05	0.12640174255844755
232.9673794751013	0.0	49.776182798743356	1.147634229886243	0.031808663743126936	-4.355874846888071e-05	-0.05112270379770043	0.021934791812863237	7.76991808991556e-05	0.11906809619913444
233.27136233832778	0.0	49.9607952457563	1.1619592381325352	0.031287306273208755	-4.6755074742888266e-05	-0.04937285596762715	0.021025595012310928	9.143938970198523e-05	0.11194476643494275
233.57534520155428	0.0	50.145407692769254	1.178258305203333	0.030769070423790852	-4.956892534195538e-05	-0.047650944887312176	0.020149364628705063	0.00010406892943824473	0.10505240502082447
233.87932806478076	0.0	50.33002013978219	1.1962574432916395	0.030253956194873304	-5.2000300266081845e-05	-0.04595697055675569	0.01930610066204578	0.0001155878001079327	0.09839101195678063
234.16846416007348	0.0	50.536578002794826	1.2335787596094276	0.029690585400480113	-5.4664075311057145e-05	-0.04416324517151031	0.01846909477333674	0.00012751427212970073	0.09177643148398208
234.4529157916828	0.0	50.75006010041022	1.2779010139638198	0.029114350840472168	-5.711175158999562e-05	-0.04235918646892791	0.01765900968516828	0.00013872888872052135	0.08535139902482265
234.73736742329214	0.0	50.96354219802561	1.3231717017350166	0.02854149412700032	-5.914555817093165e-05	-0.04058535759517702	0.01688459693362095	0.00014874167130913052	0.07917629305133599
235.02181905490147	0.0	51.177024295641004	1.3689312830839448	0.027972015260064563	-6.076549505386539e-05	-0.0388417585502576	0.01614585651869474	0.00015755261989552867	0.073251113563522
235.27825544605022	0.0	51.42083785321748	1.4430201818796702	0.02733652487321396	-6.284807786233326e-05	-0.03696429042015183	0.015418514025693074	0.00016722044303328528	0.06742349281838425
235.51361426879822	0.0	51.68747161192438	1.5389753728867197	0.026652295141256478	-6.516538553308467e-05	-0.034994383869681164	0.014709516921591854	0.0001772037833244887	0.061737722011063624
235.7489730915462	0.0	51.95410537063127	1.6353429284300847	0.02597155613434423	-6.705499309821399e-05	-0.03305571734728365	0.014037384227265758	0.00018594512756677336	0.05631022955762134
235.98433191429416	0.0	52.22073912933817	1.7317469855735952	0.025294307852477146	-6.851690055772142e-05	-0.031148290852959084	0.013402115942714714	0.00019344447576014027	0.05114101545805679
236.20703221103042	0.0	52.49725935473179	1.838938239684806	0.024526941683478142	-7.690967618949305e-05	-0.029229056702369253	0.013046169309341394	0.00021736598587327819	0.04745024816282125
236.40870797714035	0.0	52.79020000075319	1.964770841425936	0.023739965404509213	-8.619007542312306e-05	-0.027254833701198633	0.012675625674224759	0.0002435761943720159	0.04372593442301789
236.61038374325034	0.0	53.083140646774595	2.09130869459954	0.02296816505116884	-9.597174951153661e-05	-0.025309411726768344	0.012305835296730579	0.00027121822708371657	0.04004224120823635
236.81205950936032	0.0	53.376081292796	2.2187190133080397	0.022211540623457076	-0.00010625469845473246	-0.023392790779078472	0.011936798176858844	0.00030029208400837677	0.036399168518476785
237.0168214429845	0.0	53.666755408398544	2.3445620759655195	0.021474273563809508	-0.00011706694152751628	-0.02151698667291242	0.011573491930654729	0.00033087871789753254	0.03282154360934174
237.23599076053463	0.0	53.94684851251234	2.4592499724065426	0.020772051815074213	-0.00012852278669469843	-0.019726739958025683	0.011234193630092846	0.0003633080070076339	0.029401375880325265
237.45516007808476	0.0	54.226941616626135	2.5756810331831095	0.020085599061183245	-0.00014049949634119456	-0.017966419802697517	0.01089567802416557	0.0003972250754588237	0.026023416110501588
237.67432939563483	0.0	54.507034720739924	2.6943188362852006	0.019414915302136626	-0.00015299707046700282	-0.016236026206927982	0.010557945112872887	0.000432629923251097	0.022687664299870812
237.89349871318495	0.0	54.78712782485373	2.8156248584017725	0.018760000537934286	-0.00016601550907212686	-0.014535559170716906	0.010220994896214818	0.00046952255038446396	0.019394120448432646
238.1468871356568	0.0	55.036570610058256	2.906410968339759	0.01818151592281054	-0.00017980629868304154	-0.013034735126656137	0.009948777179443771	0.000508635970243742	0.016487732237923786
238.40124747704067	0.0	55.28514283992027	2.9998900023365933	0.017620989145875503	-0.0001941404846674087	-0.011569542248415814	0.009679181636560034	0.0005493019456077426	0.01363459650825596
238.6556078184245	0.0	55.53371506978229	3.097361171759222	0.017076703783308084	-0.00020901113958473084	-0.010135172492333002	0.009410392236871165	0.0005915002723362236	0.010824933235877177
238.90996815980836	0.0	55.7822872996443	3.199017543496556	0.01654865983510831	-0.00022441826343500937	-0.00873162585840777	0.009142408980377208	0.000635230950429189	0.008058742420787596
239.1649981072471	0.0	56.03017190619219	3.304146484271001	0.016163531609566753	-0.00023876495229395564	-0.007636411088673074	0.008923420979573594	0.0006759043605127146	0.005868710207826185
239.42023483448574	0.0	56.27784416906388	3.4130378378727233	0.016498622528421505	-0.00024163192646732754	-0.008217330376238287	0.008987357365961035	0.0006835698413266354	0.006925924430636541
239.6754715617244	0.0	56.52551643193557	3.525427776206876	0.016493853492761976	-0.000244165796795489	-0.008242782901828177	0.008952828397937833	0.0006902636276833026	0.006987517296811458
239.93070828896305	0.0	56.773188694807274	3.640464123833193	0.016149224502588242	-0.00024636656327843765	-0.0077127686654428675	0.008819834075503973	0.0006959857195827089	0.006053488806351153
240.17956048988052	0.0	57.02714705515241	3.763693995019125	0.01597540254703818	-0.00022769322786200759	-0.007465619548249546	0.008770785623489432	0.0006425547526425109	0.0056333438902453365
240.42323760529297	0.0	57.28620071783983	3.8926166520892855	0.01594497536648843	-0.00020238108913819667	-0.0074537064207030835	0.008763024998376948	0.0005704054544010146	0.005635096653753897
240.66691472070534	0.0	57.54525438052726	4.0205240653657155	0.015913916931446077	-0.00017811048087378788	-0.007440286173055516	0.008744280545093042	0.0005013185689702023	0.0056321978607200346
240.91059183611776	0.0	57.804308043214675	4.1462075538134044	0.015882227241911115	-0.00015488140306877055	-0.007425358805306854	0.008714552263637824	0.0004352940963500431	0.005624647511143794
241.1908751582817	0.0	57.99333944375907	4.2027323088337445	0.01585640269832229	-0.00013112763770537517	-0.007418890322113295	0.008749648084616514	0.000368044607152514	0.005640904244477362
241.54266734580114	0.0	58.045584955793835	4.125868600712679	0.015842936858221017	-0.00010486172914681789	-0.007431097949659951	0.008927059023722556	0.00029402932079103746	0.0057103091170876055
241.89445953332057	0.0	58.0978304678286	4.044096174809929	0.015829287222490076	-7.889907188998568e-05	-0.007442866765140775	0.009101271918872377	0.00022090568446521397	0.005778359645651732
242.24625172084	0.0	58.15007597986336	3.9579741905955697	0.015815453791129468	-5.3239665934878594e-05	-0.007454196768555766	0.009272286770065984	0.00014867369817504349	0.005845055830169747
242.5984460402662	0.0	58.198147718768276	3.864904350195681	0.01580189349608954	-2.7870707710495807e-05	-0.007465659589195548	0.009444032557315527	7.729844993569287e-05	0.005911883930125669
242.95374189634333	0.0	58.21402825345356	3.7440843021586843	0.0157917445962076	-2.589111367185428e-06	-0.007481261925573468	0.009644118809979875	6.201161332504978e-06	0.005989343962295768
243.30903775242052	0.0	58.22990878813884	3.6218719174467626	0.015781539273444004	2.2599390747820573e-05	-0.0074967295523214305	0.009843223304503386	-6.462240223961247e-05	0.006066388228356654
243.66433360849763	0.0	58.24578932282413	3.499247664120033	0.015771277527798746	4.769479863451209e-05	-0.007512062469439426	0.01004134604088596	-0.00013517224078063114	0.006143016728308286
244.0196294645748	0.0	58.26166985750942	3.377225943213053	0.01576340913834655	6.746534322399301e-05	-0.007531551357199235	0.010263539071893547	-0.00019052633916743307	0.0062310553951868
244.37342631812623	0.0	58.23007033569887	3.223522735345292	0.015802678627775867	-2.4295390899586507e-06	-0.007631284467294504	0.010961002361299804	9.707431685627634e-06	0.006539455367404627
244.72701286693967	0.0	58.19180953035327	3.0667211690756084	0.015842225101651296	-7.412234721505237e-05	-0.0077325740516259655	0.011670360130456945	0.00021480522903092822	0.00685322009832546
245.08059941575306	0.0	58.153548725007674	2.9108361188019596	0.01588128116717998	-0.00014769692826442345	-0.00783448171958063	0.012385284034349471	0.0004250141044425035	0.007169944189959329
245.43418596456652	0.0	58.11528791966208	2.7552473094539187	0.01591984682436193	-0.00022315328223810091	-0.007937007471158537	0.013105774072977661	0.0006403340579204363	0.007489627642306357
245.77862317971065	0.0	58.03363427950475	2.572752444546379	0.015960782696959486	-0.00030361133389922876	-0.008045885381020879	0.013873822657883493	0.000868883410085161	0.007829617121711924
246.11755667253266	0.0	57.925877961031354	2.373943926683755	0.016002271965028923	-0.00039042562874613	-0.008159683905540057	0.01468038142970866	0.0011144829683198832	0.008187085995894556
246.4564901653547	0.0	57.81812164255794	2.1746185571982326	0.016042437302427836	-0.00048232005101336736	-0.008275151039231926	0.01550196681464438	0.0013738806461348102	0.008552544106882122
246.79542365817673	0.0	57.71036532408453	1.974557672852301	0.016081278709156228	-0.0005792946007009332	-0.008392286782096478	0.016338578812690577	0.0016470764435299206	0.008925991454674593
247.11069551888525	0.0	57.559657558036115	1.7540523450868566	0.016119368004570436	-0.0006845867119514683	-0.008513844010055428	0.017213307555216294	0.00194207988059952	0.009317157868596401
247.38288740255706	0.0	57.330749464709	1.4991028414056151	0.016156541427971467	-0.0008032822952947676	-0.008642879762193103	0.018152287317029954	0.0022720616551621846	0.009737848344621516
247.65507928622895	0.0	57.101841371381916	1.2471053917131754	0.01619145622533726	-0.0009306445772118033	-0.00877476216197178	0.019116902484343862	0.002625583024973445	0.010172168460514601
247.9272711699008	0.0	56.87293327805481	0.9990780821228196	0.016224112396667784	-0.0010666735577025493	-0.00890949120939143	0.020107153057157816	0.003002643990033226	0.010620118216275554
248.20404127993524	0.0	56.65297519314778	0.7597992164734195	0.017613345276435235	-0.0010728552878609566	-0.011770274724746527	0.020642584194256478	0.00307894216989208	0.017044012016093655
248.54894759456744	0.0	56.56621707621162	0.5779611017372297	0.019837111993612683	-0.0009728082316134602	-0.016530657574758686	0.020743775000631546	0.0028822525319387618	0.027716868331160223
248.89385390919966	0.0	56.47945895927547	0.3977339181059808	0.021932638143766413	-0.0008759620352320449	-0.021328609281565408	0.02082333865348371	0.0026660198133203836	0.03860303750306903
249.2387602238319	0.0	56.39270084233932	0.2198590229175704	0.02389992372689624	-0.0007823166987167205	-0.026164129845166292	0.020881275152812975	0.002430244014036968	0.049702519531819186
249.58366653846412	0.0	56.30594272540316	0.04499875699952167	0.02573896874300211	-0.0006918722220674946	-0.03103721926556137	0.020917584498619364	0.002174925134088521	0.0610153144174108
249.8815213222723	0.0	56.444216948287426	0.003300337146290905	0.02807363794717581	-0.000537236209451917	-0.034972728148090125	0.020686773700032295	0.0019135349094576756	0.06935130834292141
250.162773277803	0.0	56.66189715923373	0.0053605528024138925	0.030839883613905918	-0.00035354237777181777	-0.038502199518977466	0.020404994826954063	0.0016891200289182878	0.07620992399573508
250.44402523333372	0.0	56.87957737018003	0.004884274904065075	0.03386850803576513	-0.00016329962287266094	-0.04195480543218603	0.02016746486629108	0.0015046900712100955	0.08263210394703914
250.72527718886445	0.0	57.09725758112633	0.002307686538653735	0.037159511212753675	3.349205524556722e-05	-0.04533054588771619	0.01997418381804334	0.0013602450363330823	0.08861784819683433
251.00495963605945	0.0	57.316929174048994	0.00016865119620058656	0.04071283192945927	0.0002370620174283589	-0.04860440679769115	0.01982348135593227	0.0012570545163413508	0.09410042264818418
251.2823334040596	0.0	57.53953000413026	0.0009268112561838242	0.04453000850670969	0.0004475573985385785	-0.051764148497224605	0.019714835120591804	0.001195955258642718	0.09904579164650763
251.5597071720598	0.0	57.76213083421153	0.0017242081299017264	0.04861179513256305	0.0006646573955234377	-0.05484637106803842	0.019650814094556317	0.0011751809592987642	0.10355101345329722
251.83708094005996	0.0	57.98473166429279	0.0016745945682079336	0.05295819180701873	0.0008883620083829057	-0.057851074510131904	0.019631418277825795	0.001194731618309504	0.1076160880685517
252.11493282057006	0.0	58.20671153803641	0.0003878122549905019	0.055570299743640285	0.0009886029511036267	-0.05869631519227408	0.019720412680347816	0.0013422029453701006	0.10707314514025498
252.40104016060764	0.0	58.41796950049962	0.005788980258581935	0.055052474789094114	0.0008694966533584006	-0.0564945677557434	0.019952941939002634	0.0016465950591416036	0.10065653461508979
252.6871475006452	0.0	58.62922746296283	0.008190849924711238	0.054216495868873414	0.0007129942740520597	-0.05422705892958484	0.02022592986510431	0.001982036714482649	0.09442382781062011
252.97325484068276	0.0	58.84048542542604	0.007143365116421097	0.05306236298297851	0.0005190958131846328	-0.05189378871379857	0.020539376458652794	0.002348527911393221	0.08837502472684611
253.25936218072033	0.0	59.051743387889246	0.0022987049365411423	0.05159007613140892	0.0002878012707560717	-0.04949475710838424	0.02089328171964816	0.002746068649873358	0.08251012536376713
253.52690874659132	0.0	59.28526305203226	0.026887105348700088	0.0500875171208823	3.810730246625528e-05	-0.04706302963827035	0.02126545774988256	0.0031806531116312796	0.07673326626277344
253.7861758803399	0.0	59.528713026534795	0.06969866091240147	0.04838330619720512	-0.0002419092404121714	-0.04457782782001286	0.021669710102006377	0.003650123651061211	0.0711044355126139
254.04544301408845	0.0	59.77216300103733	0.11722234902046517	0.046346854863315856	-0.000560977597250708	-0.04202395298987026	0.022116212451676755	0.004152018467856651	0.06566765092310485
254.304710147837	0.0	60.01561297553985	0.16942628044384594	0.043978163119214174	-0.0009190977680493816	-0.03940140514784242	0.022604964798893727	0.004686337562017615	0.06042291249424607
254.54000693565376	0.0	60.27844573794323	0.24742840262858312	0.04161796197689562	-0.0012905374218728034	-0.03678874499741579	0.023104689684735016	0.005250685593421826	0.05535946526012502
254.7238023659956	0.0	60.5829232847557	0.37619013158227615	0.03968241506704251	-0.0016428245988447637	-0.034281332989430355	0.023576307413297824	0.005839889264204548	0.050450610522053366
254.90759779633743	0.0	60.88740083156818	0.5101326037118565	0.03745230038127482	-0.0020297355170296465	-0.03171303478050544	0.02408538442564175	0.006457840633869234	0.045712025891641014
255.09139322667923	0.0	61.19187837838066	0.6488398385073022	0.034927617919592965	-0.0024512701764274037	-0.029083850370641266	0.024631920721766724	0.007104539702415835	0.04114371136888827
255.2751886570211	0.0	61.49635592519313	0.7918440554744967	0.03210836768199568	-0.002907428577038169	-0.02639377975983727	0.02521591630167292	0.007779986469844455	0.03674566695379457
255.4413866395609	0.0	61.81074353171056	0.9520731187063207	0.029284640118749636	-0.0033723880439065993	-0.023728249596837198	0.02580629866881253	0.008472451913686936	0.03253075840386168
255.60646287625394	0.0	62.125762853033436	1.1166381220271755	0.02620505325993068	-0.00386794890038528	-0.021011457468408087	0.02642958871084784	0.009190944385374461	0.028475254139903684
255.77153911294704	0.0	62.440782174356315	1.2841187034818475	0.022851739799544718	-0.004395683809121781	-0.018238086941972587	0.027087687728218963	0.009936150607041574	0.02457797308204173
255.93661534964014	0.0	62.7558014956792	1.4539359335593636	0.01922469973759269	-0.004955592770116002	-0.015408138017531102	0.027780595720925793	0.010708070578688205	0.020838915230276103
256.07390681447043	0.0	63.082797216268126	1.6447498402654228	0.01731878930050835	-0.005232670136788875	-0.013237409516533833	0.02792626557912632	0.011123628347231922	0.017494503020122187
256.1895821399264	0.0	63.419110397407565	1.8521645574440615	0.01660755755660838	-0.005314509113068219	-0.011506862220365524	0.027692913115313043	0.011294646341824779	0.014331944185953615
256.3052574653824	0.0	63.75542357854701	2.0607367193694057	0.015903547207455262	-0.005381245565630141	-0.0097895906195904	0.027406256059905328	0.011433290308787184	0.011187820575680846
256.4209327908384	0.0	64.09173675968646	2.2698593702922594	0.01537358113365566	-0.00531563407765994	-0.008502739849115025	0.02675055620728417	0.011290909847152397	0.00881513822954362
256.52679609231797	0.0	64.43061053452327	2.484608392883993	0.015294455318452214	-0.004953600018985705	-0.008340526493411023	0.025303263102427805	0.010520242334145906	0.008471837536382646
256.5902116566682	0.0	64.78056167814995	2.7236726319046647	0.015226997567496467	-0.004657926726005943	-0.008201756292484472	0.02406391365405769	0.00989195253972693	0.008173151595767786
256.6536272210185	0.0	65.13051282177662	2.961362784685261	0.015160469121166305	-0.004370012072513293	-0.00806575597415092	0.02285098697153468	0.00928024307942277	0.007880364658992708
256.7170427853687	0.0	65.4804639654033	3.1967536831394368	0.015094869979461774	-0.004089856058507972	-0.007932525538410444	0.021664483054859466	0.008685113953233884	0.0075934767260575535
256.78045834971897	0.0	65.83041510902999	3.4289364395008612	0.015030200142382814	-0.003817458683989686	-0.00780206498526294	0.020504401904031105	0.008106565161159643	0.007312487796962123
256.819215482219	0.0	66.18375379812187	3.669901419680053	0.014972083778018447	-0.003579896839047206	-0.007684176083045025	0.019454625258867708	0.007602751239165393	0.007055278993266272
256.8525199303707	0.0	66.53784157037728	3.9089546036021274	0.014915744327284902	-0.0033527744951019935	-0.007570044033202297	0.018438559053289755	0.007121310998015643	0.00680540915574111
256.88582437852244	0.0	66.8919293426327	4.1423500449332735	0.014859898695773904	-0.003129774981511966	-0.007457383859460228	0.017436533528591914	0.006648681309914684	0.006558673964713752
256.91912882667407	0.0	67.24601711488809	4.369173398450304	0.014804546883485498	-0.002910898298277309	-0.007346195561818891	0.0164485486847748	0.006184862174862916	0.0063150734201843275
256.95143856696143	0.0	67.6001953727013	4.589019785972998	0.014749892754565437	-0.0026970167360100255	-0.007236800235689424	0.01547727178815837	0.005731728866572686	0.006075171991195611
256.9825726601173	0.0	67.95448057556875	4.801088204530031	0.014695950115109735	-0.0024880946279713825	-0.0071291869090407915	0.014522526183279651	0.005289207197420567	0.005838924597750261
257.01370675327314	0.0	68.30876577843622	5.003892500729895	0.014642469371497876	-0.002283028826287314	-0.007022950307765534	0.013580913587095402	0.004854926515353119	0.005605609208818169
257.044840846429	0.0	68.66305098130368	5.196543383812432	0.01458945052372987	-0.002081819330957835	-0.006918090431863663	0.012652433999605684	0.004428886820370372	0.00537522582439935
257.0806225739875	0.0	69.01663735555849	5.3756514815038265	0.014536114008478726	-0.0018816679816261077	-0.006813588376868313	0.01172917098539281	0.004005052864029553	0.005146170559025366
257.15505184606843	0.0	69.36441259933669	5.522186387560627	0.014477101305154389	-0.0016649800885023926	-0.0067030168295178685	0.01076300384815973	0.0035454182438712646	0.004908896299573878
257.22948111814935	0.0	69.71218784311489	5.656400103950538	0.014419172521893946	-0.0014573416983909016	-0.006595676011074277	0.009827655632146243	0.003105122553400958	0.004678502505841389
257.30391039023027	0.0	70.05996308689309	5.777615432064532	0.014362327658697391	-0.0012587528112916354	-0.006491565921537536	0.008923126337352346	0.002684165792618634	0.004454989177827898
257.3783396623112	0.0	70.4077383306713	5.885180898526154	0.014306566715564732	-0.0010692134272045934	-0.006390686560907646	0.008049415963778039	0.002282547961524295	0.0042383563155334045
257.58055259458735	0.0	70.6892607887869	5.897827554314877	0.0142405810226836	-0.0008679405184700286	-0.006289380243427348	0.007213383541218508	0.0018537623646642067	0.0040378004441086884
257.821883579631	0.0	70.950501467827	5.879188724687674	0.01417359110888177	-0.0006808241198106328	-0.006194279533903968	0.006449329392778498	0.0014545887151896047	0.0038556605837901407
258.0632145646747	0.0	71.21174214686711	5.856053611567326	0.014109241224153187	-0.0005157489692530954	-0.0061070476871556536	0.005760338757540824	0.0011025175581614317	0.0036902789975739305
258.30454554971834	0.0	71.47298282590722	5.829865772296402	0.014047531368497877	-0.00037271506679745876	-0.006027684703182424	0.005146411635505609	0.0007975488935797776	0.003541655685460085
258.56789041958325	0.0	71.70884874015479	5.788162900841323	0.01398812439638954	-0.0002531690450493327	-0.005958634431683131	0.004635730163260409	0.0005422455979717479	0.0034183438196612476
258.86057608797097	0.0	71.91089436927824	5.732687400302582	0.013930791148399412	-0.00015661601585532936	-0.005900361691508092	0.004234349114036327	0.00033537415288158753	0.003322447814804899
259.15326175635875	0.0	72.11293999840169	5.687426321506213	0.014589885213081917	-9.398612228370373e-05	-0.006938465573828094	0.004228395904829008	0.00019958649097460732	0.0052047490471887085
259.44594742474646	0.0	72.31498562752515	5.65646853517621	0.015808312852013447	-4.8160430538841286e-05	-0.008812751949736733	0.004492561780189868	9.868997781234963e-05	0.008584837548360232
259.73736247554916	0.0	72.51875386796938	5.645157559548072	0.01703185492425128	-4.817271404432021e-06	-0.010671821101142443	0.004757710381347792	3.230608048887024e-06	0.01192486462391493
260.0168227375548	0.0	72.73872954545953	5.662785595224787	0.018336760232907787	5.080982317526095e-05	-0.012646029790367476	0.0051496499960856255	-0.00012229831037195626	0.015477299881367632
260.29628299956033	0.0	72.95870522294969	5.707966535407621	0.01929883557362701	0.0003511517580796605	-0.014340195533492212	0.006990377409323361	-0.0008319984119315636	0.018828289798285346
260.57574326156595	0.0	73.17868090043984	5.782961389615088	0.020064615277769843	0.0006336007905189695	-0.015730400806841488	0.008686025095861034	-0.0014995353134528593	0.021619512488966184
260.8552035235715	0.0	73.39865657793	5.8887627541356125	0.020634099345336464	0.0008981569204930674	-0.016816645610415466	0.010236593055698061	-0.002124909014935558	0.023850967953410317
261.1273891989499	0.0	73.62748471264176	6.026669461774137	0.021064099043386415	0.0011361658597893796	-0.017677052097366544	0.011612922428639854	-0.0026876842800118155	0.025652781609953962
261.39735958857005	0.0	73.85900863247684	6.194634266469577	0.021312198052630904	0.0013533816193634016	-0.018252789150988213	0.012833145126316082	-0.0032014492536020143	0.026926169027143666
261.6673299781903	0.0	74.09053255231193	6.390741988178385	0.02136071205191795	0.0015524046407852455	-0.01851947219584598	0.0139058569612803	-0.003672344488229992	0.027630409063521235
261.93730036781045	0.0	74.32205647214701	6.612503410962841	0.021209641041248242	0.0017332349240546995	-0.01847710123194069	0.014831057933531587	-0.004100369983895248	0.027765501719087933
262.2007595431438	0.0	74.56071581320728	6.856776703058787	0.020903864296536998	0.001888030657428538	-0.018186600248055088	0.015580492807924472	-0.0044670089636052145	0.027431760522681987
262.45596240680686	0.0	74.80842296915085	7.119363502533852	0.020453774497841738	0.0020145410350753284	-0.017661765035145882	0.016145379930487303	-0.0047669473519961906	0.026651406752387696
262.7111652704699	0.0	75.05613012509443	7.394785011678612	0.019801829464479156	0.0021226517371665254	-0.016824360408946373	0.016561078294760095	-0.005023528369910011	0.025295431706033177
262.96636813413295	0.0	75.30383728103801	7.677102711134101	0.018948029196449265	0.002212362763702123	-0.01567438636945659	0.016827587900742815	-0.005236752017346664	0.023363835383618466
263.21346182514475	0.0	75.55807257976144	7.95935250870886	0.01794431466760897	0.0022748898237223095	-0.014282330950982644	0.01691355063332056	-0.005385869793472039	0.020972878251482537
263.4009606692459	0.0	75.86028363215402	8.235815271890191	0.01713217499704767	0.0022555284937660213	-0.013113863860601094	0.016628528262112	-0.0053416638576762685	0.01889410552461308
263.58845951334695	0.0	76.16249468454657	8.503375536399055	0.01613909937942562	0.0022196743404863293	-0.011665220519605477	0.016209778324627687	-0.0052585938968662226	0.01629936609069264
263.7759583574481	0.0	76.46470573693915	8.756267620941788	0.014965087814742137	0.0021673273638832765	-0.009936400927994839	0.01565730082086768	-0.0051366599110420075	0.013188659949719553
263.9634572015492	0.0	76.7669167893317	8.98843162812685	0.013610140302997552	0.0020984875639568565	-0.007927405085769643	0.014971095750832015	-0.004975861900203604	0.009561987101694642
264.0000000116557	0.0	77.11215221424679	9.17207185966914	0.013269520521809084	0.0019151251732127243	-0.007328392083723857	0.013960953372336556	-0.004544238803877834	0.008321305196032507
264.00000002594754	0.0	77.46780279659902	9.325369346381953	0.01320061323376706	0.0017064249603892948	-0.007111222974924567	0.012891734339811977	-0.004052676338488064	0.007732836902382026
264.00000004023946	0.0	77.82345337895124	9.452154409510491	0.013131705941271188	0.001497724749059894	-0.006894053857112437	0.011822515312623764	-0.0035611138766178303	0.007144368592798738
264.0000000545313	0.0	78.17910396130347	9.550441025809064	0.013062798644321362	0.0012890245392245668	-0.0066768847302872344	0.010753296290772029	-0.0030695514182672405	0.00655590026728221
264.0353325775687	0.0	78.53119406021264	9.632580018611922	0.013012990151681897	0.0010729141845602962	-0.006507008769088129	0.009676972731587335	-0.002560252074521625	0.006057010990835637
264.1062903579044	0.0	78.87969417518725	9.696952900958731	0.01296620960512937	0.000854776304173195	-0.006351976463602202	0.008612930595770675	-0.0020458935496700443	0.005590386312961992
264.1772481382401	0.0	79.22819429016185	9.726747352538709	0.0128977604523039	0.0006439071094773959	-0.0061530953686319825	0.0075748506031903485	-0.0015486581281895916	0.00504624613729852
264.2482059185759	0.0	79.57669440513646	9.719491050426518	0.012807642693205518	0.0004403066004728538	-0.00591036548417756	0.006562732753846255	-0.0010685458100801596	0.004424590463845384
264.32959894989034	0.0	79.92221752564248	9.676249434280333	0.012695926703251169	0.0002449097974413844	-0.00562690317327671	0.005587388371800417	-0.0006076759661039763	0.0037338003816381814
264.45319880318567	0.0	80.2556997785329	9.604107438769335	0.015215713625772218	0.00018977039134586397	-0.008863897449109098	0.005874212051929016	-0.0004762244985979446	0.008392284111888103
264.57679865648095	0.0	80.58918203142329	9.489388909501006	0.018503002051964	0.0001749643666764408	-0.01314465411222866	0.00652758880625339	-0.0004396588128644858	0.0146658865448583
264.7003985097763	0.0	80.92266428431371	9.335198569588536	0.021747371863373933	0.00016072406396416616	-0.017387543985511705	0.007183134676643052	-0.00040450502590227717	0.02091716408492976
264.8239983630716	0.0	81.25614653720412	9.144941570493511	0.024948823060001596	0.00014704948320904397	-0.021592567068957683	0.007840849663097907	-0.0003707631377113287	0.027146116732101676
264.8980072818631	0.0	81.60361467992075	8.914257475729048	0.028291323594688736	0.0001357030442161552	-0.025975392685613958	0.008511519961021792	-0.0003428751786750915	0.03363270099182168
264.9668624716537	0.0	81.95253630373671	8.655199201785145	0.03162708418514039	0.00012488061602335387	-0.030357816678922817	0.009184618120745572	-0.000316299536238671	0.04013492876926054
265.0357176614443	0.0	82.30145792755269	8.371999525305817	0.034937828677046444	0.00011438793184259719	-0.03471816914566986	0.009858980599495555	-0.0002905468513692145	0.04662414397106976
265.10457285123493	0.0	82.65037955136864	8.068004933101685	0.03822355707040633	0.00010422499167388649	-0.039056450085854365	0.010534607397271634	-0.000265617124066725	0.05310034659724828
265.1612480217735	0.0	83.00135247008086	7.745557063566853	0.041524571393566495	9.474264942530492e-05	-0.04341563689926643	0.011211127657896237	-0.0002423948164520383	0.05961088707857591
265.21047660773615	0.0	83.3535795034721	7.4082009148255885	0.044830849970045925	8.573020473505663e-05	-0.04778400425835415	0.011888400426651992	-0.00022035064627083653	0.06614029802035748
265.2597051936988	0.0	83.70580653686335	7.059722141205642	0.04811907364763364	7.695574658722569e-05	-0.05213644190802953	0.01256658569389914	-0.00019890043024426376	0.07266031738027855
265.3089337796614	0.0	84.0580335702546	6.703288924025434	0.05138924242632953	6.841927498181031e-05	-0.05647294984829251	0.013245683459637697	-0.00017804416837231542	0.07917094515833908
265.35572958610163	0.0	84.41057574016895	6.341829829839015	0.054650248712472184	6.016975624927016e-05	-0.060802467067988766	0.013925353780064958	-0.000157905702761586	0.08568078749368371
265.39787320468406	0.0	84.76372054352908	5.978138786372831	0.05791192328439486	5.222921271370722e-05	-0.06513466458674166	0.014605199683690367	-0.0001385414867401964	0.0921985895116974
265.44001682326643	0.0	85.1168653468892	5.61558096522943	0.06115810114092475	4.449293560673404e-05	-0.06945318946326413	0.01528582879466034	-0.00011968706800683724	0.09870833063321688
265.4821604418488	0.0	85.47001015024935	5.257140398348579	0.06438878228206199	3.6960924928348794e-05	-0.07375804169755647	0.01596724111297496	-0.0001013424465615039	0.10521001085824258
265.52455829912685	0.0	85.82312336661516	4.905781576096811	0.06760286601885472	2.963046491557656e-05	-0.07804814143793068	0.016649484005171678	-8.350067553736137e-05	0.11170266001137519
265.5701125078393	0.0	86.17584443317634	4.564774940700937	0.07078712507999067	2.2479294579551595e-05	-0.08231057730868135	0.01733313166445034	-6.610426790732498e-05	0.11817485875178879
265.61566671655186	0.0	86.52856549973751	4.236570389766054	0.07395465340996833	1.554865657019602e-05	-0.08655825177383203	0.01801762489849703	-4.925825312860179e-05	0.1246383547001125
265.6612209252644	0.0	86.88128656629868	3.923905703725007	0.07710545100878786	8.838550887510584e-06	-0.09079116483338288	0.018702963707311747	-3.2962631201193696e-05	0.1310931478563464
265.7067751339769	0.0	87.23400763285987	3.6294468041370647	0.0802395178764494	2.3489775314950296e-06	-0.09500931648733404	0.0193891480908945	-1.721740212510008e-05	0.13753923822049074
265.76664938289707	0.0	87.58451363377037	3.3582687352522442	0.08327786530366824	-3.895160026934599e-06	-0.09913510073166654	0.02007867564686053	-2.0746135952516064e-06	0.14390719718392303
265.82979413845294	0.0	87.93451374316075	3.110824816537922	0.0862757443864543	-9.837975450596315e-06	-0.10322337240156002	0.020769907155770817	1.231845903922743e-05	0.15024763305288602
265.8929388940087	0.0	88.2845138525511	2.888443942383995	0.08670055504066641	-1.0452545085983075e-05	-0.10355730814288984	0.02055827205632565	1.4221688418489525e-05	0.15102255677654802
265.95608364956456	0.0	88.63451396194148	2.6906668733882917	0.08657167762604269	-9.892986431076256e-06	-0.10307199322219926	0.020142065567654358	1.3377179063364328e-05	0.15056017725768578
266.0466269758513	0.0	88.97753756005653	2.521303881172913	0.0863851609324675	-9.309065147161232e-06	-0.1025648339074948	0.019753854696336275	1.2469091151796925e-05	0.15012128126987534
266.1585603230805	0.0	89.31511460682594	2.376502036459317	0.08618385853031539	-8.715363388076385e-06	-0.10207654961374368	0.01939040055333362	1.1531514136726813e-05	0.14973661569183983
266.27049367030963	0.0	89.65269165359535	2.250260834659343	0.08604934311080442	-8.142085527546985e-06	-0.10166768703944871	0.019033358244060435	1.0638471616888592e-05	0.14943130098426885
266.3824270175388	0.0	89.99026870036478	2.1410453434259606	0.08598161467393431	-7.589231565572846e-06	-0.10133824618460964	0.01868272776851677	9.789963592281856e-06	0.1492053371471624
266.51535673535807	0.0	90.31840094114187	2.0512066794238217	0.08592577800115324	-7.040501635038037e-06	-0.10106365624069351	0.018364319753165728	8.937960571985532e-06	0.1490698136789551
266.69369197977375	0.0	90.62610839527106	1.9818275146494564	0.0858378928650768	-6.483025208408253e-06	-0.1008389908368674	0.018110048475715814	8.039881034419796e-06	0.14906123971537447
266.8720272241895	0.0	90.93381584940025	1.9221716657589474	0.08584699944004215	-5.955209484937858e-06	-0.10072966600030922	0.01786508881408909	7.206476927934955e-06	0.14916790342827924
267.05036246860516	0.0	91.24152330352946	1.8708485425732788	0.08595309772604952	-5.457054464626955e-06	-0.10073568173101904	0.01762944076828544	6.437748252531281e-06	0.14938980481766936
267.233635071342	0.0	91.54556312733413	1.8273586352642828	0.08614504446892846	-4.987261241360615e-06	-0.10085509717079952	0.017411244503891397	5.726346703255735e-06	0.1497337089518276
267.47672074010137	0.0	91.80517186056804	1.7983434546650854	0.08630681907840278	-4.53378768775832e-06	-0.10107565195962628	0.017301724663795492	4.995821427971378e-06	0.15028410819470595
267.7198064088607	0.0	92.06478059380193	1.772025699364023	0.08658013559765583	-4.1144243837871824e-06	-0.10142885011570403	0.017202913320342038	4.339673860029865e-06	0.15096703247890544
267.96289207762	0.0	92.32438932703582	1.7474603228842247	0.08696499402668759	-3.7291713294471363e-06	-0.10191469163903275	0.01711481047353106	3.7579039994310604e-06	0.15178248180442616
268.20597774637935	0.0	92.58399806026972	1.7237334297033011	0.08889614369582954	-3.6207227843224802e-06	-0.1044879859990217	0.017266354855254885	3.7173899621789975e-06	0.15476437750059058
268.46792457742526	0.0	92.82427301873597	1.7028441636096125	0.09142101290056348	-3.578240676186304e-06	-0.10791359361734876	0.017563732088002403	3.7766908274576422e-06	0.15867493408630545
268.73346864098585	0.0	93.06086060724223	1.6806881237852536	0.09423060227920772	-3.5360029405014966e-06	-0.11172393001019348	0.017922381567343732	3.826562380582627e-06	0.16300084847115875
268.99901270454643	0.0	93.29744819574852	1.655337771377774	0.0973102974400353	-3.4895127762354243e-06	-0.11588800720717973	0.01833140838620259	3.8626596775090435e-06	0.16770331678116657
269.264556768107	0.0	93.5340357842548	1.6255728133342446	0.10066009838304615	-3.438770183388097e-06	-0.12040582520830748	0.01879081254457899	3.8849827182369e-06	0.17278233901632886
269.5306717967069	0.0	93.7699799434773	1.5903786354891118	0.10428179267400588	-3.384536943648122e-06	-0.1252816907235688	0.01930231191485434	3.894269153969883e-06	0.17824344124002417
269.7971587303516	0.0	94.00550499718523	1.5487369643244542	0.10817454973561383	-3.3265507357783675e-06	-0.1305138306988899	0.019865268906335103	3.890272386321569e-06	0.18408440777151908
270.06364566399634	0.0	94.24103005089313	1.4997789604160077	0.11233715427174751	-3.264316166011388e-06	-0.13609937318882107	0.02047855506045823	3.8725145350762834e-06	0.1903015681219851
270.33013259764107	0.0	94.47655510460103	1.4429208822735087	0.11676960628240712	-3.1978332343471634e-06	-0.1420383181933625	0.021142170377223712	3.840995600234009e-06	0.1968949222914224
270.59395385564784	0.0	94.71500707390385	1.3774537126735662	0.12146443477278568	-3.1235841829261095e-06	-0.148311817048551	0.021848374127641155	3.7922547545531757e-06	0.2038400341133792
270.85329527920857	0.0	94.95837790772126	1.3031721479172549	0.1264175936195465	-3.0391586103371386e-06	-0.15490840193068744	0.02259209192535052	3.7238837371360875e-06	0.2111217208190808
271.1126367027693	0.0	95.2017487415387	1.2211371444482062	0.13164211241425103	-2.950460864123739e-06	-0.16186037012013965	0.023386420976615856	3.6416745063538673e-06	0.2187817098798893
271.37197812632996	0.0	95.4451195753561	1.1321614199883663	0.13713799115689815	-2.857490944285934e-06	-0.16916772161690602	0.02423136128143699	3.5456270622065364e-06	0.22682000129580293
271.6298413272896	0.0	95.69000101634212	1.0374074137166696	0.14290047710671697	-2.7583844168828196e-06	-0.1768193699529053	0.025122676450676736	3.4338937060783913e-06	0.2352224044945389
271.8787743961242	0.0	95.94400822877537	0.937968431314447	0.14890589256908754	-2.643738000035923e-06	-0.1847597954597356	0.026039062802761984	3.2971455981964153e-06	0.24391777539454398
272.1277074649587	0.0	96.19801544120861	0.8373867640824654	0.1507908874666381	-1.7680390317895197e-06	-0.18641571406675247	0.026312315405588572	2.1613740698893677e-06	0.244435859434341
272.37664053379325	0.0	96.45202265364186	0.7388993432710967	0.15024195525430806	-1.8149711148095532e-07	-0.1844886958647734	0.02627381098608888	1.208665314182345e-07	0.24052583546953743
272.62557360262775	0.0	96.7060298660751	0.6457141103682789	0.14974242210049146	1.303164190549288e-06	-0.1826984142567595	0.026199826186802454	-1.788596883955795e-06	0.23688454238304693
272.91130936260186	0.0	96.9170611110807	0.5664878903305687	0.14933011034805108	2.9141004684207117e-06	-0.18125911621459193	0.026272191453619573	-3.861626673307976e-06	0.23389589963417964
273.20058845980196	0.0	97.12395466015982	0.49844298517411945	0.14896831388306228	4.450330924921002e-06	-0.17997019234015954	0.026328396604978602	-5.838676206029903e-06	0.23119921373798932
273.4898675570021	0.0	97.33084820923894	0.4423123690172411	0.1486532752142408	5.890128102606188e-06	-0.17881069404551828	0.026351018436818578	-7.691688265547838e-06	0.22875689025294912
273.7791466542023	0.0	97.53774175831805	0.3986044812474995	0.1483849943415866	7.233492001475935e-06	-0.1777806213306681	0.026340056949139358	-9.420662851861349e-06	0.22656892917905902
274.0819783818191	0.0	97.72344852246431	0.3699911960772857	0.14817853347342558	8.578011054950346e-06	-0.17697331443472922	0.026379829069469268	-1.115162293213138e-05	0.2248038315571472
274.39109369499954	0.0	97.8993321768636	0.35314042639194587	0.14802220965195934	9.878776433584047e-06	-0.17632873315197903	0.026427699554081675	-1.282653644239225e-05	0.2233516136469024
274.70020900817997	0.0	98.07521583126288	0.3444167711738339	0.1479083610890189	1.1091940839034252e-05	-0.17580172338482805	0.026445062609010556	-1.4388773047984918e-05	0.2221304611430377
275.0093243213604	0.0	98.25109948566217	0.34092038966326454	0.14783698778460416	1.221750427130096e-05	-0.17539228513327637	0.026431918234255905	-1.583833274890938e-05	0.22114037404555303
275.3269445139942	0.0	98.40972248356377	0.3402725256271576	0.14781453411703266	1.3334677724733702e-05	-0.17515902889285412	0.02645678001092736	-1.72774721126427e-05	0.22048622890002512
275.65475169480953	0.0	98.54767098458275	0.33736708442489427	0.14783707540035157	1.446985064218335e-05	-0.17509915517479352	0.0265369329856379	-1.8740208039999433e-05	0.22016048435413307
275.9825588756248	0.0	98.68561948560173	0.32548321376124806	0.14789494520649601	1.553216201415729e-05	-0.17513707080791402	0.026591711602114116	-2.0109225677305355e-05	0.22002692697241205
276.3103660564402	0.0	98.8235679866207	0.30018966818016407	0.1457306959121927	1.4782663154899717e-05	-0.17229783588392514	0.025963813285118955	-1.916346163720262e-05	0.21710103855984145
276.6363261210208	0.0	98.96558717258335	0.26114063929048614	0.143556612462369	1.394390931276825e-05	-0.16947362269558972	0.025313913943731232	-1.810185534307717e-05	0.2143271564405186
276.9560074716185	0.0	99.12144342304336	0.20974124071687178	0.14154476061077415	1.309638909908448e-05	-0.16687009089543553	0.02465376543551663	-1.702636398499923e-05	0.21190973989889728
277.27568882221635	0.0	99.27729967350335	0.14770287289738818	0.13964688192925617	1.2270515691260659e-05	-0.16445775998715967	0.024024673059137747	-1.5976797786288577e-05	0.20984202792011009
277.5953701728141	0.0	99.43315592396334	0.0770011490082234	0.13786297641781708	1.1466289089297117e-05	-0.1622366299707643	0.02342663681459467	-1.4953156746945629e-05	0.20812402050415882
277.91505152341193	0.0	99.58901217442335	0.00010130078973650377	0.13619304407645572	1.0683709293193597e-05	-0.1602067008462482	0.022859656701887294	-1.3955440866970058e-05	0.2067557176510425
