Q20,Q30,Q40
1.400000000000000000e+02,0.000000000000000000e+00,1.600000000000000000e+01
1.414055478293666397e+02,0.000000000000000000e+00,1.608788860497564954e+01
1.413378665105512368e+02,0.000000000000000000e+00,1.749539685265527211e+01
1.415625391644465765e+02,0.000000000000000000e+00,1.888669913266414468e+01
1.429430408483963788e+02,0.000000000000000000e+00,1.917005434093627869e+01
1.443316299209647298e+02,0.000000000000000000e+00,1.940938213251922306e+01
1.457244913246068734e+02,0.000000000000000000e+00,1.962166093572901460e+01
1.471210111637743694e+02,0.000000000000000000e+00,1.980842993175563649e+01
1.485211745313994243e+02,0.000000000000000000e+00,1.996643155378153978e+01
1.499246625775912207e+02,0.000000000000000000e+00,2.009305381439883220e+01
1.513307540596120475e+02,0.000000000000000000e+00,2.018868425882208939e+01
1.527389218231534471e+02,0.000000000000000000e+00,2.024978886276770851e+01
1.541485428107223754e+02,0.000000000000000000e+00,2.025854654811333333e+01
1.555509223699950496e+02,0.000000000000000000e+00,2.011399050280747502e+01
1.569597591454243286e+02,0.000000000000000000e+00,2.017072435464213243e+01
1.583210586526497821e+02,0.000000000000000000e+00,2.053874036347315268e+01
1.596700314670783314e+02,0.000000000000000000e+00,2.095035696678238324e+01
1.610090530504810999e+02,0.000000000000000000e+00,2.139399354894750616e+01
1.623418823627998790e+02,0.000000000000000000e+00,2.185664513626232619e+01
1.636726021698824525e+02,0.000000000000000000e+00,2.232611769605513174e+01
1.650057480043220437e+02,0.000000000000000000e+00,2.278950937203763516e+01
1.663440283898669634e+02,0.000000000000000000e+00,2.323879425247096364e+01
1.676931869639298043e+02,0.000000000000000000e+00,2.365534932784443001e+01
1.690628287819502020e+02,0.000000000000000000e+00,2.399999999911294069e+01
1.704403274053948394e+02,0.000000000000000000e+00,2.431340180907162463e+01
1.718100904732889944e+02,0.000000000000000000e+00,2.466060968061396608e+01
1.731782237990080091e+02,0.000000000000000000e+00,2.501580246612291702e+01
1.745475662471589544e+02,0.000000000000000000e+00,2.536803484448297752e+01
1.759182145393281473e+02,0.000000000000000000e+00,2.571700175315489290e+01
1.772887451682040876e+02,0.000000000000000000e+00,2.606837728912685037e+01
1.786582186109828854e+02,0.000000000000000000e+00,2.642587620510258617e+01
1.800243055395981742e+02,0.000000000000000000e+00,2.679816227965699937e+01
1.813840116894282914e+02,0.000000000000000000e+00,2.719515651964034220e+01
1.827357271903416347e+02,0.000000000000000000e+00,2.762056982047742792e+01
1.840777338255131781e+02,0.000000000000000000e+00,2.807765916940979523e+01
1.854120330806682091e+02,0.000000000000000000e+00,2.855876062862769516e+01
1.867360169601602138e+02,0.000000000000000000e+00,2.906953025333027085e+01
1.880503290845847175e+02,0.000000000000000000e+00,2.960666644265646852e+01
1.893664705893646385e+02,0.000000000000000000e+00,3.014138975488769034e+01
1.906881015780604685e+02,0.000000000000000000e+00,3.066464739918394855e+01
1.920202917199661670e+02,0.000000000000000000e+00,3.116290608934873063e+01
1.933667523124741763e+02,0.000000000000000000e+00,3.162407340347382245e+01
1.947340268070600189e+02,0.000000000000000000e+00,3.202281238049106094e+01
1.960915345779980612e+02,0.000000000000000000e+00,3.245703965909078903e+01
1.974483794267574126e+02,0.000000000000000000e+00,3.289685032955699739e+01
1.988074707414332067e+02,0.000000000000000000e+00,3.333338864597098450e+01
2.001679048008242319e+02,0.000000000000000000e+00,3.376963743704198606e+01
2.015289203748388900e+02,0.000000000000000000e+00,3.420815693794575907e+01
2.028876979993757459e+02,0.000000000000000000e+00,3.465774527089324408e+01
2.042408031165906266e+02,0.000000000000000000e+00,3.512830847840245241e+01
2.055879485848334127e+02,0.000000000000000000e+00,3.561984580064464723e+01
2.069262317558584812e+02,0.000000000000000000e+00,3.613914352203611458e+01
2.082525252490201240e+02,0.000000000000000000e+00,3.669236337020667094e+01
2.095340399399548232e+02,0.000000000000000000e+00,3.734614415796297493e+01
2.107628539089007518e+02,0.000000000000000000e+00,3.809740741627874883e+01
2.119501036610067786e+02,0.000000000000000000e+00,3.891567174703462939e+01
2.131186934176791681e+02,0.000000000000000000e+00,3.976322630457794105e+01
2.143351830782301590e+02,0.000000000000000000e+00,4.054379351737038917e+01
2.155509770425341287e+02,0.000000000000000000e+00,4.132890177987171398e+01
2.167619909474997542e+02,0.000000000000000000e+00,4.212491159018637887e+01
2.179923673178766421e+02,0.000000000000000000e+00,4.289457339535408664e+01
2.192815150856736750e+02,0.000000000000000000e+00,4.356625994024230408e+01
2.206236696925099920e+02,0.000000000000000000e+00,4.413156816011721872e+01
2.219635925712597668e+02,0.000000000000000000e+00,4.470919018502309683e+01
2.232994307282435784e+02,0.000000000000000000e+00,4.530318821244512151e+01
2.246382790092191613e+02,0.000000000000000000e+00,4.589760784913595870e+01
2.259784041081879877e+02,0.000000000000000000e+00,4.649654872807843020e+01
2.273188834974996553e+02,0.000000000000000000e+00,4.710226082570583372e+01
2.286593481363684361e+02,0.000000000000000000e+00,4.771568080449802807e+01
2.300021920263218362e+02,0.000000000000000000e+00,4.833171125279379510e+01
2.313445484932478564e+02,0.000000000000000000e+00,4.895675064688818878e+01
2.326809661476358428e+02,0.000000000000000000e+00,4.960224054200133281e+01
2.339522367635795774e+02,0.000000000000000000e+00,5.037429846899759411e+01
2.351439458767523263e+02,0.000000000000000000e+00,5.126868096836359712e+01
2.361312398635995180e+02,0.000000000000000000e+00,5.238716849132200082e+01
2.369781561536489676e+02,0.000000000000000000e+00,5.361734210076720331e+01
2.378995518137045053e+02,0.000000000000000000e+00,5.479486354139005755e+01
2.389699834832014176e+02,0.000000000000000000e+00,5.584093694086012505e+01
2.400449743999151906e+02,0.000000000000000000e+00,5.688406829499351858e+01
2.410717633887667262e+02,0.000000000000000000e+00,5.797564986562615275e+01
2.425576671259006503e+02,0.000000000000000000e+00,5.819632503788715638e+01
2.440633433149303926e+02,0.000000000000000000e+00,5.826362372019857361e+01
2.455669939046071875e+02,0.000000000000000000e+00,5.810091707111225645e+01
2.470141964338657488e+02,0.000000000000000000e+00,5.764081141634242300e+01
2.481823253817095463e+02,0.000000000000000000e+00,5.665843763427371016e+01
2.496736277036455931e+02,0.000000000000000000e+00,5.628331379413279478e+01
2.508927060543128107e+02,0.000000000000000000e+00,5.722684228278833274e+01
2.520992700999930207e+02,0.000000000000000000e+00,5.819514638757470237e+01
2.533476180710088954e+02,0.000000000000000000e+00,5.911691039673034709e+01
2.544816322091388940e+02,0.000000000000000000e+00,6.018174151906226399e+01
2.552862025801900643e+02,0.000000000000000000e+00,6.151460171237642527e+01
2.560088470322222065e+02,0.000000000000000000e+00,6.289364311407830854e+01
2.565148895120979660e+02,0.000000000000000000e+00,6.436490550757369533e+01
2.567919419842975230e+02,0.000000000000000000e+00,6.589378616146697709e+01
2.569371693218984092e+02,0.000000000000000000e+00,6.743782088642259964e+01
2.570726327687925732e+02,0.000000000000000000e+00,6.897930451094325122e+01
2.573957842297815546e+02,0.000000000000000000e+00,7.048924911984073560e+01
2.584424267194267486e+02,0.000000000000000000e+00,7.162223912797283276e+01
2.597105136126129992e+02,0.000000000000000000e+00,7.249761992652149445e+01
2.609204398421706514e+02,0.000000000000000000e+00,7.345000700348896316e+01
2.620882369353104764e+02,0.000000000000000000e+00,7.445149817056147867e+01
2.631910043623742013e+02,0.000000000000000000e+00,7.552187559150539187e+01
2.640000000001492140e+02,0.000000000000000000e+00,7.682581655308875668e+01
2.640000000617067144e+02,0.000000000000000000e+00,7.835766290151542535e+01
2.643050977207865344e+02,0.000000000000000000e+00,7.985611125721017345e+01
2.648356342031270287e+02,0.000000000000000000e+00,8.128754096084226433e+01
2.651306973911071623e+02,0.000000000000000000e+00,8.278276487920501836e+01
2.653412586468883774e+02,0.000000000000000000e+00,8.428931569760959519e+01
2.655211625106676934e+02,0.000000000000000000e+00,8.579683016208014124e+01
2.657152447593504689e+02,0.000000000000000000e+00,8.729958698062075939e+01
2.659837677371230029e+02,0.000000000000000000e+00,8.878796191796794801e+01
2.664589668874820632e+02,0.000000000000000000e+00,9.022110342384236503e+01
2.672150992692749014e+02,0.000000000000000000e+00,9.152576740626724927e+01
2.682449135509750135e+02,0.000000000000000000e+00,9.262558041664685504e+01
2.693692977907788304e+02,0.000000000000000000e+00,9.362735523429010698e+01
2.704972049732646155e+02,0.000000000000000000e+00,9.462421611635747354e+01
2.715944871816855652e+02,0.000000000000000000e+00,9.565392622718341897e+01
2.726474358241482037e+02,0.000000000000000000e+00,9.672833771762734045e+01
2.738707825771437570e+02,0.000000000000000000e+00,9.760328013113513634e+01
2.751777908493496625e+02,0.000000000000000000e+00,9.834695532755448255e+01
2.765636580247345933e+02,0.000000000000000000e+00,9.893015884060824305e+01
2.779150515234119325e+02,0.000000000000000000e+00,9.958901217442334541e+01
