Q20	Q30	Q40	EHFB	M22	M23	M24	M33	M34	M44
140.0	0.0	16.0	0.0001	0.1097	1.399e-08	-0.1142	0.02081	-7.289e-09	0.1914
140.12572981852418	0.05684256520114896	16.057906944088636	0.002911264249830234	0.10900160568325178	-0.00011198170209584301	-0.11269325051395813	0.020801796119831583	-0.0001344296095081022	0.18973615002354377
140.25145963704836	0.11368513040229793	16.11581388817728	0.004050598725458922	0.10831349729015328	-0.00021742803863083478	-0.11122006875946772	0.020794765311567986	-0.00027012085333143887	0.188104572233772
140.3771894555725	0.17052769560344688	16.173720832265914	0.00341437261328519	0.10763542204909139	-0.0003164336956805257	-0.10977993503188427	0.020788828426461528	-0.0004070243022581833	0.186504654973819
140.50291927409668	0.22737026080459585	16.231627776354554	0.0009993039923406968	0.10696712718845244	-0.00040910734932046364	-0.10837232962656256	0.02078390631576452	-0.0005450832380765127	0.18493578658681747
140.62521546666238	0.28062022205577863	16.299120035752	0.002738233227760855	0.10630238846223605	-0.0004890473303659158	-0.10695276206661526	0.020772657359733656	-0.0006754488169624893	0.18317467237001947
140.74618160832142	0.332478550613457	16.370325267229607	0.004696878960085926	0.10564214662555545	-0.0005607478017630803	-0.10554602298010138	0.020759887539172944	-0.0008032854059907561	0.18135564487588623
140.86714774998046	0.38433687917113535	16.441530498707216	0.004522253435943674	0.10498804390418334	-0.0006269115219401252	-0.1041683236779425	0.020748395924486372	-0.000931911104632168	0.1795640668754528
140.9881138916395	0.4361952077288137	16.512735730184822	0.0022169874101491695	0.10433980747577153	-0.0006876557875417676	-0.10281910323069056	0.020738097088568754	-0.0010612646955865282	0.17779927819307553
141.10768775551915	0.48352603055347654	16.588861570936153	0.0020057736632672243	0.10368758540289501	-0.0007359670120225102	-0.10147026105685662	0.020723942083846023	-0.001180101268619139	0.1758795038582284
141.22550014469445	0.5251287674024658	16.67121284234063	0.004829417177128869	0.1030263590129412	-0.000770826813868664	-0.10011142212471656	0.020704765694903874	-0.0012852268344885685	0.17375595042935776
141.34331253386975	0.566731504251455	16.753564113745107	0.005287555444260659	0.10236714147733651	-0.0008016577450277711	-0.09877593891193055	0.02068686051941955	-0.0013906695410523216	0.17165711022856278
141.46112492304505	0.6083342411004441	16.83591538514958	0.0033924707934627303	0.101709686266595	-0.0008285657978487513	-0.09746330454782114	0.020670149363202505	-0.001496374070739648	0.16958238670367998
141.57904473499968	0.6476207772027923	16.919057984469532	0.0007684913819251557	0.10104820508757324	-0.0008485117608827106	-0.09616430392398168	0.02065285413046011	-0.0015965579930348902	0.16746239977089528
141.69752063517387	0.67491719391935	17.006296997364014	0.004131183265719118	0.10035792878205446	-0.0008492982667901536	-0.09483971497122087	0.020627859257241244	-0.0016671450957535866	0.1650109051628228
141.81599653534806	0.7022136106359078	17.093536010258497	0.005207278041819887	0.09966635891898065	-0.0008478907361524144	-0.09353252928122084	0.020603956606274124	-0.0017376664734634166	0.16258468271130014
141.93447243552225	0.7295100273524655	17.180775023152982	0.004009617434888397	0.09897332317977615	-0.0008443632552416676	-0.09224239256275817	0.020581092220552724	-0.001808083460424408	0.1601833154397587
142.0529483356964	0.7568064440690233	17.26801403604746	0.0005642755742974668	0.0982786492458655	-0.0008387899103300943	-0.09096895052460961	0.020559212143071	-0.001878357390896586	0.15780638637163028
142.17454862940764	0.7714524708663408	17.35385199701851	0.0029771924109064495	0.09755121830938887	-0.000817280439289214	-0.08967962450545638	0.020531339982703223	-0.0019172305694063576	0.1551654878466694
142.29656704841366	0.7844055457510012	17.439502460722778	0.0044699249092143185	0.09681624171934632	-0.0007932689975191569	-0.08839854578190504	0.020503484852369053	-0.0019516409188472257	0.15251302679518375
142.41858546741966	0.7973586206356615	17.525152924427047	0.0039799469938360844	0.09607768556990552	-0.00076874074928838	-0.08712963467847892	0.020476550364470672	-0.001985742968552732	0.1498875468665794
142.54060388642569	0.8103116955203218	17.61080338813132	0.0015256634198310473	0.09533546717854999	-0.000743731242937376	-0.08587272119789377	0.020450510629164174	-0.0020195181657890185	0.1472888479856648
142.6660531294811	0.8164443771408898	17.69182405601986	0.0017034168497765026	0.0945745054757563	-0.0007120117127214593	-0.08462228921750539	0.020423047973183138	-0.002036356114695231	0.14461718346411176
142.7937749045278	0.8180593214298539	17.76977800904542	0.0032891413093940397	0.09379908132104654	-0.0006765097411770004	-0.0833774259765178	0.020394978841775886	-0.002041839848169144	0.14190699485179428
142.92149667957452	0.8196742657188183	17.847731962070974	0.0033388593000275024	0.09301893576297748	-0.0006415764517594301	-0.08214099873820839	0.020367832243197503	-0.002046955195673066	0.13922443040651608
143.04921845462124	0.8212892100077824	17.92568591509653	0.001866084840906742	0.09223405898076135	-0.0006072160667968462	-0.08091298731079617	0.020341605102327916	-0.0020516999535674344	0.13656946636393028
143.17828445692987	0.8204027069537181	18.00120968865941	0.000774325263856649	0.09144022128781523	-0.0005715993831585571	-0.0796940991547148	0.020315758047217358	-0.002050035451463816	0.13391770901835484
143.3102005226719	0.8142125742197855	18.071580936440956	0.002358344768766634	0.09063226644772687	-0.0005330770313452287	-0.07848342703706082	0.020289765930675288	-0.002035207328747982	0.13124130101551315
143.44211658841394	0.808022441485853	18.141952184222497	0.002733545543537675	0.08981895072068222	-0.0004957315367869238	-0.07727860349379953	0.020264814125028285	-0.0020200250086004263	0.12859169772816395
143.57403265415599	0.8018323087519205	18.212323432004037	0.0019107320291720695	0.08900030920437674	-0.0004595478096571287	-0.07607970068665473	0.02024091362019169	-0.0020044963664249335	0.12596898408572688
143.7061050036966	0.7954709620200723	18.282355652502506	0.00012364705113088184	0.08817628808991052	-0.00042440910881605273	-0.0748874307273329	0.020218098395949794	-0.0019882314832969177	0.12337378513092664
143.84206364426902	0.7848520567269657	18.34395732100689	0.0014905273790249821	0.08734464786340111	-0.00038802388748433573	-0.07371607237349605	0.020196965879915017	-0.001961754272924839	0.12081768690570657
143.97802228484144	0.7742331514338588	18.405558989511263	0.0020126500477138974	0.0865075061935699	-0.0003530376944509346	-0.0725488234969609	0.02017699439761813	-0.001934976840853069	0.1182860887572003
144.11398092541387	0.7636142461407522	18.467160658015644	0.0016586170862292195	0.08589330567624287	-0.0003216775370148687	-0.07173214506340479	0.02021128351037175	-0.0019110921750554188	0.11642341228646864
144.24993956598632	0.7529953408476455	18.528762326520024	0.00044208975128627305	0.08531782754736392	-0.0002918376948857293	-0.07098256783694605	0.020256948152700203	-0.0018875231512122932	0.11469710022060962
144.38819176186652	0.7407012415018265	18.58456556772818	0.0009020714680208514	0.08474543016943684	-0.00026232333088692	-0.07025582949638606	0.020305911992868093	-0.001860034319640859	0.11303083264904952
144.52718461225749	0.7278661741543708	18.638496331164585	0.001493805445610634	0.08417092411167412	-0.00023371221882525876	-0.06953623506780454	0.020356806722896997	-0.0018310739308906542	0.11139051078880197
144.66617746264845	0.7150311068069153	18.692427094600994	0.0014156056841081088	0.08359161743950343	-0.00020623667050928256	-0.06881638790731275	0.02040896204104857	-0.0018018210435176837	0.10976026225532587
144.8051703130394	0.7021960394594595	18.7463578580374	0.0006714977922547899	0.08300746162622766	-0.0001798812246008874	-0.06809630434080692	0.02046239183786439	-0.0017722852692164468	0.1081401647544757
144.94522126932512	0.6888919135004916	18.797241293202795	0.0004895226438054193	0.08242468711719889	-0.00015445687695946753	-0.06738969042682694	0.020518340613929934	-0.0017415818093618558	0.10656384176915618
145.0864556759848	0.6750631636905986	18.844716409976133	0.0011056943188580788	0.08184435173391726	-0.00012995685538703635	-0.06669800550481912	0.02057698602043847	-0.0017096040238639503	0.10503433010747604
145.22769008264441	0.6612344138807054	18.892191526749468	0.0011944764727786113	0.08125951563849895	-0.00010657075108436704	-0.06600588989030949	0.020636971592467187	-0.0016773579067258758	0.10351382154877235
145.3689244893041	0.6474056640708123	18.939666643522806	0.0007552922341621665	0.08067013206356541	-8.428366325894076e-05	-0.06531335931730395	0.020698310716960832	-0.0016448527211733956	0.10200239098169915
145.51043954513395	0.6334529752785831	18.98621728925294	0.0001982595298422745	0.08007835559502065	-6.304673076766083e-05	-0.06462468206362079	0.02076137769948224	-0.0016118667645999556	0.10051038602629504
145.65317552344774	0.6189611083727593	19.028746161173494	0.0008269537838253784	0.07949174518286188	-4.274574779564707e-05	-0.06395400297850652	0.020827401019274144	-0.0015776281898589968	0.09907160116432946
145.79591150176157	0.6044692414669353	19.071275033094047	0.0010278519249953275	0.07890083699107137	-2.352402525300901e-05	-0.06328275603759306	0.020894827474083173	-0.0015431457000266795	0.09764094055555576
145.93864748007536	0.5899773745611113	19.1138039050146	0.0007858634001545615	0.07830558664905882	-5.367425999974006e-06	-0.06261095616853271	0.020963669764784646	-0.0015084280835964516	0.09621847525065014
146.08138345838918	0.5754855076552875	19.156332776935155	0.0001363338036381513	0.07770594978623355	1.1738187103244873e-05	-0.06193861829897749	0.02103394059225391	-0.0014734841290617669	0.09480427630028834
146.22481783250808	0.5598847850570388	19.196011315278625	0.0006311967215622641	0.07710812132532303	2.7819900588200097e-05	-0.06127608643641824	0.021106704488507377	-0.0014357206880301272	0.09341455437298947
146.36832955811477	0.5441612500980353	19.235374162231476	0.0009307342270602232	0.07650676333942176	4.282048533362588e-05	-0.060614020291007396	0.02118109301628678	-0.001397445683585004	0.09203434801328099
146.51184128372148	0.5284377151390318	19.274737009184328	0.0008252323679613602	0.0759011533685748	5.6749635997272826e-05	-0.059951281995184624	0.02125700534254058	-0.0013589553991541468	0.09066190567337332
146.65535300932814	0.5127141801800282	19.31409985613718	0.00032312215979859234	0.07529124661282191	6.962162652267755e-05	-0.05928788662105579	0.021334454291049226	-0.0013202587082764262	0.0892972990914934
146.79917630391154	0.4961272859193054	19.35191466666994	0.0004464430404022577	0.07468027388347433	8.134637359379222e-05	-0.05862837467657264	0.0214140833280519	-0.001279259388843524	0.08794375105143519
146.94319715112545	0.4789929722620236	19.388747933178962	0.0008383831454803021	0.07406716213270476	9.191690333676264e-05	-0.0579709615210105	0.0214957347630181	-0.0012367233295077999	0.08659970882705018
147.0872179983394	0.4618586586047418	19.425581199687983	0.000848877127614549	0.07344982975244035	0.00010139964062965312	-0.05731275856415913	0.021579036323065574	-0.0011939911270100973	0.08526313420459503
147.23123884555335	0.44472434494746005	19.462414466197004	0.00048036027802775613	0.07282823089832698	0.00010980919217568265	-0.056653781229491156	0.021664001130927684	-0.0011510718617526484	0.08393410059468591
147.37526662206204	0.426800956531023	19.498819563032956	0.0002695413210606614	0.07220232606433952	0.00011694902976768678	-0.055993115307007554	0.021750961367086784	-0.0011059585847267867	0.08260297261507772
147.51930900760607	0.4072139614428909	19.53432194955347	0.0007734426504273884	0.07157214002578494	0.00012251475545427642	-0.05532961727086245	0.02184038912345205	-0.001056413727097185	0.08125895208256917
147.66335139315012	0.3876269663547589	19.569824336073985	0.0008964247397099672	0.0709376425918334	0.00012692364257022417	-0.05466519769518174	0.021931679956440502	-0.0010066911784472915	0.07992253012072048
147.80739377869415	0.3680399712666268	19.6053267225945	0.0006336649948466486	0.07029878324180139	0.00013019178776784823	-0.053999873576701184	0.022024848327363067	-0.0009568009454210049	0.07859378762835917
147.95143578789566	0.34838065284164704	19.640787378688827	0.00010290586776395552	0.06965553105743283	0.00013230838771369902	-0.05333358143937461	0.02211994714153566	-0.0009065672650556864	0.07727193859501554
148.09546531149388	0.3263219230488893	19.674863579041173	0.0006556212641520752	0.06923605247680363	0.00013066676758850365	-0.05291046067356088	0.022285225865640704	-0.0008500863127487432	0.07630003900512698
148.2394948350921	0.30426319325613144	19.708939779393518	0.0008832368041039401	0.0689300166118617	0.00012724149800888028	-0.05261171497088321	0.022487707120128986	-0.0007934778341291703	0.07552100919831788
148.38352435869032	0.2822044634633735	19.743015979745863	0.0007314288353810337	0.06862197635578425	0.00012296922816488245	-0.05231171963231583	0.022693591295784916	-0.0007367138466073255	0.07474545684673078
148.52755388228852	0.26014573367061555	19.7770921800982	0.00022387958298102556	0.0683117988486134	0.0001178656891478336	-0.052010427055627806	0.022902900975756424	-0.000679805441161633	0.07397343183628581
148.67191909789258	0.23746587387175075	19.8092650890945	0.00044920330804377047	0.06800646289623383	0.00011169119108074283	-0.051715832911009195	0.023116729684335455	-0.0006212247139431254	0.07321612297477445
148.81640577395018	0.2145612761259157	19.840749347103664	0.0007430656280039284	0.06770157150797988	0.00010459488604475045	-0.05142285036260562	0.02333444387745334	-0.0005619452736069686	0.07246617193315659
148.96089245000775	0.1916566783800806	19.87223360511283	0.0007077088696889845	0.06739446525934678	9.667985085215565e-05	-0.051128537585052064	0.023555682061502978	-0.0005025316637672128	0.07171955069526899
149.10537912606532	0.16875208063424554	19.903717863121994	0.00035556416803816715	0.06708501628440061	8.796122528406692e-05	-0.05083284876542036	0.023780465970762707	-0.00044299455850756875	0.07097630727188818
149.25029668969248	0.14648154299213687	19.93356738954752	0.00024144083654945508	0.06678171619138701	7.881907031376598e-05	-0.050547599295675344	0.024008866312071643	-0.0003850546844519835	0.07026710067279042
149.39577034674153	0.12502930849367766	19.961307169616113	0.0005390876090273362	0.0664871754158515	6.939823372832428e-05	-0.05027623416099082	0.024240729015566394	-0.0003292014931215932	0.06960019612923275
149.54124400379055	0.10357707399521873	19.989046949684703	0.0005865139153595821	0.0661902512195181	5.92501000975887e-05	-0.05000342338815902	0.024475935094339197	-0.0002732301299998926	0.06893586345099421
149.6867176608396	0.08212483949675953	20.0167867297533	0.000386576167467343	0.06589083736660234	4.838724811607597e-05	-0.049729128914091286	0.02471450260603874	-0.00021714946351352975	0.06827414252721761
149.83245066470568	0.0615792962530361	20.04364674684808	0.00010984835470355137	0.06559462936884768	3.7373765521038076e-05	-0.049462042173540395	0.024955716139003988	-0.0001633650918897153	0.06764138252566858
149.9798349200654	0.04680662234950307	20.064905345961137	0.0003016882512181488	0.06533294973421788	2.9289158412252917e-05	-0.049249050069264215	0.025195102294563537	-0.00012474112794101492	0.06717782458288113
150.12721917542513	0.03203394844597004	20.086163945074198	0.00037428880758328157	0.06506900933719208	2.071182344153085e-05	-0.049034603131032986	0.02543692081967373	-8.601759015656775e-05	0.06671522446782738
150.27460343078485	0.017261274542437005	20.10742254418726	0.00029813015765961547	0.06480275137679814	1.1648486045878371e-05	-0.04881868100769634	0.025681181369198038	-4.7199220208470334e-05	0.06625360350799231
150.42198768614458	0.0024886006389039724	20.128681143300316	0.00011289476727944561	0.0645341190520641	2.105871662300825e-06	-0.04860126334810386	0.025927893597999917	-8.290759768814608e-06	0.06579298303086087
150.57102072806356	0.0009862614670722077	20.1397162105118	0.0002747669335621451	0.06433874852079319	1.1441931053728276e-06	-0.048496232243710496	0.026158450152957487	-4.414913832056525e-06	0.0656830231384038
150.72038779365664	0.002172327254882131	20.148680117166673	0.00041098917498142085	0.06415734224244263	2.0148313423234626e-06	-0.0484134955024439	0.026385569672862905	-7.658725206769296e-06	0.06564394237886853
150.8697548592497	0.0033583930426920546	20.157644023821547	0.00037809928369579435	0.06397466722258796	2.9265012650066468e-06	-0.04833004689850311	0.026612827457362105	-1.0915735262450489e-05	0.06560481713401776
151.01912192484275	0.0045444588305019774	20.166607930476424	0.0001869426443422599	0.06379072541004978	3.878972126127951e-06	-0.04824588713012866	0.026840223175200278	-1.4185781314057364e-05	0.0655656466721132
151.1685097855127	0.004979611651666919	20.175253810786877	0.00019209267060747538	0.06360602899621953	4.30712585539097e-06	-0.048159877199458245	0.027069033604585156	-1.5463754402109007e-05	0.06551637471931261
151.31791655673464	0.004731901948617309	20.183610485447726	0.00036242330969103633	0.06342062348658858	4.2245679771140415e-06	-0.04807214593371119	0.027299261818502125	-1.4919575339654534e-05	0.06545788234115726
151.46732332795656	0.004484192245567702	20.191967160108575	0.00038034278113662537	0.06323407293623524	4.133318633895169e-06	-0.0479837375079989	0.027529783684884474	-1.4372866238754464e-05	0.06539930460190133
151.6167300991785	0.004236482542518092	20.200323834769428	0.000245208966157238	0.06304637696561932	4.0334227646365e-06	-0.047894651786336395	0.027760599268245433	-1.3823658782931846e-05	0.0653406416440535
151.76614923651897	0.003847641648304415	20.208432194114092	0.00012286258085577025	0.06285875297574818	3.809174637677459e-06	-0.04780585450921002	0.027991944858365262	-1.2892167624044874e-05	0.06528206076407427
151.91561427376206	0.002934957484814653	20.21561886983964	0.0003221746334753629	0.06267460884004694	3.1329155903436892e-06	-0.04772001544085674	0.028224488210706385	-1.0543901836312965e-05	0.0652240020313312
152.06507931100518	0.0020222733213248905	20.222805545565187	0.0003896695675244998	0.0625749906298601	1.939186247328105e-06	-0.04771430533804716	0.028669920123830964	-6.322899191349513e-06	0.06531032732302482
152.2145443482483	0.0011095891578351284	20.229992221290736	0.00030246588230668184	0.06258559515418335	8.429166484750531e-08	-0.047812862774495035	0.02939247334336213	3.336291405510853e-07	0.06558425654514953
152.36400938549139	0.0001969049943453662	20.237178897016282	0.00010587470646499105	0.06259569066165202	-1.8010430150063846e-06	-0.04791109220666225	0.0301170072030307	7.014160223806926e-06	0.06585857434990562
152.51358469045414	0.0005109953283612262	20.241452216276166	0.0003343226157555746	0.06262487540975177	-2.613812968886285e-06	-0.04803263910800587	0.03083879928144067	1.0378011123039086e-05	0.06618718290736866
152.66317263590742	0.0009657164064414043	20.245391564224832	0.00048689928509645735	0.06265590165750934	-3.290661183936921e-06	-0.04815664895653945	0.03156086523507246	1.3362327996033559e-05	0.06652206920997819
152.81276058136066	0.0014204374845215824	20.249330912173505	0.00043790465962748927	0.06268652859104527	-3.955881300787778e-06	-0.048280415584814544	0.032283682986689856	1.6348960479717912e-05	0.06685703845133265
152.96234852681394	0.0018751585626017608	20.253270260122175	0.00019690226375357025	0.0627167564522751	-4.609492456897179e-06	-0.048403939073720995	0.033007252218260966	1.9337918063073935e-05	0.06719209058056227
153.1119589721362	0.001842993061406699	20.256079074876517	0.0002747438828357625	0.06275316523229486	-5.715981353772962e-06	-0.04853270338081194	0.033732043207381525	2.3657587444991117e-05	0.06753091534642519
153.2615857888445	0.0014565584673496127	20.258065289488957	0.0005206979108063292	0.06279418020205682	-7.168145602403733e-06	-0.048665339914099735	0.03445780453524659	2.8951403446711116e-05	0.06787252830631005
153.41121260555283	0.0010701238732925213	20.260051504101394	0.0005391254423018098	0.06283507168364999	-8.63316997597971e-06	-0.048797891818937913	0.03518416106858258	3.425420787843521e-05	0.06821425019811929
153.56083942226118	0.0006836892792354295	20.26203771871383	0.0003284740001637229	0.06287583957339088	-1.0111046272309782e-05	-0.04893035906065765	0.03591111294369617	3.956599667324547e-05	0.06855608104365556
153.7104652199142	0.0003769822959691593	20.262919709964915	0.00019669849744671268	0.06292370510931326	-1.1517307878030623e-05	-0.049070339366737235	0.03663656260296919	4.465394512763167e-05	0.06891126841293013
153.8600880848189	0.00029972412096925216	20.260623846871574	0.0006313662312802397	0.06299243885943263	-1.268607076690135e-05	-0.049232235159567116	0.03735587899775839	4.907305116582026e-05	0.06930457395430653
154.00971094972357	0.00022246594596934496	20.25832798377823	0.0007610010108327444	0.06306138214237106	-1.3856108380851295e-05	-0.04939426015218828	0.03807469089348939	5.348875978059032e-05	0.0696978039551963
154.15933381462824	0.00014520777096943777	20.256032120684885	0.0005705785674521031	0.06313053498208848	-1.5027422615304905e-05	-0.049556414352612294	0.03879299825866355	5.7901071911754444e-05	0.07009095841056114
154.3089566795329	6.794959596953057e-05	20.253736257591545	0.00010956469002418176	0.06319989740254486	-1.6200015365688286e-05	-0.04971869776885066	0.03951080106178215	6.230998849912941e-05	0.0704840373153627
154.45830994113078	0.00020017019633414103	20.244644877318514	0.0008163355841250319	0.06331497366221576	-1.7113518747379227e-05	-0.0499274462726308	0.04021095603376952	6.60126963082351e-05	0.07095237899668205
154.60764450207245	0.000346920998867455	20.23508213550401	0.001188686802253388	0.06343399520934716	-1.799933302747244e-05	-0.05013990893682756	0.040907720554211026	6.964552788371566e-05	0.07142562220624328
154.75697906301411	0.000493671801400769	20.225519393689506	0.0010515518865516248	0.0635538249402237	-1.8875138052381133e-05	-0.05035288410987494	0.0416022271099573	7.325663131450431e-05	0.07189853291031949
154.90631362395578	0.000640422603934083	20.215956651875004	0.00040612250168620405	0.06367446266564547	-1.9740918854873903e-05	-0.05056637172850988	0.04229447594973836	7.68459991793555e-05	0.07237111114869575
155.0383483973572	0.0005987356819894807	20.266051484047548	0.012311072991931796	0.06338000402848232	-2.1002644698526392e-05	-0.050353783622850125	0.04305942159248504	8.164253828460325e-05	0.07216592621458383
155.15939980228683	0.00043741255311917045	20.35402199045663	0.033296077725200046	0.0628166667985547	-2.2549286043567657e-05	-0.04986735889547309	0.04388484233235297	8.732484152066663e-05	0.07153271061292753
155.2804512072164	0.0002760894242488579	20.44199249686571	0.055301467265506096	0.062247142959191676	-2.413194846177108e-05	-0.049377084415095376	0.04472680190712466	9.314330863793055e-05	0.07090213134751919
155.401502612146	0.00011476629537854539	20.52996300327479	0.07827558762969626	0.06167143095943131	-2.575050925956738e-05	-0.04888295966311916	0.04558530235575977	9.909787880088363e-05	0.07027418874449581
155.52577645268633	1.8701637323444706e-10	20.612769667516275	0.10071741536333118	0.06112654044229039	-2.7346586638924692e-05	-0.04842392789134265	0.04646098444314422	0.000105040922114919	0.06971204788613786
155.65799380515065	1.414179717937184e-10	20.682847127271703	0.12006906175826292	0.06066721673535395	-2.8832414438898162e-05	-0.048057353705989965	0.04735336019606006	0.00011074787594845101	0.06930794570101834
155.79021115761498	9.581957035298976e-11	20.75292458702713	0.13965792946134523	0.060202513272913094	-3.035031169694606e-05	-0.04768740921095154	0.048260068451549634	0.00011657790890559126	0.06890600931631893
155.92242851007933	5.022116891226112e-11	20.823002046782563	0.15945424615433906	0.05973243005496743	-3.190027841303745e-05	-0.047314094406227226	0.049181109209613605	0.00012253102098632338	0.0685062387320398
156.05464586254365	4.622767471532479e-12	20.89307950653799	0.17942852781312957	0.059412899064015416	-3.256928784216884e-05	-0.04743331548561284	0.049506753932055586	0.00012509864608845346	0.0694399598344248
156.18529168079522	1.8416060293246195e-10	20.96604226756334	0.20055040818832714	0.05929648459750505	-3.196126100492516e-05	-0.048248214671527234	0.04896894144518789	0.00012275880231518336	0.07226948002376628
156.3158815459273	3.717142198309376e-10	21.039107757250584	0.22191489357681202	0.0591914673292695	-3.1322131465984206e-05	-0.04910223251414754	0.048402100906137106	0.0001202995311113983	0.07520627526271752
156.4464714110594	5.592678367294133e-10	21.11217324693783	0.24346959237782229	0.05909874681403519	-3.0650752557817135e-05	-0.04999663523130159	0.04780556806192212	0.00011771643015765881	0.07825289446047293
156.57706127619144	7.468214536278891e-10	21.18523873662507	0.2651970128110697	0.059018323051800554	-2.9947124280494102e-05	-0.050931422822984344	0.04717934291254748	0.00011500949945419772	0.08140933761702163
156.70592198161248	0.012153126336976834	21.259770436304365	0.29158135440068433	0.05893371512048885	-1.5686425694065263e-05	-0.051893044998051446	0.04645905355169366	8.164751153286014e-05	0.0847110503449819
156.83382640512988	0.0310273279622267	21.335112998088135	0.3206325513872444	0.05884937043563081	5.871686860213636e-06	-0.052876186510499294	0.04567859866422981	3.2489005995386194e-05	0.08810658321725916
156.9617308286473	0.04990152958747683	21.410455559871906	0.34984367660410565	0.05877364622033134	2.7194842379607587e-05	-0.05388547962599596	0.044875063537315206	-1.5298000651165582e-05	0.09156778738430592
157.08963525216467	0.06877573121272695	21.48579812165568	0.3791881745598912	0.05870640069031504	4.82759637752868e-05	-0.05492047256169414	0.04404887369429213	-6.169003133636811e-05	0.09509371733342575
157.2148511045049	0.09722917321090974	21.561288019102047	0.41200876969097333	0.058632902143209806	7.947112328850042e-05	-0.05594558784970269	0.04316364576799488	-0.00012921352378370089	0.09863060554650006
157.33450185271548	0.14551079406116718	21.63708288831607	0.45212299899866126	0.05853342436899579	0.00013153566987665578	-0.05690662122384729	0.04218849157211123	-0.00024045112557875985	0.10207137894526273
157.45415260092608	0.19379241491142463	21.712877757530094	0.4926309902005346	0.058435849336931994	0.00018283859791067857	-0.057867110588757605	0.04120459561312667	-0.0003479042185101606	0.10549816481444002
157.57380334913665	0.2420740357616821	21.78867262674412	0.5334777832499672	0.058339835720054224	0.00023336287023155027	-0.05882596833674673	0.04021298228242908	-0.00045151628462372954	0.10890868695677787
157.69337064437718	0.29048685874101077	21.864501731234817	0.5746780425594039	0.0582444514039037	0.00028322545776167195	-0.059780769187239534	0.03921461422661467	-0.0005515166845633797	0.11229778380284755
157.806070719795	0.34969610827253017	21.94314800533082	0.6218470217395643	0.05810068220397553	0.00034315329142787707	-0.060617566078691454	0.03820732179263187	-0.0006706474356616637	0.1154152048807836
157.91877079521282	0.4089053578040495	22.021794279426818	0.6694409688785176	0.05795612312314125	0.0004019539369925181	-0.06144117745390259	0.03719912845611295	-0.0007848903081556973	0.11848269574320394
158.03147087063064	0.4681146073355688	22.100440553522816	0.7173904071303258	0.05781036506520062	0.0004596069746301742	-0.06225029976460781	0.03619126199765635	-0.0008941775626555883	0.12149752826211084
158.1441709460485	0.5273238568670882	22.17908682761882	0.7656288166451813	0.057662998933953484	0.0005160919845154238	-0.06304362946254233	0.03518495019786031	-0.0009984414597714395	0.12445697430950739
158.25308255719867	0.5910691609279017	22.2594063325419	0.8170140830980188	0.057486576274904624	0.0005755913830387076	-0.06375357042773204	0.034188998617238765	-0.0011065445295174747	0.12720231564067128
158.3604022889888	0.6567204752005007	22.340428914339938	0.8699149085726915	0.05729599515417483	0.0006354551343119372	-0.06441323378113148	0.033201926837030944	-0.0012127913694017552	0.12980771884400574
158.46772202077898	0.7223717894730998	22.42145149613797	0.9230545252536356	0.05710211148575518	0.0006938617388621839	-0.06504837004507977	0.03222216828467198	-0.0013132783639267496	0.1323334331432187
158.57504175256915	0.7880231037456988	22.502474077936007	0.9763648778327191	0.05690448026698125	0.0007507889846114246	-0.06565756125859155	0.03125105850333549	-0.001407931828201312	0.134776490961913
158.68057931060537	0.8554723360514034	22.584292604911678	1.0311082404751282	0.05669026140920529	0.0008077082387391135	-0.06620705122779688	0.030295766551984387	-0.0014999140211119613	0.13705444759401175
158.78347677674395	0.9255849836504622	22.667290236006526	1.087923520293454	0.056452961962737344	0.0008651864558122115	-0.06667760466305546	0.02936132452518854	-0.0015904492973928164	0.13911825662165195
158.88637424288254	0.995697631249521	22.750287867101378	1.144806359719574	0.056210446923974554	0.0009209327394186569	-0.06711469610056255	0.028440856596629528	-0.0016745568856642275	0.1410792434172319
158.98927170902115	1.065810278848578	22.83328549819622	1.2016930650365174	0.055962249525776976	0.00097492379111787	-0.06751683822878793	0.027535763629082978	-0.0017521594972071182	0.14293429526422616
159.0917975488688	1.1362300209265508	22.916469689855724	1.2587927966298234	0.05570535957538019	0.0010273486715725497	-0.06787573328895329	0.026648982690059282	-0.0018236731489562608	0.14466309043988015
159.19129021304306	1.2091562366463253	23.00117656971062	1.3180000148399762	0.05542115198433882	0.0010796261708078789	-0.06814004773919236	0.025793279114272726	-0.0018924187288110626	0.1461353354747977
159.29078287721734	1.2820824523661	23.085883449565515	1.377078902060667	0.05512995662212557	0.0011299360087167003	-0.06836299299438173	0.02495783246254195	-0.001954182910176507	0.14748516015116564
159.3902755413916	1.3550086680858746	23.170590329420406	1.4359706523350648	0.05483129438787733	0.001178254271227026	-0.06854304244269117	0.024144080613644755	-0.0020088863620782854	0.14870936950291502
159.48976820556584	1.4279348838056494	23.2552972092753	1.4946184948801289	0.054524686180731245	0.0012245570442668723	-0.06867866947229136	0.023353461446358394	-0.0020564497535420726	0.14980476856397937
159.58744490904206	1.5017896721425654	23.341295786971628	1.554244165624828	0.05419733843292592	0.00126905868170058	-0.06873732647627794	0.02259556706937576	-0.0020978792193759	0.1506885861362428
159.6847305531591	1.5758444246158287	23.42757252626621	1.6138024663494543	0.05385869986333472	0.0013114640273214858	-0.0687412625588143	0.021865448037494933	-0.0021321336069716405	0.15141743173355457
159.78201619727616	1.6498991770890916	23.5138492655608	1.6729611232195125	0.053510963902766565	0.001351689408698328	-0.06869556011557819	0.021162802670862742	-0.0021588882846022284	0.15200495649300436
159.87930184139324	1.7239539295623547	23.600126004855383	1.7316606701476398	0.05315364601198972	0.0013897106403057574	-0.06859867520586659	0.020489085169903665	-0.002178063020791723	0.15244792918183206
159.97610270006834	1.7976141866834605	23.687275718419425	1.7901405441141565	0.05278306585887675	0.0014248161523658996	-0.06844698854919248	0.01984664348280387	-0.002188706035687213	0.15273960805794337
160.07249714912987	1.870943726976519	23.775157271483675	1.848294387197313	0.052323422981835954	0.0014754108216775666	-0.0678793295192315	0.019597544806664768	-0.002318082499161264	0.1516154967168317
160.1688915981914	1.9442732672695775	23.863038824547925	1.9058063936126397	0.051854528911999084	0.0015321479519110667	-0.06720226549987071	0.019474688217938265	-0.0024976234512336473	0.1500598499339484
160.2652860472529	2.017602807562636	23.950920377612174	1.9626107175169072	0.051405365870918825	0.0015893762235445843	-0.06654464558096886	0.019355585254833524	-0.002688088488251219	0.14851145015553335
160.36110129256124	2.091213085610195	24.039191172014977	2.019039734305045	0.05103141372542405	0.001665811193253119	-0.06577511535650209	0.019279564589775502	-0.002923187267116226	0.1464494559727381
160.45536948897663	2.165573212100379	24.128501627121896	2.0757008699180384	0.05073669386805945	0.0017674244604193262	-0.06485828547283498	0.019256003465280808	-0.003209231745439053	0.14376223658861018
160.54963768539199	2.2399333385905624	24.21781208222881	2.1314794726288024	0.050451461390760365	0.001870887139962202	-0.0639776034983856	0.019234446396323757	-0.003503683140964656	0.14116584531405074
160.6439058818074	2.314293465080746	24.30712253733573	2.186319344467194	0.05017545511413414	0.0019760918629212047	-0.06313212302468085	0.019214864623825115	-0.0038061264432851442	0.13865809587212186
160.738166251662	2.388646864147442	24.396446650709777	2.2401664796442144	0.0499083919090099	0.002082922544708914	-0.0623208496676749	0.0191972189165129	-0.004116123496458446	0.13623667784449606
160.83146117903203	2.462170404402122	24.48745557452437	2.2935741820207523	0.049647248750286366	0.0021901745456021577	-0.06153669996243332	0.019180221027413517	-0.004430298788788222	0.1338836316402346
160.92475610640207	2.535693944656802	24.578464498338967	2.3458835806864475	0.04939439759013144	0.002298785433380734	-0.060784384551188966	0.019165155530733457	-0.004750966722713083	0.13161151384381414
161.01805103377205	2.6092174849114818	24.669473422153562	2.397035074923112	0.04914957799332978	0.002408648145009997	-0.060062959722065976	0.019151993749336675	-0.005077713470312402	0.12941814440764565
161.11134596114212	2.682741025166162	24.760482345968157	2.4469704823756264	0.04891252952466628	0.0025196556174553876	-0.05937148176318954	0.019140707006087058	-0.005410125203665929	0.12730134328414225
161.2048054710132	2.7540514212803684	24.853056515149085	2.495529478026646	0.04868462078325407	0.0026296670561314047	-0.058721942017254926	0.019128340662358648	-0.00574360808342893	0.12529391870323317
161.29831963902438	2.824626828305666	24.94615050508849	2.5427928315732773	0.048464108302486264	0.0027398308500240958	-0.05810332931400525	0.01911681207712434	-0.006080106667154407	0.12336693072702755
161.3918338070356	2.895202235330964	25.039244495027898	2.588762480348027	0.048250138164425777	0.0028507022431464796	-0.05751021448109469	0.01910706353673533	-0.006420539587321912	0.12150612828453501
161.48534797504675	2.9657776423562594	25.1323384849673	2.633403184228359	0.0480424540483389	0.0029621758638975555	-0.05694166871586437	0.019099066817110856	-0.006764499553864619	0.1197093657696134
161.5795995861732	3.033655852258495	25.226636923741466	2.676268709297676	0.047844176748694164	0.003071726417549807	-0.05641659923251812	0.01908925985232841	-0.0071066988244567085	0.11802834888227261
161.67458833269575	3.0988379905198604	25.322139308759873	2.7174553881947365	0.047654441712928916	0.0031791157125883535	-0.05593185634071577	0.01907755941503602	-0.007446161367445577	0.11645555085249067
161.76957707921827	3.1640201287812255	25.417641693778272	2.7574160327910002	0.047469422724817786	0.003286615993706194	-0.05546597525827389	0.01906745171171181	-0.00778718085917521	0.11493327870938115
161.8645658257408	3.2292022670425915	25.513144078796678	2.796157633812565	0.04728887309736009	0.0033941258496603655	-0.055018062091285604	0.01905890957906803	-0.008129365317446154	0.11345946748872493
161.96023969337094	3.2923161194587887	25.6092715817938	2.8333398313618705	0.04711531132979923	0.003499628641464467	-0.05460251928128528	0.019049186425739217	-0.008468298481656847	0.11207404045669567
162.05790499921562	3.349418095397173	25.707216112200772	2.8684720839134474	0.046953001915671005	0.003599223000643682	-0.05424482745308936	0.019032973323225417	-0.008795271820178203	0.11084815413605055
162.15557030506034	3.406520071335558	25.805160642607753	2.9027337331376972	0.04679322383625344	0.0036982925199000706	-0.05389802885110194	0.019018091962340854	-0.009121231984148331	0.10965376461730396
162.25323561090502	3.463622047273942	25.903105173014723	2.936180419765322	0.046635749213269614	0.003796743520121044	-0.053561297736622805	0.0190045172508708	-0.009445816878167104	0.10848896438004779
162.35096484948087	3.5205334772314427	26.001085201701308	2.9688463959945106	0.04648059659641249	0.003894297667518842	-0.05323513611780611	0.01899197252365857	-0.009768254866145925	0.10735554539236487
162.4521899193433	3.567025884110346	26.10100627051269	2.999327566015287	0.04633996365616555	0.003980811740545985	-0.0529870339277326	0.0189668114070322	-0.010065586742625289	0.10644287518517002
162.55341498920572	3.6135182909892487	26.20092733932407	3.0295623088697154	0.04619939485234585	0.004066165247804353	-0.05274078850287928	0.01894265436118847	-0.010359286507138448	0.10553988244021545
162.65464005906813	3.6600106978681515	26.30084840813545	3.059641423230462	0.0460586940032626	0.004150277540418821	-0.05249568896015306	0.018919479784098497	-0.010649042429718081	0.10464492496244897
162.7558651289305	3.706503104747054	26.40076947694683	3.089661024585285	0.04591766492722491	0.004233067969514241	-0.052251024416460574	0.018897266073733408	-0.010934542780396761	0.10375636055681764
162.8600994411526	3.743342622141159	26.501478401271527	3.118481109492931	0.045787015810489086	0.004304578429741548	-0.05206484063692295	0.018863106007125655	-0.011192178816663814	0.10304011768600256
162.9651544001822	3.777549711836847	26.602402180710733	3.1474202497592962	0.045657078169831264	0.004371695171798343	-0.05188798270594346	0.018826108630620633	-0.011437560397860836	0.1023584164247209
163.0702093592118	3.8117568015325345	26.70332596014994	3.176953105822468	0.04552453878971182	0.004437022321159134	-0.051703182022327154	0.018789742040169075	-0.01167667265944912	0.1016625536941943
163.17526431824137	3.845963891228222	26.804249739589142	3.207177995791067	0.045389246363668395	0.004500497676830859	-0.051509890312657	0.018753989575059384	-0.011909275177572724	0.10095126294032768
163.2822345536782	3.8731762717789953	26.90508437591308	3.237371273251159	0.045258245324162366	0.004554671361586394	-0.051345599153301794	0.018709489956944866	-0.012116982973491263	0.1003340400115288
163.39071618710824	3.8948689323953225	27.00584866692028	3.268013659856119	0.045128608032631544	0.004600903262874163	-0.05119704892896955	0.0186579947449794	-0.012302680384088112	0.09977442721744967
163.4991978205383	3.91656159301165	27.106612957927474	3.299898347337032	0.0449941933094317	0.004644940956115013	-0.05103250807852362	0.01860680905988444	-0.012480317902594943	0.09918077799631084
163.6076794539684	3.938254253627978	27.207377248934677	3.3331062039192276	0.04485490222935331	0.004686743773870341	-0.05085161813701949	0.018555922008771777	-0.012649738338235218	0.09855226426630244
163.71705261808904	3.956123674855488	27.307776087456684	3.3672674471546613	0.04471422854897502	0.004722163652919979	-0.05067256525267029	0.01850021591764852	-0.012800385670536974	0.09794316897693844
163.82817761978654	3.966480517439127	27.407456820137973	3.4021423566115256	0.04457468211371021	0.004747140081149634	-0.05050966847679052	0.018434613524433683	-0.012921705803884494	0.0973976262312992
163.93930262148405	3.976837360022767	27.50713755281926	3.4387355658278955	0.04442871899064657	0.004769691783572272	-0.050324679163488914	0.018369074416672203	-0.01303385869242345	0.0968027759849897
164.05042762318152	3.9871942026064056	27.60681828550054	3.4771118328228177	0.04422322103740634	0.004786856062959129	-0.04992234303303239	0.018331495026002825	-0.013081265594060297	0.09567628823089883
164.1615070670874	3.9964089502571896	27.706613532214984	3.517384620730345	0.04395135078130647	0.004797236646193641	-0.04927864214999158	0.018325898999120162	-0.013053205393834658	0.09396051270779646
164.2722539356847	3.9972863189269834	27.807244739991468	3.5601523543388103	0.0436782485433769	0.004795690899258613	-0.04864399196659591	0.018309084024011782	-0.012993993036900338	0.09228960788685242
164.38300080428203	3.9981636875967785	27.907875947767955	3.6048484731964714	0.04340361226772701	0.004792537373047042	-0.048004111307717354	0.018291807769422002	-0.012931895656047911	0.09060919545119622
164.49374767287935	3.999041056266573	28.008507155544446	3.65145069248782	0.04312744018058192	0.004787775052167396	-0.04735899501703342	0.01827406923800348	-0.012866911533755774	0.0889192638644157
164.6044945414767	3.9999184249363666	28.10913836332093	3.6999289702831133	0.04284973050816673	0.0047814029212281724	-0.0467086379382218	0.01825586743240887	-0.012799038952502399	0.08721980159009912
164.71513714534137	3.9999981907244893	28.20988765562647	3.750370136298277	0.04257029266717456	0.0047724038383273725	-0.04605357069461776	0.01823609338749406	-0.012725566385302364	0.08551376076879849
164.82576924271044	3.9999975840706625	28.310648847013837	3.8026316253097012	0.04228925613543723	0.004761694205071559	-0.045393144798624656	0.018215721037192458	-0.012648958694723976	0.08379800120495648
164.93640134007953	3.9999969774168367	28.411410038401208	3.85664943238235	0.042006638037614515	0.0047493765603403345	-0.0447272983585606	0.018194860972891306	-0.012569490321132245	0.08207220167331787
165.04703343744862	3.999996370763011	28.512171229788578	3.912363867718412	0.04172243837493321	0.00473545090483596	-0.044056031377991814	0.01817351319528039	-0.012487161265715032	0.08033636218186148
165.1580781944395	3.9999935238989854	28.612476660509863	3.969346964258986	0.04143783962477681	0.004720183719656048	-0.04338299410754913	0.018151794154910035	-0.012402697099129577	0.07859973696522513
165.2692988867985	3.9999897219325335	28.7125877799481	4.027725875819645	0.041152164914148345	0.004703423752999619	-0.042706097466311654	0.01812963747390768	-0.012315684543958755	0.07685702585545415
165.38051957915752	3.999985919966081	28.812698899386334	4.087572168317888	0.04086491036367358	0.004685057680142966	-0.042023786070782485	0.018106993582825588	-0.012225814782095617	0.07510428490867727
165.49174027151653	3.999982117999629	28.912810018824565	4.148797682653702	0.040576075981031905	0.004665085505482147	-0.04133605994328546	0.0180838624859817	-0.012133087820976038	0.0733415141748404
165.60357320604416	3.9999792819263553	29.012232442707766	4.210749995085097	0.04028745422117784	0.0046439170528471616	-0.040648436786693706	0.018060427394741743	-0.012038617126480314	0.07158268564271081
165.71602263062312	3.9999774184478603	29.11096139270139	4.273314950869142	0.039999061023939936	0.0046215586564560774	-0.039960966946739084	0.018036690675460182	-0.011942416593977781	0.069827918873052
165.82847205520204	3.9999755549693656	29.20969034269502	4.336944449125778	0.039709092680642405	0.004597598823469205	-0.03926809850469798	0.018012468217746484	-0.011843367107496389	0.0680631525731744
165.940921479781	3.9999736914908706	29.308419292688647	4.401526495862116	0.03941754919503823	0.004572037556034945	-0.038569831471480354	0.01798776002371087	-0.01174146867067013	0.0662883867674872
166.05386947925356	3.9999721645650843	29.406570546052492	4.466467793169622	0.03912594094449055	0.004545219880519657	-0.037870802379008715	0.01796272030272525	-0.011637657167266714	0.0645153536633401
166.16798151369522	3.9999714233971204	29.503373036999196	4.531001507094061	0.038836289021225254	0.004517611521738469	-0.03717721741876065	0.017937556476134833	-0.011533190992929489	0.06275974543417334
166.28209354813686	3.999970682229156	29.6001755279459	4.596109069985908	0.03854506989818807	0.004488409750769347	-0.036478261132776454	0.017911909372719834	-0.011425890109543283	0.060994188409376066
166.39620558257852	3.9999699410611917	29.6969780188926	4.661661892647059	0.038252283576864166	0.004457614568462502	-0.035773933525373655	0.017885778993315345	-0.011315754518546217	0.059218682598608005
166.51050820810457	3.999969841947541	29.793551504520643	4.727336868855969	0.03795853233059955	0.004425364430537535	-0.0350660767576459	0.017859227882257144	-0.011203158677900615	0.05743788365841564
166.6264218296455	3.99997516988178	29.888189292804874	4.791565728203601	0.037668310751030984	0.004392697241984411	-0.03436844073926943	0.01783272404180842	-0.011090903956364487	0.05568652784578288
166.74233545118642	3.9999804978160176	29.982827081089102	4.85582655810999	0.03737653296671747	0.004358447584273826	-0.03366547135437125	0.017805740337542238	-0.01097583384198576	0.05392529453878346
166.85824907272735	3.9999858257502554	30.077464869373326	4.9199838386508565	0.03708319896705647	0.004322615451336389	-0.03295716857213	0.017778276763497088	-0.010857948324498143	0.052154183668459725
166.9741626942683	3.9999911536844936	30.172102657657554	4.983901722169982	0.036788308741445404	0.0042852008371027095	-0.03224353236172426	0.01775033331371142	-0.010737247393635328	0.05037319516585391
167.09159834916602	3.9999884790577793	30.26484208908664	5.045842809959718	0.03649689190107075	0.004247357254940487	-0.031539911973910664	0.017722416848032774	-0.010616835226137915	0.04862107239730174
167.2091737202374	3.9999850698300863	30.357407259449218	5.107121530847635	0.036204392118937875	0.004208049168048062	-0.03083240647227623	0.017694070587529847	-0.010493914307167286	0.04686269997475768
167.32674909130878	3.999981660602393	30.449972429811794	5.167753902896335	0.03591034821283584	0.004167171222849991	-0.030119608604386096	0.017665248164026676	-0.010368200645286447	0.045094524600210004
167.4443244623802	3.999978251374699	30.542537600174366	5.227612089650293	0.0356147601894955	0.004124723423199349	-0.029401518389806792	0.017635949581307864	-0.01023969424701282	0.043316546317435575
167.5629018504801	3.999978253054504	30.633810232432904	5.285475756542295	0.035321079665452774	0.004081514546846572	-0.028688635616330282	0.01760653926666818	-0.010110557182396746	0.04155521378551732
167.68184947905547	3.9999795150482336	30.724605278074996	5.34191516316072	0.035027140687534326	0.004037044999166881	-0.027974375644363454	0.017576790627537114	-0.00997944456154551	0.03979391740691085
167.80079710763084	3.999980777041963	30.815400323717096	5.3972225600005705	0.03473166950650936	0.00399101755314102	-0.027254864390295876	0.017546569505268388	-0.00984556036368228	0.0380228948792988
167.91974473620627	3.9999820390356926	30.9061953693592	5.451292065416356	0.03443466611990542	0.003943432207353649	-0.02653010184694021	0.01751587589847181	-0.009708904586413028	0.036242146186600765
168.0392862409904	3.999983493907414	30.99620262642911	5.503360384936698	0.03414401723904681	0.0038909516683263887	-0.02580164090838642	0.017499313461272436	-0.009571689424813228	0.034452579639657324
168.15931646883718	3.9999851075056867	31.08556158266127	5.55349142257719	0.03386687013768053	0.0038298871811516992	-0.02506646856560819	0.017512785827557695	-0.009436113449528643	0.03264275992224183
168.27934669668394	3.99998672110396	31.174920538893424	5.602238626016058	0.03359035317876207	0.003767942463840631	-0.02433098128390618	0.017526941972787178	-0.009300030574380147	0.030834583090245962
168.39937692453069	3.999988334702233	31.264279495125585	5.6496165659590805	0.03331446635919239	0.0037051175153214335	-0.023595179053975002	0.01754178189606036	-0.009163440798729137	0.029028049121237826
168.519817266691	3.9999885632192886	31.353080336314974	5.69517995588209	0.03304076828982484	0.00364172997568989	-0.02286356681316908	0.017557606696302776	-0.009027293091418725	0.02723444106435146
168.6409528992322	3.999986443528501	31.440934972975803	5.738637621389184	0.03277033942260828	0.0035780054941562485	-0.022139278654634047	0.01757462208924644	-0.008892250201041018	0.025461595308822766
168.76208853177337	3.9999843238377126	31.528789609636632	5.780808324357313	0.032500535820411	0.003513407747447378	-0.021414677803786596	0.017592315926756984	-0.008756704605116641	0.02369037874020739
168.88322416431456	3.9999822041469244	31.616644246297465	5.821723799699951	0.032231357487272363	0.00344793673696021	-0.020689764272755394	0.01761068821000815	-0.008620656304477914	0.021920791387743128
169.0045144131325	3.9999809158076522	31.7042836717796	5.861244016893611	0.0319634047292738	0.0033817184510410805	-0.01996627657108809	0.017629854347035852	-0.00848447513643976	0.02015718035873046
169.12643283410176	3.999983005067955	31.791048741262898	5.898881026282168	0.03169851385594058	0.003315141825441286	-0.019249540559706735	0.01765016536329829	-0.008349295471972622	0.01841285444713596
169.24835125507104	3.9999850943282578	31.877813810746204	5.935388225358115	0.03143424443583956	0.003247697055227981	-0.01853249390950805	0.017671150749159342	-0.008213615846073705	0.016670148802401183
169.37026967604032	3.9999871835885603	31.964578880229496	5.9708065819728615	0.031170596465013377	0.003179384139032593	-0.017815136608609596	0.017692810503469082	-0.008077436257927603	0.01492906339588192
169.49204483115943	3.999989162314316	32.05153367724297	6.005327311119969	0.031126869784070192	0.003058207592395097	-0.01757080997374614	0.01771871472368245	-0.00790471573747764	0.014256600376620127
169.6088683678994	3.9999873206956127	32.14504592199533	6.043927471077296	0.03125213303330753	0.0028885557949719313	-0.01766538985452727	0.017743439538891362	-0.007690199441729297	0.014327331584302761
169.72569190463938	3.999985479076909	32.238558166747694	6.081496927909261	0.0313877128925089	0.0027161142836479024	-0.01776656527294204	0.017767140273367826	-0.007473980420343306	0.014401811199559921
169.84251544137933	3.999983637458205	32.332070411500055	6.118112716598789	0.03153360934442571	0.002540883060781554	-0.017874336218805378	0.017789816926159326	-0.007256058674855816	0.0144800392164126
169.95933897811932	3.999981795839501	32.425582656252416	6.153850318445346	0.03168982237180937	0.0023628621287314177	-0.01798870268193224	0.0178114694963134	-0.00703643420680298	0.01456201562888179
170.07271399891138	3.9999832427309516	32.523223783496064	6.1918621508951	0.03186282875707308	0.002175415751984556	-0.018114574282949516	0.017830038121930895	-0.006805084624387654	0.014650303538925182
170.18554164271626	3.9999852116019463	32.621520281134664	6.229534434102435	0.032047326198030274	0.0019840866468138424	-0.018247914297324648	0.01784724103305802	-0.006570417123369093	0.014742799853421262
170.29836928652117	3.9999871804729406	32.71981677877325	6.266436663513081	0.03224229742977801	0.0017899251677341555	-0.01838795032160482	0.017863404110017366	-0.006334020748133162	0.014839101651067513
170.41119693032604	3.999989149343935	32.81811327641184	6.302629856238007	0.03244774247103719	0.0015929313121856152	-0.018534682366844475	0.017878527353842714	-0.006095895497012542	0.014939208938353299
170.52169822242237	3.999989205353931	32.918992527912344	6.340016781902754	0.03266780050373357	0.0013889495212392482	-0.018691239317034945	0.017891247677424175	-0.00584974223555442	0.01504473710880469
170.63121377176353	3.999988450829189	33.02096616720404	6.377514668427528	0.03290014799781026	0.0011803579103379916	-0.018855857583558698	0.01790234453964497	-0.005599180902623681	0.015154777719391265
170.74072932110465	3.999987696304447	33.12293980649572	6.414373824842877	0.033143041857107765	0.0009689144064073695	-0.019027218271292397	0.017912394462525575	-0.005346878864131115	0.01526865020714223
170.8502448704458	3.9999869417797047	33.22491344578741	6.4506330778881535	0.03339648207440188	0.0007546190104351855	-0.019205321375970252	0.017921397445667064	-0.005092836120720092	0.015386354569553416
170.95836146849854	3.999987483856462	33.32835266354172	6.4873174744464945	0.03366282526391976	0.0005351231517203557	-0.019391949049965516	0.01792855438838571	-0.004833477452086304	0.015508803159968406
171.06531660466086	3.9999891024204723	33.43300865956836	6.524236049259547	0.03394169046131016	0.0003108203003789696	-0.019586810949016886	0.017933998995334578	-0.00456940654511596	0.01563584801666209
171.1722717408232	3.9999907209844823	33.537664655595	6.560568991442259	0.03423112672849751	8.365879292017951e-05	-0.01978843104668064	0.01793839413758376	-0.0043035907274461445	0.01576673370302578
171.27922687698555	3.9999923395484926	33.642320651621645	6.596327333780564	0.03453113408101465	-0.00014636137277993953	-0.019996809352128705	0.017941739815991006	-0.00403602999769353	0.015901460224443754
171.38545229434132	3.999992902368164	33.74770946646004	6.631982619000262	0.03484287680409247	-0.00038040775002758835	-0.02021282811097031	0.017943624915454016	-0.0037649347928327775	0.016040474700956497
171.4905607532886	3.9999918491920488	33.8542199847907	6.667749014521865	0.03516697352254275	-0.0006191000740254026	-0.02043695601429383	0.017943831242926832	-0.00348935541658337	0.016184014706108564
171.59566921223586	3.9999907960159335	33.960730503121376	6.7028847778510805	0.03550164245157035	-0.0008606512736290695	-0.02066784286597048	0.017942988069075197	-0.003212031084494791	0.016331395982558405
171.70077767118318	3.9999897428398192	34.06724102145205	6.737369625675518	0.035846883581066843	-0.0011050613474563892	-0.020905488660031384	0.017941095393340933	-0.0029329617974673096	0.01648261852680208
171.80558165277222	3.9999895323353813	34.17404859558656	6.771351702926865	0.036203162053397506	-0.0013528000163429118	-0.02115024701501754	0.0179379857198511	-0.002651424800563972	0.016637860752930854
171.90946654681272	3.999991865498065	34.28175285475584	6.805134575867985	0.036571413510689474	-0.0016048146175977008	-0.021402829616916287	0.01793332122562597	-0.0023659615926583453	0.016797481587363862
172.01335144085323	3.9999941986607492	34.38945711392512	6.838129967519111	0.03695133289786902	-0.0018596068740147677	-0.021661839831764593	0.017929188190337914	-0.002079408827752442	0.016961557012100347
172.1172363348937	3.999996531823433	34.49716137309439	6.870272987878995	0.03734693319755184	-0.0021158259965073168	-0.021923957562508943	0.017934569390218046	-0.0017958684126771222	0.017132645533990225
172.2211350061087	3.99999801429274	34.604852327808246	6.9014563083414435	0.037748911640146224	-0.002373306051434372	-0.02219028926700628	0.017938637200831532	-0.001511178063087304	0.017305796026852133
172.32514796133643	3.9999924401153635	34.712432919794814	6.931528776240263	0.038157114565790434	-0.0026318922689752056	-0.022460709657340767	0.017941452355625158	-0.0012255729480986233	0.017480948756915752
172.42916091656411	3.999986865937985	34.82001351178137	6.960449997662151	0.038571715398758595	-0.002891759735890019	-0.022735360381033624	0.017942945720895914	-0.0009387866504314051	0.017658171090617108
172.5331738717918	3.999981291760608	34.92759410376794	6.988127044349045	0.03899271411147966	-0.0031529084305224973	-0.023014241411566338	0.01794311726123108	-0.0006508191990105296	0.017837463000613146
172.6371868270195	3.9999757175832307	35.0351746957545	7.014472668980485	0.039420110676382396	-0.003415338331216206	-0.023297352722420235	0.017941966941217944	-0.0003616706227610065	0.018018824459560726
172.7414991547027	3.99997863906735	35.142465011418096	7.039248045178357	0.039853506212554915	-0.0036785948864437963	-0.023584362703492796	0.01793970289249532	-7.206745457493942e-05	0.018202110431707476
172.84582027313584	3.9999818100174265	35.24974680342986	7.062534599818781	0.04029329098454533	-0.003943120616963421	-0.023875595255576865	0.017936122930294104	0.0002186969077417947	0.01838746288960523
172.950141391569	3.9999849809675023	35.35702859544161	7.084268925642221	0.040739476765117286	-0.004208928901222992	-0.024171060160061354	0.01793122096025992	0.0005106438343498899	0.018574886124498924
173.0544625100021	3.999988151917579	35.46431038745337	7.104390320404633	0.04119206356995777	-0.004476019751544238	-0.02447075743203442	0.01792499700254134	0.0008037733417066442	0.01876438015194581
173.15911061827742	3.9999859117536634	35.571273056182584	7.122688589204188	0.041650572558724445	-0.004743884565141733	-0.02477429458742371	0.01791766351238159	0.0010972955013552922	0.01895576368093254
173.26382072277147	3.9999826456600003	35.67817522016739	7.139248201872636	0.04211539138199531	-0.005012934905158673	-0.025081989416854193	0.017909047941862155	0.0013918497533790238	0.019149183308150186
173.36853082726546	3.9999793795663363	35.7850773841522	7.154062010740296	0.04258661077748889	-0.0052832671372448105	-0.02539391629639625	0.01789910995989087	0.0016875857886382065	0.019344673364058308
173.47324093175948	3.9999761134726723	35.89197954813701	7.16710147257423	0.043064230729044695	-0.005554881248706481	-0.0257100752105063	0.017887849545710946	0.001984503590178735	0.019542233832630054
173.57821873862883	3.9999754282802416	35.99861857752758	7.1782147172803	0.043547877148979855	-0.0058273631522211804	-0.026030157226961018	0.017875448725396637	0.002281949820620012	0.01974172611999583
173.6833031877976	3.999975771219299	36.10515278424651	7.187471296792017	0.0440377765500432	-0.006100962562597874	-0.026354349184056408	0.01786179796934107	0.002580318183316825	0.019943234197848887
173.78838763696635	3.9999761141583567	36.21168699096545	7.194922151819463	0.0445340781925702	-0.006375844531557746	-0.026682774307988856	0.01784682476002546	0.0028798690451411844	0.020146813372231738
173.89347208613515	3.999976457097415	36.31822119768438	7.200574782875188	0.045036782078258036	-0.006652009060433833	-0.02701543260039071	0.01783052909962955	0.0031806024078734948	0.020352463644827474
173.99871120610337	3.9999799807862426	36.42460246516893	7.2043686840058845	0.045545677368418636	-0.006929217846562919	-0.027352149222118968	0.017813018732752227	0.003482139509456502	0.02056010791302131
174.10405557633663	3.9999856689091935	36.5308796606826	7.206355102271182	0.04606083288331431	-0.0072075477835816075	-0.02769298104898682	0.017794259463781555	0.0037846022214874367	0.020769771511320152
174.20939994656993	3.999991357032144	36.63715685619628	7.20662269741373	0.04658239248830147	-0.00748716124191526	-0.0280380473362785	0.017774178065729226	0.004088248525671084	0.02098150710876319
174.3147443168032	3.999997045155094	36.74343405170996	7.2052170089117125	0.04711035621152969	-0.007768058243674637	-0.02838734811106898	0.017752774574750982	0.0043930784515393	0.021195314733267218
174.40823033401844	4.046280635214099	36.837708211468716	7.166730750722888	0.04906874831162583	-0.007745919294352986	-0.03081603150483023	0.01779354659156629	0.004069170368822757	0.025699376415163233
174.4888975479666	4.142590339323655	36.91900716685329	7.085951604504228	0.05247927047089043	-0.007399241634644398	-0.03541719075050362	0.017896333358924047	0.0030797235865426026	0.03475580551644501
174.56956476191476	4.23890004343321	37.00030612223787	7.000803359266759	0.05577093174857984	-0.007057453769692881	-0.03992323418322862	0.01799083994914219	0.0021099917968823148	0.0436999170987447
174.65023197586294	4.335209747542765	37.08160507762245	6.911797313540188	0.05894521101076408	-0.006719778724878228	-0.044336505191382505	0.018077315948626542	0.0011591569604120844	0.0525325650258753
174.72637254447235	4.437336803167774	37.159400737011175	6.814731062624385	0.062167777770628325	-0.006341173467959806	-0.048910541304205774	0.018164236216327095	0.00014142333450508087	0.0617865848512497
174.7948474778561	4.549315236879735	37.231263749332925	6.706427275256804	0.06555146559079074	-0.005890139167846022	-0.053820096873754934	0.018257575731027223	-0.0010027252742130471	0.07182987684753625
174.86332241123986	4.6612936705916965	37.303126761654696	6.595282511648703	0.06881840842325178	-0.005440927670311825	-0.05864107927852984	0.018343639745786153	-0.00213001396256854	0.08176147537294487
174.93179734462362	4.773272104303658	37.37498977397646	6.481915415894239	0.07196989644175147	-0.004992861136929557	-0.06337553290795025	0.018422646001637507	-0.0032411563942338676	0.09158212534460598
174.99940334097423	4.885853904839762	37.446710816634315	6.366561410916463	0.07502369364029607	-0.004540743630635788	-0.0680517519876904	0.01849552248398074	-0.004345219855507608	0.10134721389734322
175.06461580714648	5.000097709234739	37.51804079680778	6.2491335099189405	0.07800955251565887	-0.004075887299154372	-0.07271779664789209	0.018563759378411832	-0.0054575751671563436	0.11115299904097603
175.1298282733187	5.114341513629716	37.589370776981255	6.131199416548652	0.08088309463894172	-0.003610029891171185	-0.0773033261476565	0.018625627397722867	-0.006555906520201088	0.12084948275448762
175.195040739491	5.2285853180246935	37.66070075715473	6.013311846061315	0.08364556427306179	-0.0031425176891340294	-0.08181031212682122	0.01868133653463442	-0.007640902182597782	0.13043738344713773
175.25998149028834	5.342871092051292	37.73220744284372	5.896076034726678	0.08629865644280973	-0.0026724981998076432	-0.08624257531217898	0.01873101947723893	-0.008713358423503466	0.13992037743068086
175.32356563928735	5.457366409162329	37.80459637165309	5.780313155805165	0.0888448136989882	-0.002198428067488007	-0.09060933224133882	0.01877457937224064	-0.009774375825119353	0.14931040561552894
175.38714978828637	5.571861726273367	37.876985300462444	5.666095810115826	0.09128259284593555	-0.0017205814058434072	-0.09490321218059114	0.018812612204992557	-0.01082408580205977	0.15859299453855558
175.45073393728535	5.686357043384405	37.949374229271804	5.553856768996397	0.09361322779941056	-0.0012383099335673557	-0.09912617037382611	0.018845326221938057	-0.011863170898717398	0.1677688566348054
175.51422795400725	5.800822337185475	38.021887500941425	5.444081622974328	0.09583655350320015	-0.000751236887648	-0.10327883691676301	0.018872812339759425	-0.012891598030948984	0.176835302910535
175.57657924601273	5.914906986233325	38.09597722961775	5.338165122703179	0.09793681718461432	-0.0002617723634607593	-0.10734754742950209	0.01889390665910321	-0.013901677922588195	0.18575266126188048
175.63893053801814	6.028991635281175	38.17006695829408	5.235315083323243	0.09993242877399014	0.00023427150437177902	-0.11135093336329525	0.01891030330703427	-0.014903153584310255	0.1945641970483844
175.7012818300236	6.143076284329025	38.244156686970406	5.135811137800066	0.10182462224940866	0.0007375430298992383	-0.11529095006078738	0.01892221054051402	-0.015896707594981577	0.20327062274107463
175.76363312202903	6.257160933376873	38.31824641564673	5.03989211978508	0.10361463158895101	0.0012486905271713415	-0.11916955286462347	0.018929836616503912	-0.016883022533468666	0.21187265081097933
175.82455622594196	6.3707355247373645	38.39428176690393	4.949188315061248	0.10527752747105465	0.0017644845474324797	-0.12296572006545124	0.018931517127472906	-0.0178510558192437	0.2203109762217635
175.8854578261458	6.484302436344622	38.47034641269324	4.86243922054547	0.10683896208704813	0.0022896245666537275	-0.12670374236027687	0.01892930154139321	-0.018813005796452863	0.22864405458738668
175.9463594263496	6.597869347951878	38.54641105848255	4.779731240568539	0.10830055108290625	0.002824817878101825	-0.13038591540451844	0.018923425921112076	-0.019769730141000703	0.23687349054723877
176.00726102655346	6.711436259559136	38.62247570427186	4.7011292731952485	0.1096831116899364	0.0033775690494083684	-0.13402420337623316	0.018918417462477997	-0.020744835998728523	0.2450927750949097
176.07117546092593	6.8228488995878465	38.699241078936154	4.627869822801976	0.11104642595259452	0.003976718012661484	-0.13758020767106027	0.018941910590702386	-0.02186423843860415	0.25369955235328023
176.13541317194807	6.934030386602698	38.77608164170254	4.558776796223635	0.11227110345105627	0.00458214404429396	-0.14104492065132254	0.0189634776347908	-0.02297618256171316	0.2621158412057286
176.1996508829702	7.045211873617551	38.852922204468925	4.493651932588565	0.11336363988766739	0.005195288413441914	-0.14442838042147457	0.018983159863378448	-0.024083554180737946	0.27036410990872606
176.26388859399233	7.156393360632402	38.9297627672353	4.4323924932498135	0.11432566004957394	0.005816146360991627	-0.1477312913303455	0.01900089759460694	-0.025187094122471377	0.27845036600727296
176.3301062184615	7.266261641643841	39.00680351066508	4.375392644754461	0.11513369944700304	0.006436624445323161	-0.15090145817447162	0.019016418564702355	-0.026276619952950275	0.2862876173909598
176.39673815258777	7.375855125830311	39.08388614318963	4.322003689605524	0.11580933211425716	0.007063076218125231	-0.1539811515286662	0.019029867967305065	-0.027361582063412368	0.293954023018961
176.46337008671406	7.48544861001678	39.16096877571417	4.271902142330539	0.1163594826696528	0.007697185837299171	-0.15698213737433242	0.01904123264415029	-0.028445031794377462	0.30147506515409417
176.53000202084036	7.59504209420325	39.23805140823871	4.224851461888526	0.11678581762000559	0.008338948421531473	-0.15990513814586893	0.01905045138092809	-0.029527728994852474	0.3088569055971305
176.59790663574105	7.704136963771418	39.3147253716213	4.180466871363019	0.1170872298850381	0.008985394385801688	-0.16273211872549626	0.01905817114585088	-0.03060961826198955	0.31608188648471547
176.66622063252106	7.813071444502438	39.39126787883303	4.138528663589421	0.11726760481106265	0.00963843044951881	-0.16547646737051497	0.019063889929168618	-0.03169213070964954	0.32317221875414226
176.73453462930104	7.922005925233458	39.46781038604475	4.0987665816426615	0.11732956611408238	0.010298991552075611	-0.1681449401253295	0.0190673235295124	-0.0327763131476599	0.33014177881606194
176.80284862608104	8.03094040596448	39.54435289325648	4.060854381598559	0.11697288613705366	0.010827520024460198	-0.16986015130864332	0.019246165901198493	-0.03401373926370016	0.33592406217792725
176.87319266977545	8.138297480192929	39.621264861699636	4.0249684587758665	0.11584124512033304	0.010994063744145268	-0.16933127536872805	0.019857787183007125	-0.03559703126401243	0.3388998116193249
176.94444008915661	8.244952604790345	39.698341241266164	3.990363956775881	0.11476799213828912	0.011143277534242026	-0.16881637735540456	0.020457030422685	-0.0371485898912736	0.34184780856286306
177.01568750853784	8.351607729387764	39.775417620832684	3.956431871685898	0.11375850912118134	0.011275766325054067	-0.1683225746610389	0.021047580862370158	-0.03867676474078689	0.34479538869538107
177.086934927919	8.45826285398518	39.85249400039921	3.922845482515889	0.11281151668956092	0.011390912060998726	-0.16784864556062126	0.021628888588535507	-0.04018014327880426	0.3477408086564704
177.15928194084302	8.564463063470953	39.929167265145686	3.8891927080237227	0.11192762049964892	0.011487759214701613	-0.1673895000773683	0.02219838223864883	-0.04165424655252422	0.350673268683308
177.23226587909446	8.670399769266396	40.005607030850285	3.8552746239068996	0.11113472819415547	0.011562751659185785	-0.16690624660404463	0.022758530926835253	-0.04310152642825413	0.35352891457089725
177.30524981734587	8.77633647506184	40.08204679655489	3.820945773527171	0.11076941478150565	0.011581354227610988	-0.16594810949624678	0.023332876203206405	-0.044540909774029906	0.3555147838010734
177.37823375559728	8.882273180857283	40.1584865622595	3.786047088233068	0.11042862567361257	0.011588925482525908	-0.1650112082878258	0.02389080366760616	-0.04592820047672958	0.3573978985156917
177.45152660373276	8.987293631618943	40.2358804008296	3.751052710649124	0.11009655869175948	0.011584163525626294	-0.16407403389276107	0.024426214486313977	-0.04724725954942037	0.3591085150620188
177.52504307188906	9.091650804899732	40.31396489322801	3.7156662321781777	0.10977365500327238	0.011568645214962764	-0.1631396471222128	0.024941197906530706	-0.048504505598844914	0.3606650546135884
177.5985595400454	9.196007978180525	40.39204938562642	3.679389805587881	0.10946554950989322	0.011544952758723128	-0.16221916281299228	0.025440731957960726	-0.04971440227742071	0.3621164352366011
177.67207600820166	9.300365151461309	40.470133878024825	3.6421970615500276	0.10916878571779644	0.011514041529666641	-0.16130990203495962	0.025925147154312062	-0.050878589292576756	0.3634616788688263
177.74614692123453	9.404074908110035	40.548551541165395	3.604350106210719	0.10887386479853305	0.01147582099891611	-0.16040006439801152	0.0263906808127144	-0.05198846688100544	0.3646641779379364
177.82070437641397	9.507216537085021	40.6272615717079	3.5658359625283973	0.10857830002575203	0.011431444904328002	-0.15948850632754744	0.026838198116104113	-0.05304703219318423	0.3657281047775194
177.89526183159342	9.610358166060006	40.70597160225041	3.526472271581107	0.108283977026085	0.011382816228922546	-0.15858065733243687	0.02727163455581102	-0.05406495628415845	0.36668397868984515
177.96981928677286	9.713499795034993	40.78468163279292	3.4863277917182787	0.1079874034380018	0.011330900259270395	-0.157673810683539	0.02769132407525224	-0.055043895876444	0.3675308114634255
178.04531278421155	9.816064664454341	40.86324486537586	3.4456003020970885	0.10768290330849324	0.01127655966270378	-0.15676262244086797	0.02809464058427563	-0.05597988045850537	0.36825399949672705
178.1217774518053	9.918031129622674	40.941655790949454	3.404420800187895	0.1073670185291928	0.011220892211393604	-0.1558447588110862	0.02848188845740573	-0.05687467238275278	0.36885341743887656
178.19824211939903	10.01999759479101	41.02006671652305	3.3627929970406534	0.10703853284750778	0.011165024279172986	-0.15492038786580586	0.02885650338372112	-0.057735888811224316	0.36934266444440794
178.27470678699274	10.121964059959343	41.098477642096626	3.320835597702042	0.1066939188302092	0.011109930846408517	-0.15398677569382355	0.02921882266023299	-0.058565203103909565	0.3697207423778158
178.35252963056413	10.223291116450934	41.176360068067396	3.2787749332819907	0.10632980975696515	0.011057329338061063	-0.1530432765794638	0.029566608916866823	-0.059361440647513586	0.3699883240516833
178.43198210719527	10.323850966383567	41.253608363823105	3.2368105849811752	0.10594275002983189	0.01100855615106706	-0.1520881566802255	0.029899825677648796	-0.060126266182700026	0.3701468604112868
178.51143458382634	10.424410816316199	41.330856659578814	3.1949614743707064	0.10552900672131263	0.010963782923792393	-0.15111637366938518	0.030221954941890505	-0.06086499354525862	0.37019413371864784
178.59088706045745	10.52497066624883	41.408104955334515	3.1533451727910133	0.10508501872447257	0.010923993943995097	-0.15012516753718105	0.03053333722651956	-0.061579312069466347	0.3701291363098256
178.67205821086776	10.624748903835467	41.484538453820214	3.112262219682824	0.10460872817503378	0.010891689631404263	-0.1491174509114586	0.030831701498005567	-0.06226963108322081	0.3699631538878831
178.7555649880491	10.72346495338972	41.559864666944485	3.071945177414287	0.10409713838621423	0.010868673895487086	-0.14809322053519688	0.031116656140350436	-0.06293797971201746	0.3697025017242717
178.83907176523041	10.822181002943974	41.635190880068755	3.0322453747533853	0.10354463791449571	0.010853986895942377	-0.1470422853593317	0.031392175439232846	-0.06358811845696427	0.36933063819754763
178.9225785424117	10.920897052498225	41.710517093193026	2.9932313035387925	0.1029476439837037	0.010848618909892638	-0.1459618685795163	0.03165860198361676	-0.06422174693189157	0.36884654951216156
179.0079943846277	11.018670461450927	41.78487106454271	2.955265931677615	0.10230472430137486	0.010855645850548542	-0.14485727439853585	0.03191345588559105	-0.06483987904570772	0.3682676356177557
179.09628862453437	11.115022601624736	41.85775913586912	2.918590137133475	0.10161352211687531	0.010877402220010973	-0.14373070762258233	0.03215590295406693	-0.06544481603333245	0.36760580877316984
179.184582864441	11.211374741798544	41.930647207195534	2.8827653017055352	0.10086727389344542	0.010911855174251417	-0.14256758797282043	0.032390651176785884	-0.06603969774092994	0.3668338302123713
179.27287710434766	11.30772688197235	42.00353527852194	2.84777889028327	0.1000624018460032	0.010959993610857602	-0.14136514251321308	0.03261804266545823	-0.06662622141463351	0.36595068755211013
179.36303741859683	11.403025436049832	42.07545555214832	2.8139909185351835	0.09919768538224075	0.01102506978176895	-0.14012963943104917	0.03283541311082757	-0.06720514554922714	0.36497499669545064
179.4562543192258	11.496598240601315	42.14579059564692	2.781614737904894	0.09827142901251279	0.011109742055309062	-0.13886511037635113	0.03304145969969438	-0.0677785090529358	0.3639221717694887
179.54947121985472	11.590171045152797	42.21612563914552	2.749938777684237	0.09727639443880724	0.011211385215209686	-0.13755446330768673	0.03324156907424618	-0.0683499560220901	0.362760816041793
179.6426881204837	11.683743849704282	42.28646068264413	2.7188676928255093	0.0962090418497685	0.011330977663143843	-0.136194954720276	0.03343607971510399	-0.06892116568867182	0.36148992787429673
179.73752521608736	11.776258480407334	42.3559699657487	2.6886833171697124	0.09506823455171033	0.011471518367801472	-0.13479252577385087	0.03362235191882811	-0.06949222598028244	0.3601256126506129
179.83518301151463	11.866930869383776	42.424041630397355	2.659534455555072	0.09385286989726814	0.011635606197078109	-0.1333520050208011	0.03379876738293105	-0.07006441863650822	0.3586833270018289
179.93284080694195	11.957603258360217	42.492113295045996	2.630596491306648	0.09255557870920425	0.011820745703764632	-0.1318560962766703	0.03397096114485286	-0.07064253386836802	0.3571340607507404
180.03049860236922	12.04827564733666	42.56018495969465	2.6017286048834793	0.0928209139960811	0.012200966841836806	-0.13196944952238412	0.034275426842935115	-0.07129087741278407	0.35649757627466755
180.1314863159002	12.136323746694408	42.6265436248785	2.5736989527992566	0.09504370408292073	0.012697639679384965	-0.13407772519351593	0.03472665197088735	-0.07204591454477559	0.35794696041941265
180.23849699613152	12.219625180070128	42.689803913942235	2.5470614875315594	0.09720347543325006	0.013169499826454292	-0.13615209416484356	0.035156771992836386	-0.07277109550478053	0.3595641422411387
180.34550767636287	12.302926613445848	42.75306420300598	2.520127719830304	0.09931769235317153	0.013632120479499401	-0.13818752124781583	0.0355827544566987	-0.07346811389271482	0.36112904613985064
180.45251835659423	12.386228046821568	42.81632449206971	2.4928730865054956	0.10138079247482312	0.01408478217849921	-0.1401768189527909	0.03600387773227592	-0.07413558698053184	0.3626289761820591
180.56124707525979	12.468212094611058	42.87826947988796	2.46567130364864	0.10338424728583508	0.01452264585284266	-0.1421178881998284	0.03641637195394907	-0.07477565441710811	0.36412707142535283
180.67312926884694	12.54777806936717	42.93780022049894	2.438803305119752	0.10531902026673849	0.01494171506092679	-0.14400681201643784	0.036817581741877436	-0.07539043793059846	0.3656715951830016
180.78501146243406	12.627344044123284	42.997330961109924	2.4115802801637436	0.10718477959146845	0.01534894486800897	-0.14582693320284645	0.03721270801070176	-0.07597242345588855	0.36711010616560563
180.8968936560212	12.706910018879398	43.056861701720905	2.384049900829764	0.10897629794610668	0.015743659151352445	-0.14757149721394416	0.037601072598230534	-0.07652031155472791	0.3684306731899931
181.00964809289746	12.785782267252236	43.11563746797654	2.3564485296118955	0.11068676513216105	0.016123206104264685	-0.14923678126388876	0.03798090856732249	-0.07703555146677113	0.3696624192624887
181.123987811868	12.863393683896831	43.173041085724954	2.328972455518391	0.11230957084585624	0.01648547648032891	-0.15081856644692718	0.03835102444099945	-0.07751957151080087	0.3708267061740577
181.23832753083857	12.941005100541428	43.23044470347337	2.3013799899511977	0.11384248128836588	0.016833492114217596	-0.1523048208252087	0.03871292087394736	-0.07796634501939065	0.3718372231646707
181.3526672498091	13.018616517186025	43.28784832122178	2.2737661749048828	0.11528047175050782	0.017166603088941513	-0.15368905165210156	0.0390659459887691	-0.07837462291903703	0.3726825014902306
181.46755383701372	13.095633347233408	43.344948681860274	2.2463760801455783	0.11661370437509863	0.017481918376532284	-0.15496156168584127	0.03940745991819376	-0.07874186578965021	0.37336768905673073
181.58340071806163	13.171606090583044	43.40151652677108	2.2194083299796112	0.11783421550508522	0.017777161757098182	-0.15611416513691043	0.03973550786613484	-0.07906611428895008	0.3738949431037854
181.69924759910953	13.24757883393268	43.4580843716819	2.1927132704178236	0.11894584903737764	0.018055662038734887	-0.15714645320436432	0.04005303396295137	-0.0793485314531469	0.3742243182977126
181.81509448015743	13.323551577282316	43.51465221659272	2.166401807052078	0.11994369407612139	0.018316784025546942	-0.1580520802070178	0.04035940109674472	-0.07958789650116309	0.3743446056698341
181.93142796036378	13.39877362407396	43.57121295877678	2.1407504701322435	0.12081444313152356	0.01855620561056099	-0.15881543712868704	0.0406500358518676	-0.07977698094903038	0.3742475609386357
182.04856769952067	13.47275182198408	43.627761932265976	2.1159529522081773	0.12154912761499805	0.018770826225576354	-0.15942542284683398	0.04092181485395658	-0.07991072701131632	0.37392608527118676
182.16570743867754	13.546730019894191	43.68431090575517	2.0918260333279073	0.12215747102220435	0.018966107883102247	-0.15989172189762724	0.04118067621481543	-0.07999793308956804	0.37336517679874964
182.2828471778344	13.62070821780431	43.740859879244354	2.06846699898691	0.12263463963122376	0.019141425369244257	-0.16020808832123726	0.04142599283465627	-0.08003739758708575	0.3725538026997799
182.40055504708957	13.693636955807756	43.79757246050159	2.046164825388802	0.12296496601771495	0.019290418179433083	-0.16035454047994774	0.04165090634468138	-0.08001734726769719	0.37147935573070157
182.51913160287847	13.76496104077216	43.8545352025325	2.025073102560202	0.12314023200451783	0.019409319919209075	-0.16031967612538514	0.04185157001084102	-0.0799310617997873	0.3701334791986981
182.63770815866738	13.836285125736566	43.91149794456341	2.004944983311692	0.1231732509972841	0.019506236850002717	-0.16011925017817197	0.04203692629136304	-0.07979355217991015	0.368509216952839
182.75628471445629	13.907609210700972	43.96846068659432	1.985841412987304	0.12305927101318075	0.01958055433039616	-0.15974712229875515	0.04220635869082686	-0.07960363713057665	0.3665957227385275
182.87560926924846	13.977439271036907	44.02567733600992	1.9680441682236	0.12278200253855227	0.019623286704145284	-0.15918089448680992	0.042350372247177644	-0.079344931556989	0.36438445272890707
182.9959675275522	14.045204651476002	44.08324487487062	1.951635923181817	0.12233593529523189	0.019630509676725277	-0.15841160134210688	0.042465090594322207	-0.07901063017502986	0.36187111105653025
183.116325785856	14.112970031915097	44.140812413731325	1.936302579126987	0.12173384986719749	0.01961314370558836	-0.15745707871156728	0.04256223319564993	-0.07862066180098136	0.35904420894860506
183.23668404415974	14.180735412354188	44.19837995259202	1.9220558938790686	0.12097111487489567	0.019570589748651467	-0.15631134209481387	0.042641199202128784	-0.07817387513766903	0.3558931754238094
183.35806858000385	14.246309991562148	44.25626566175797	1.9091677959621405	0.12003366671413293	0.019490121141593094	-0.15495217113861326	0.04268891436829404	-0.07764811527727937	0.35242395127713827
183.48071006360396	14.309201356353697	44.314541054450544	1.8976323569229065	0.11892064236243682	0.01936836065041887	-0.15337562549549816	0.042702248971441724	-0.07703799228980363	0.34863926731324235
183.60335154720406	14.372092721145243	44.372816447143116	1.8870685046616087	0.11764136052950631	0.01921956371011353	-0.1515979767001706	0.042696004402431945	-0.0763683026220714	0.3445123404744566
183.72599303080418	14.434984085936792	44.43109183983569	1.8774377897701509	0.1161913875535663	0.019043156852241828	-0.1496134957359826	0.04266960546302087	-0.07563794412682494	0.3400330510642051
183.8500381560774	14.494531024532462	44.48978639689533	1.8690212869588565	0.11456549583533109	0.01882057783175458	-0.1474057750218676	0.042604402476654715	-0.07481619020331984	0.3352400554709905
183.9755780558496	14.550516396748865	44.548927332983766	1.8617201450767866	0.11276921750220747	0.01855019199086792	-0.1449784336321881	0.042499199720962666	-0.07390111213111804	0.33014340404389503
184.10111795562187	14.606501768965272	44.60806826907221	1.8550915391454197	0.11267980031541443	0.018374164133058982	-0.1444978994761436	0.04235845354679759	-0.0731392101878099	0.32742315121167054
184.22665785539414	14.662487141181677	44.66720920516065	1.8490540119726624	0.11307186373568955	0.01821086367254619	-0.1445508092432618	0.04220739754928167	-0.07240960197622312	0.32539402992206184
184.35492563609634	14.712901350957292	44.72519112769108	1.8440534294853888	0.11359000015087502	0.018017781201632145	-0.14473316056818555	0.042036307976113296	-0.07165970290353098	0.32372139810694617
184.48567035848035	14.758256892550818	44.78212065495019	1.8399085915993962	0.11422890382422815	0.017798859005493807	-0.1450418639027528	0.041849260679833085	-0.07089552947588315	0.32239132141284643
184.61641508086433	14.803612434144343	44.83905018220929	1.8360548449133882	0.11492282213794489	0.017568007181501775	-0.14539787294841283	0.04166136781178604	-0.07012518308825919	0.32115761853451086
184.7471598032483	14.848967975737867	44.8959797094684	1.832429376426724	0.11567360404102076	0.017325447162028412	-0.14580326009784314	0.041473139557829754	-0.06934968110569573	0.3200248536098133
184.88032981565254	14.888897632778965	44.951064236188046	1.8294579245050928	0.11655840175566608	0.0170649880745698	-0.14636335925260174	0.04127745636392185	-0.06858170580904623	0.3193082531034399
185.01533753015102	14.92471596320689	45.00475076047216	1.8269419224536074	0.1175578846534644	0.016790579575815166	-0.147055259047985	0.041078155072170434	-0.06782265840059434	0.3189376753685377
185.1503452446495	14.960534293634815	45.05843728475628	1.824460694219388	0.11861567027299431	0.016507855587621436	-0.14780238751465719	0.040881832346213925	-0.06706539820833554	0.3186815391665857
185.28535295914793	14.99635262406274	45.112123809040405	1.8219719742319875	0.1197331804912943	0.01621698639570596	-0.14860633836210957	0.04068888052870663	-0.06631070760538538	0.3185433544066516
185.42237159301988	15.027287895014258	45.163512048524936	1.8198692100918117	0.12097885214288273	0.015918990859495524	-0.14957146352994205	0.040498660326697265	-0.0655844826032563	0.31883295171687015
185.56062881097245	15.055215546758241	45.213484707154684	1.817939809110402	0.12232381934451825	0.015615499562797355	-0.15065761446184678	0.04031279525775434	-0.06487988837816518	0.31943190988197445
185.69888602892507	15.083143198502224	45.26345736578443	1.81588326962318	0.12372683765403998	0.015306542530783571	-0.15180219999456268	0.040132421730867895	-0.06418254126541426	0.32015327191400966
185.83714324687764	15.111070850246206	45.31343002441418	1.8136702059911498	0.12518896385858247	0.014992246325562389	-0.15300640462691828	0.03995783134837673	-0.063493022751181	0.32099964649617896
185.97698349351586	15.134905937303449	45.36093381372079	1.8116426175460725	0.1267640964018015	0.014678879727091379	-0.15436270706098842	0.03979268234052933	-0.06284403855602402	0.3222458934439372
186.1175894964452	15.156761333667694	45.4072433402618	1.80957875372521	0.12842078517260658	0.014364729858181489	-0.15582148603695764	0.039635825459659345	-0.06222057304990976	0.32374679701221953
186.25819549937452	15.178616730031939	45.453552866802795	1.807274024945696	0.13013326084026283	0.014047181848794147	-0.1573387719383036	0.039485913444747806	-0.06160772463416169	0.32537124422423913
186.39880150230383	15.200472126396182	45.49986239334379	1.804704359638203	0.1319023028143139	0.013726329041960882	-0.15891543836545258	0.03934316136053016	-0.06100592217080969	0.32712115905552297
186.54059786104145	15.219156312704946	45.543803188630676	1.8021386363734782	0.13376541175808979	0.013411250080758694	-0.16062543852366365	0.03921330296702438	-0.060448529984464414	0.32921764230167794
186.68282474140315	15.23669355245035	45.58688727366376	1.7993617618882518	0.13569493684858724	0.01309720322856862	-0.16241894160852974	0.03909297377811733	-0.05991519639847068	0.3315145242510173
186.82505162176486	15.25423079219575	45.62997135869685	1.796243224052044	0.13767743819060446	0.012781149140036785	-0.16426957407599493	0.0389803361844803	-0.05939437984958338	0.333932774889775
186.96727850212656	15.271768031941154	45.673055443729936	1.7927588513373038	0.13971350434669422	0.012463158302127802	-0.16617799561582225	0.038875552589885176	-0.05888640418825206	0.3364738470869298
187.11034890163737	15.287144647511912	45.714095801755114	1.7890850368757079	0.1418257843996493	0.012152801655105447	-0.1681971524743677	0.03878480551747421	-0.05842049914255293	0.33929599050964093
187.25363009166972	15.301981335687785	45.75462544430641	1.7850393513492775	0.14399430066002222	0.011843544565559723	-0.17028490757296888	0.038703508956975906	-0.05797510034931737	0.3422756904675277
187.39691128170207	15.316818023863657	45.7951550868577	1.7805442373990226	0.14621357365368534	0.011533128261880077	-0.17242833520899947	0.038630265024175534	-0.0575432254719605	0.3453741316543879
187.54019247173446	15.331654712039532	45.83568472940899	1.7755722367629876	0.14848407526083568	0.01122160925701059	-0.17462796428891755	0.03856520392634394	-0.057125134157673396	0.34859247890834466
187.68401083817668	15.345446088904481	45.874643472872016	1.770194069510807	0.15081815843497956	0.010917155707765658	-0.17691716146188383	0.038514241733685645	-0.0567429778400971	0.35202524164958077
187.82790880700048	15.359082564570835	45.913369430035786	1.7642899195124024	0.15320367347948638	0.01061310019647331	-0.17926602559746174	0.03847230825702328	-0.05637793872224148	0.3555888364692167
187.9718067758242	15.372719040237188	45.95209538719954	1.7578136358776695	0.15563910583086632	0.010308303624357543	-0.18166999016514268	0.03843864285252452	-0.0560269734122113	0.3592701030290034
188.11570474464796	15.386355515903539	45.990821344363304	1.7507370933724133	0.1559725201883691	0.010391097910411746	-0.18243453270193938	0.03825979364080834	-0.055884626746817344	0.3596732887604934
188.25898058634962	15.401071911074599	46.031410230256	1.7429692567070527	0.1557893431134052	0.010568490691530371	-0.18279795886061367	0.03804495316464263	-0.05578945051048112	0.3592618480166811
188.40222151870802	15.415848903637041	46.07210365044112	1.7346187124764143	0.15560937600802832	0.01075853765877455	-0.18319672093591371	0.0378372747295649	-0.05572050223757451	0.35893927906617784
188.54546245106638	15.430625896199482	46.11279707062625	1.7257045465894592	0.1554324464623713	0.010961942113906973	-0.18363227371850704	0.03763715687310206	-0.05567932029044126	0.3587103387989312
188.68868287558274	15.445434867644531	46.153548909813026	1.7162374291080797	0.15525838043673693	0.011178422357208184	-0.18410391079368338	0.037444485877393976	-0.055665244661073525	0.35857305714427096
188.83118270697565	15.461367495245876	46.19635344332488	1.7061509704855606	0.15508707835364005	0.011397048284935738	-0.18458849711092026	0.037253477250450126	-0.05565372006018123	0.3584549482411136
188.9736825383685	15.477300122847215	46.23915797683674	1.695544927693567	0.1549184229549911	0.011629842171053489	-0.18511189077172754	0.03707052857508416	-0.055671574610384786	0.3584364369321488
189.11618236976142	15.493232750448557	46.281962510348585	1.6844299641677867	0.15475221790020763	0.011876860230011646	-0.18567409359829248	0.03689571000547175	-0.05571890101541674	0.35851779290096186
189.258590945639	15.509293714137087	46.32501419825669	1.6728081031244015	0.15458825153001604	0.012136893904916918	-0.1862725057513011	0.03672840469530333	-0.0557929516247415	0.35869118540155964
189.4002835833612	15.526361528767744	46.3700049170498	1.6606377589949566	0.15442625539761318	0.012401717160772891	-0.1868904095384112	0.0365641649439029	-0.05587515987698049	0.3589043678397872
189.54197622108336	15.543429343398397	46.4149956358429	1.6479919979784659	0.15426616290897574	0.012681612950779696	-0.18754908661675315	0.03640860400685529	-0.055988534933702504	0.3592235223733442
189.6836688588055	15.56049715802905	46.459986354636	1.6348779644725207	0.15410775424436612	0.0129766442117252	-0.18824853902641714	0.03626180042763978	-0.056133180584505074	0.3596489509356052
189.8251911504397	15.577768629694221	46.50542159924967	1.6212919346517953	0.15395060725778936	0.013284836911619349	-0.18898461086147347	0.03612267169673657	-0.05630462217319706	0.3601685909764156
189.96604346057842	15.595841096827824	46.55260519087582	1.6072125439270801	0.15379388142651457	0.01360067772858915	-0.189746169556202	0.03598810137217458	-0.05649037978020107	0.3607494750781279
190.10689577071713	15.613913563961429	46.599788782501975	1.592685590035854	0.1536381178490318	0.013932509953435666	-0.1905502740383598	0.035862879991168495	-0.05670913267174494	0.3614425448187364
190.24774808085584	15.631986031095032	46.64697237412813	1.5777144152708613	0.1534830738693796	0.014280403061206752	-0.1913969265599743	0.03574709425677643	-0.05696099541972684	0.36224813349830876
190.38835714328505	15.650258593376728	46.69478765153827	1.5622927707010448	0.15332752333647254	0.014641829663747608	-0.19228030494891934	0.035639183781594815	-0.05724029522516793	0.3631518805125934
190.5283886738863	15.66900623234822	46.74410271139742	1.5464110937332487	0.15316976965821494	0.015013682990197258	-0.193193283237383	0.035537204862266664	-0.05754005800746295	0.36413662410999953
190.66842020448757	15.687753871319714	46.793417771256586	1.5300912406833513	0.15301183521489164	0.015402415313845966	-0.19415016795782808	0.03544528651250407	-0.05787461518047659	0.36523906900015946
190.80845173508882	15.706501510291206	46.84273283111573	1.5133328277832703	0.15285345844698206	0.01580810152203671	-0.19515096153772102	0.035363522189769334	-0.05824409024156961	0.3664595744481225
190.9481970561849	15.725263277696126	46.892837066913536	1.4961279993480494	0.15269122698082294	0.01622780361312615	-0.19618663369623507	0.03528969612676382	-0.058642147788934215	0.3677824356390219
191.08750163032812	15.74404680211424	46.94415659040773	1.478468859506541	0.15252300078752612	0.016660307891151548	-0.19725274711581336	0.0352229034107539	-0.05906624032762916	0.36920111708800263
191.22680620447125	15.762830326532356	46.99547611390193	1.4603619747069578	0.15235328553328994	0.017110478280351945	-0.19836340445906675	0.035166904450327094	-0.059526796549617844	0.37074150042167836
191.36611077861446	15.781613850950473	47.046795637396116	1.4418038946273377	0.15218180992196675	0.01757839245577357	-0.19951860824382664	0.03512179618192606	-0.060023944549486064	0.3724039582788443
191.50514549837098	15.799874024595143	47.09901638625429	1.4227801444274841	0.1520003013896772	0.018060526612294618	-0.20070138327131049	0.035084183973487656	-0.060550906789211406	0.3741687720043428
191.64390433685202	15.81759915902592	47.15215848831332	1.403279417744214	0.1518080927410715	0.01855708145849337	-0.20191095400765188	0.03505433335067535	-0.06110831635452077	0.3760357070639174
191.78266317533308	15.8353242934567	47.20530059037233	1.3833054414298283	0.15161302519120862	0.01907188368773628	-0.2031645448863834	0.03503599205414691	-0.061703581350049996	0.37802561424572834
191.92142201381412	15.85304942788748	47.25844269243136	1.3628531894926132	0.15141483467713687	0.019605008904125684	-0.20446215835820444	0.03502925443586177	-0.062336826455173695	0.38013885625341093
192.06000938936523	15.869134334100558	47.31252298260748	1.341890445732065	0.15125548489088897	0.020166942491085624	-0.2052879709161615	0.03512672652626492	-0.06316468515798539	0.3816649656506744
192.19848169234595	15.884118446823852	47.36723291161093	1.3204114776777336	0.15117553141018894	0.02076214245297066	-0.20549588832268903	0.03535607044248577	-0.06423368392872887	0.38236143829262614
192.33695399532667	15.899102559547146	47.42194284061438	1.2984287780634471	0.15111586037712596	0.021373112997898784	-0.20573480590011597	0.03559093575546998	-0.06533160991868213	0.3831184353245667
192.4754262983074	15.914086672270436	47.476652769617814	1.2759410045373154	0.1510768527824232	0.022000002957022705	-0.20600526054738055	0.03583135981933604	-0.06645863217917602	0.38393654472798944
192.6145874776858	15.926029132563912	47.5303118341982	1.2529285339012763	0.15104037037960547	0.02263948014576489	-0.20626491902375313	0.03607333890945332	-0.06761389770412453	0.384780497651539
192.75403661294348	15.936700157658048	47.58353162899086	1.2294005559912848	0.15101711984178445	0.023292303017034933	-0.20653781410231214	0.03631873730948195	-0.06879538422002637	0.3856665471185129
192.8934857482012	15.947371182752189	47.63675142378352	1.2053699460391667	0.15101504127340865	0.023959790076509974	-0.20684200497094846	0.0365691806437086	-0.0700031602650629	0.3866092097278784
193.03293488345886	15.958042207846326	47.689971218576176	1.1808437302729964	0.15103440047110497	0.024642045155637452	-0.2071778661950203	0.03682469497208175	-0.07123734377720618	0.38760889568252993
193.17314845221887	15.96557430089339	47.74167035579431	1.1558306258144633	0.1510569004050064	0.025333564437744635	-0.20750100859769294	0.0370811254595187	-0.07249363479463325	0.3886227648341712
193.3135359315994	15.972392278692302	47.793023539438146	1.1303420711687628	0.15109625217329353	0.02603723050699712	-0.20784436926738148	0.037341165967087704	-0.07377262136089358	0.389678900365374
193.45392341098	15.979210256491214	47.844376723081986	1.1043905616586887	0.15115675871515868	0.02675422736800457	-0.2082181672904247	0.037605727052710036	-0.07507508397413591	0.3907868200333289
193.59431089036053	15.986028234290124	47.89572990672582	1.0779897905943432	0.15123858500085285	0.027484619465150753	-0.20862263514584917	0.037874824890843026	-0.07640109583414785	0.39194677843597814
193.73557633563675	15.989659478867384	47.94494308010063	1.0511932498672842	0.1513229116508518	0.028220435176096063	-0.20901117049346668	0.038144416615372746	-0.07774268278690596	0.3931076727796359
193.87691144061927	15.99303788116298	47.99398646044867	1.0239880146372153	0.15142603371056151	0.02896744383489651	-0.20942453694056162	0.03841765391236728	-0.07910421653230293	0.3943107582836858
194.01824654560176	15.996416283458576	48.043029840796706	0.9963887265771265	0.15183016766862975	0.029662861156052687	-0.21001484385577834	0.03870667514681015	-0.08034156522115761	0.3953907915473197
194.15954677447803	15.99966160322761	48.09217548880066	0.9684104352192971	0.15227128996242106	0.0303354593660032	-0.21060120333446938	0.03898917911142997	-0.08153128957287417	0.3963847691641805
194.30001959434773	15.999749641610343	48.14374735890003	0.9400249137985811	0.15269187280800195	0.030970471280814146	-0.21109945017438614	0.03924733188345116	-0.0826483435224099	0.3972127894754002
194.4404924142175	15.999837679993078	48.19531922899938	0.9113034184577555	0.1531089787222607	0.031589105301768436	-0.21157054343777262	0.03949639071903466	-0.08373350275778631	0.3979701041960046
194.5809652340872	15.999925718375813	48.24689109909874	0.8822646892716196	0.15352260775901064	0.03219136064112588	-0.21201448188990812	0.039736355211888404	-0.08478676567775235	0.39865671011811177
194.72127938342334	16.00013228501258	48.2988816495141	0.8529174430760629	0.1539357108640401	0.032775210635145095	-0.21243084086883873	0.039965849759863455	-0.08580286821440716	0.39926423544142425
194.8607368950132	16.0009787674176	48.35313259040132	0.8232335248732353	0.15436112247978087	0.033331323408063225	-0.21281731090993763	0.040178542054841296	-0.08675777299213405	0.3997546672629299
195.00019440660307	16.001825249822623	48.407383531288545	0.7932881002022365	0.15478280250958576	0.033870330675615526	-0.21317585448038873	0.040381656112766	-0.08767925097430765	0.40017232693542565
195.13965191819295	16.002671732227647	48.46163447217577	0.7631011435553967	0.1552007481616095	0.03439223322131973	-0.2135064739817793	0.04057519998796113	-0.08856731200443388	0.40051723469228473
195.2787755620783	16.004974797574498	48.516627215548354	0.7326606165355901	0.15563453092233526	0.03489029927809177	-0.21381685791731975	0.04075409373879646	-0.08940072862148893	0.40075469950461257
195.4170134369752	16.011142255857663	48.573588000837596	0.7019250313076723	0.15611597586214826	0.03535307375414373	-0.214120730173386	0.040909503416431556	-0.09014340723661436	0.40083017556271566
195.5552513118721	16.01730971414083	48.63054878612684	0.6709960126707921	0.15659283275348004	0.03579823693837016	-0.21439829275897465	0.04105473008782908	-0.0908511820395601	0.40083747910895945
195.69348918676897	16.02347717242399	48.68750957141608	0.6398947147212787	0.157065080425716	0.03622579477220148	-0.21464956388536702	0.04118983482907401	-0.0915241276738157	0.40077676357338954
195.83123260959218	16.030895718340577	48.74547198525256	0.6086158287014397	0.15755016929938478	0.03662760530105912	-0.2148802292732768	0.04130895354274687	-0.09213864071657028	0.40061359143105973
195.96821107417543	16.040249800267652	48.804984001267584	0.5771641878145788	0.15805716188209962	0.03699887388279813	-0.21509377597288395	0.04140864953493698	-0.09268107042230861	0.4003305988431308
196.10518953875862	16.049603882194727	48.864496017282605	0.545601021865308	0.15845456153647713	0.03696317796293555	-0.21486098269974563	0.041391975496078266	-0.09242190573954571	0.3985772449487469
196.24216800334187	16.058957964121802	48.92400803329763	0.513938965810384	0.158801130743317	0.036803049064101576	-0.21447459218211956	0.04133732490859531	-0.09191781332046917	0.3963550608678207
196.3786179339345	16.069055655797637	48.98458738164334	0.4821717360123185	0.15913834232763244	0.03663188988840972	-0.2140648544654364	0.041272681259474114	-0.09138704613078207	0.3940699335213777
196.51456539539853	16.079860285814487	49.04618142640529	0.45030979378967895	0.15946517561135592	0.036450003904846096	-0.21363146410104258	0.041198292634582544	-0.09083065193657149	0.39172377087783183
196.65051285686258	16.09066491583134	49.107775471167244	0.4183760506214655	0.1597702837651582	0.03626262938582237	-0.21317118959377077	0.041118587434189134	-0.09026392791889655	0.3893370173687156
196.7864603183266	16.10146954584819	49.1693695159292	0.3863787766949607	0.16005367951182636	0.03606970888540997	-0.21268395375871227	0.041033569729585787	-0.08968679685468016	0.3869095173519328
196.92199683894793	16.112441591874145	49.23182908233597	0.35432288975782644	0.16031935365436994	0.03586736355822006	-0.21216767047351906	0.0409402654377828	-0.08908962837821031	0.38442689510360606
197.05729574789132	16.123510440151676	49.294789105326636	0.3222190954719579	0.160565270563263	0.03565707908199218	-0.21162269984259918	0.040839898002590795	-0.08847630427303066	0.38189454397118794
197.1925946568347	16.134579288429208	49.357749128317295	0.29007688670449744	0.16078906017018443	0.035440990064760376	-0.21105003145635104	0.040734185409263976	-0.0878522524325483	0.37932042413561734
197.3278935657781	16.145648136706736	49.42070915130795	0.25790318967051895	0.16099073573454264	0.035219036637644564	-0.2104495848743645	0.04062313190081297	-0.08721739237657489	0.37670437339013313
197.4630811589507	16.156255982128975	49.483986015675654	0.22570689147515888	0.16116537049491955	0.03499023211745871	-0.20981416833029035	0.0405064522822456	-0.08657130436479363	0.3740409043490095
197.5982326982413	16.16671451409443	49.547365501275976	0.19349200654952917	0.16131614407247927	0.03475500495650146	-0.20914802362796914	0.040384271037012996	-0.0859138037366468	0.3713321015213583
197.73338423753188	16.177173046059885	49.610744986876306	0.16126306508754995	0.16144464493307512	0.03451357893637001	-0.20845330957929142	0.04025667544334453	-0.08524487709212922	0.3685793462250231
197.86853577682248	16.18763157802534	49.67412447247663	0.12902491350666698	0.16155088567474668	0.03426589717439592	-0.20772994975615008	0.04012366953261298	-0.08456444796533984	0.3657824843439857
198.00505263337507	16.196622073879777	49.73472944766411	0.09677653814485557	0.16161458731492837	0.034025440486789585	-0.20697645708627188	0.03999642205875747	-0.08390858312347196	0.3629882701951805
198.14175994734285	16.20540778336634	49.79494738747431	0.0645206676603513	0.1616540896278994	0.0337805413843456	-0.20619452350734765	0.03986533706040464	-0.08324586730928091	0.36015553695425057
198.2784672613106	16.2141934928529	49.85516532728451	0.032261120839603225	0.16167228997182748	0.03352926754899557	-0.20538431964970433	0.039728860855722296	-0.08257118084166226	0.35727757316854025
198.4151745752784	16.222979202339463	49.91538326709471	0.00010000153609757938	0.16166919851755712	0.0332715730573421	-0.20454578381021804	0.0395869966993807	-0.08188446198697973	0.35435425441471635
