Q20	Q30	Q40	EHFB	M22	M23	M24	M33	M34	M44
140.0	0.0	16.0	0.0001	0.1097	1.399e-08	-0.1142	0.02081	-7.289e-09	0.1914
140.1946542861699	0.0	16.010822564253285	0.0009170028086323897	0.10873276270178212	1.289275463183198e-08	-0.1125715750311292	0.020798173172915012	-7.509705638033142e-09	0.18837791553793656
140.38930857233981	0.0	16.02164512850657	0.0012576720595011933	0.10776483547289914	1.1780993201470902e-08	-0.11094556350292455	0.020786657077961613	-7.4327537255779965e-09	0.18536257896644265
140.58396285850975	0.0	16.03246769275986	0.001027252778027294	0.10679621831335097	1.0654715708916574e-08	-0.10932196541538572	0.020775451715139802	-7.058144262634566e-09	0.1823539902855177
140.77861714467966	0.0	16.043290257013144	0.00023592580096251547	0.10582691122313789	9.513922154169377e-09	-0.10770078076851326	0.020764557084449582	-6.385877249202774e-09	0.17935214949516268
140.97305417327684	0.0	16.05740356612295	0.0007005411631899443	0.10485169514222858	8.31323311190539e-09	-0.10606044294654267	0.020752050238436036	-5.452939929345199e-09	0.17630062998200188
141.16744175377275	0.0	16.07226585296864	0.001093726924133227	0.10387436878773441	7.082808277839821e-09	-0.10441842320590916	0.020739521163170706	-4.1304650822732786e-09	0.17324528935095254
141.36182933426863	0.0	16.08712813981433	0.000984333101710694	0.10289609627133675	5.832476305661092e-09	-0.10277971322628618	0.020727418221892516	-2.3997865578372284e-09	0.17019920268890393
141.55621691476455	0.0	16.10199042666002	0.0003735488722711353	0.10191687759303529	4.562237195368794e-09	-0.10114431300767313	0.02071574141460146	-2.6090435603651755e-10	0.16716236999585507
141.7504226266678	0.0	16.118986231708785	0.0005266465886183532	0.10093325940894689	3.2372076232204825e-09	-0.09949950823462096	0.020703366356162847	2.37830468197132e-09	0.16410143473234592
141.94452111700767	0.0	16.13723986337818	0.0009687268928960304	0.09994648467230398	1.868034777620335e-09	-0.0978511276887033	0.020690833115570666	5.555293969135016e-09	0.16103179417209681
142.13861960734752	0.0	16.155493495047576	0.000951428040391257	0.09895854960239137	4.744486528881476e-10	-0.09620680609485313	0.020678822467825153	9.232887123186621e-09	0.15797350229125082
142.3327180976874	0.0	16.173747126716975	0.00047251898183586777	0.09796945419920888	-9.435507509763072e-10	-0.09456654345307024	0.0206673344129263	1.3411084144126857e-08	0.1549265590898075
142.52668103051542	0.0	16.193331649870586	0.0003647825744601631	0.09697698484491028	-2.4111285309883282e-09	-0.09292316872365224	0.020655743361106264	1.821937994091704e-08	0.1518721103167119
142.72047382694728	0.0	16.21458655689109	0.0008591842010341741	0.0959804407193729	-3.937568673381e-09	-0.09127532895842864	0.02064395105515365	2.3749548932976933e-08	0.14880667818846952
142.91426662337918	0.0	16.235841463911598	0.0009252089366758658	0.09498254760565808	-5.4923913725585945e-09	-0.08963220807742016	0.02063276630876177	2.9861713387495144e-08	0.14575443988543332
143.10805941981104	0.0	16.257096370932096	0.0005573448352420473	0.09398330550376623	-7.0755966285204145e-09	-0.08799380608062736	0.02062218912193063	3.6555873304468444e-08	0.1427153954076044
143.30177002964527	0.0	16.27905479043237	0.00022267605584345363	0.09298150777658157	-8.702281360213907e-09	-0.08635672315329451	0.020611928611895876	4.39383318551034e-08	0.13968058922208834
143.49524367655064	0.0	16.303041598775145	0.0007625419754765916	0.09197477460637479	-1.0403137108384028e-08	-0.08471493250002093	0.02060148536899056	5.2255636076353507e-08	0.13663420682948946
143.688717323456	0.0	16.327028407117922	0.0009034507539961694	0.09096652156916143	-1.2135970684344809e-08	-0.08307845848076156	0.020591726646340174	6.1228658202608e-08	0.13360268954835935
143.88219097036136	0.0	16.351015215460702	0.000632763639112646	0.08995674866494119	-1.3900782088096677e-08	-0.08144730109551591	0.020582652443944728	7.085739823386897e-08	0.13058603737869723
144.07564103876902	0.0	16.3751825101891	0.0001159454600905659	0.08918391873286585	-1.4759022940510663e-08	-0.08018465694296205	0.02061581831191813	7.694656310790755e-08	0.12819695474493284
144.26878372326624	0.0	16.401702737310043	0.0006763971932403155	0.08877432950684383	-1.412950388483888e-08	-0.07947906895611098	0.020713381022046944	7.663324049490348e-08	0.12674480605314636
144.46192640776346	0.0	16.428222964430987	0.0008852406129772838	0.08836031278969063	-1.3372444110934211e-08	-0.07877380110600116	0.020811500770105483	7.56041656703304e-08	0.1252988840209768
144.65506909226067	0.0	16.454743191551927	0.0006959997234389563	0.08794186858140626	-1.2487843618796603e-08	-0.07806885339263256	0.020910177556093763	7.385933863418776e-08	0.12385918864842412
144.84821177675786	0.0	16.481263418672874	0.0001377245983600862	0.08751899688199083	-1.1475702408426438e-08	-0.07736422581600526	0.021009411380011753	7.139875938647821e-08	0.12242571993548833
145.0410417114193	0.0	16.509958454843648	0.0005941609963577587	0.08708606443724581	-1.0363695694638654e-08	-0.07664928238696646	0.021108361807677913	6.851709675343306e-08	0.12097280756274029
145.23383081821635	0.0	16.53893740102408	0.0008775161472889072	0.086647590676197	-9.116859767134203e-09	-0.0759332979848117	0.02120780717094094	6.489697154897297e-08	0.11952330293728058
145.42661992501343	0.0	16.56791634720451	0.000763105236793182	0.08620428780315907	-7.730913812467823e-09	-0.07521766275922875	0.021307860101439053	6.049616774263501e-08	0.11808058979614373
145.61940903181048	0.0	16.59689529338494	0.0002574907441408875	0.08575615581813209	-6.205857830639998e-09	-0.07450237671021775	0.02140852059917222	5.531468533442146e-08	0.11664466813933007
145.81192774118438	0.0	16.627597804024504	0.0005099648693354784	0.08529821114961264	-4.547656922270794e-09	-0.07377911693945773	0.021509180494980174	4.949626835884691e-08	0.11519610923110982
146.0043290626975	0.0	16.659048567152517	0.0008764037416468043	0.08483293322989637	-2.7431236188536645e-09	-0.07305261774727952	0.021610226787248606	4.2904512029194085e-08	0.11374638622513368
146.19673038421064	0.0	16.690499330280524	0.000836229095493019	0.08436242483150438	-7.87918301141083e-10	-0.07232649675312562	0.021711931144079273	3.546719179690845e-08	0.1123040191707298
146.38913170572377	0.0	16.721950093408537	0.00038860922133628404	0.08388668595443663	1.317959030866975e-09	-0.07160075395699596	0.02181429356547218	2.718430766199084e-08	0.11086900806789801
146.5813103837533	0.0	16.754708016510314	0.000415743796331226	0.08340154773971967	3.581988486302405e-09	-0.07086915896017834	0.021916895998773417	1.809737393849637e-08	0.10942730996146473
146.77327465310967	0.0	16.78872475227099	0.0008788457740693379	0.08290685201325461	6.012891579220135e-09	-0.07013196478961543	0.02201979320611175	8.15435782899931e-09	0.10797988355125636
146.96523892246603	0.0	16.822741488031664	0.0009178158402994109	0.08240651191991857	8.60638937495562e-09	-0.06939517874391668	0.022123400550713684	-2.7011317222635425e-09	0.1065403951696555
147.15720319182242	0.0	16.856758223792337	0.0005271053325043922	0.08190052745971145	1.1362481873509224e-08	-0.068658800823082	0.02222771803257923	-1.446909471529382e-08	0.10510884481666194
147.34900485457	0.0	16.891655826913663	0.0003029487605468238	0.08138583108576986	1.4294213896889817e-08	-0.06791868949909155	0.02233249228110591	-2.716657137911398e-08	0.10367623573663445
147.54046230517662	0.0	16.928418085121727	0.0008811506408645161	0.08085870661380076	1.742451482579671e-08	-0.06717024033386355	0.022437476836238764	-4.0859511095741844e-08	0.10223292815772887
147.73191975578322	0.0	16.965180343329784	0.001009919603575746	0.0803254983177135	2.0730069702063162e-08	-0.06642223106915027	0.022543226818267176	-5.5535967309272397e-08	0.10079817664383411
147.92337720638983	0.0	17.001942601537852	0.0006779726152286506	0.07978620619750802	2.4210878525689547e-08	-0.06567466170495162	0.02264974222719115	-7.119594001970661e-08	0.09937198119494998
148.10839090735246	0.0	17.05136976791655	0.008813847100126481	0.07948178349563222	3.0384206505136154e-08	-0.06526014162203662	0.02281746340665112	-9.62578380520696e-08	0.09846531395817308
148.25082413862876	0.0	17.18448698562156	0.07206128383474145	0.07899059074614526	3.9962671060923046e-08	-0.06464286335226756	0.022972401606476553	-1.3194924927790557e-07	0.09707334591281755
148.39325736990506	0.0	17.317604203326574	0.12868197989348773	0.07848188340525558	5.0850658831937933e-08	-0.06401533466195496	0.02313134517294212	-1.729409334063469e-07	0.09568022839833744
148.53569060118136	0.0	17.450721421031588	0.17879993080955084	0.07795566147296322	6.30481698181807e-08	-0.06337755555109882	0.02329429410604781	-2.192328904373933e-07	0.09428596141473279
148.6781238324577	0.0	17.583838638736605	0.2225430083524482	0.07741192494926813	7.655520401965306e-08	-0.06272952601969915	0.02346124840579367	-2.708251203710517e-07	0.09289054496200358
148.70873716919255	0.0	17.773808892433372	0.28937677564483993	0.07657313469209955	8.765094448867393e-08	-0.06171610096132847	0.02348633736055399	-3.1092606907300384e-07	0.09084170821302978
148.73237563300344	0.0	17.967325408653554	0.34131672280586833	0.07571241691117238	9.885970410576751e-08	-0.06067782201539948	0.02350338305498723	-3.5137644996232413e-07	0.08875188251866035
148.75601409681434	0.0	18.16084192487374	0.3767940902777901	0.07484747349760855	1.1038440395289242e-07	-0.05963707001654038	0.02352139509842668	-3.9310559354985785e-07	0.08666177949928021
148.77965256062524	0.0	18.354358441093922	0.3964004557623024	0.07397830445140813	1.2222504403004833e-07	-0.058593844964751216	0.02354037349087234	-4.3611349983560355e-07	0.08457139915488947
148.79250324781202	0.0	18.54879010294479	0.4010819040062264	0.073102619323532	1.334885834027403e-07	-0.05754100470471725	0.02354562723547055	-4.7673600171709255e-07	0.08246760880752987
148.8018006654884	0.0	18.7435231947548	0.3907245134198471	0.07222419100781395	1.4460666848411954e-07	-0.056484648043749405	0.02354649687563169	-5.167534429078973e-07	0.08035936230799039
148.81109808316475	0.0	18.938256286564815	0.36576483947035526	0.07134409022896629	1.5584979954827023e-07	-0.05542731257316916	0.02354774898706329	-5.572770055834955e-07	0.07825100604598563
148.8203955008411	0.0	19.132989378374823	0.3268249685365134	0.07046231698698906	1.6721797659519422e-07	-0.054368998292976554	0.023549383569765398	-5.983066897438954e-07	0.07614254002151574
148.8489025712264	0.0	19.32509483911759	0.27557094461878384	0.06958058887302565	1.807611342798667e-07	-0.05332383485651384	0.023579188534153073	-6.482535445656761e-07	0.07406771887586229
148.89224211887333	0.0	19.51517140955986	0.21339654768281086	0.06869387073091619	1.9635937176016494e-07	-0.05228588486002234	0.023631894008480436	-7.066063030321602e-07	0.07201854639632978
148.93558166652025	0.0	19.705247980002127	0.14033276274101947	0.06779954289095981	2.1252656775980872e-07	-0.05124348128529162	0.023686339724940587	-7.672619114120521e-07	0.06996887449819704
148.97892121416717	0.0	19.8953245504444	0.05692500503655534	0.0668976053531565	2.2926272227879815e-07	-0.05019662413232162	0.02374252568353353	-8.302203697053527e-07	0.06791870318146402
149.0792054121425	0.0	20.02005706513188	0.0002491410139845777	0.06624058402757665	2.504750715265316e-07	-0.049493103126147686	0.02388897822423974	-9.131133609376142e-07	0.06659125000752207
149.27342258242828	0.0	20.037001379444643	0.0005916189982893848	0.06599565402282366	2.784662442100645e-07	-0.049360666543475845	0.024182479779619747	-1.026441102585276e-06	0.06645648653361054
149.46763975271404	0.0	20.053945693757406	0.000644125878556009	0.06574768407064681	3.0668470633661615e-07	-0.049226450830545776	0.024476676532719115	-1.1406887943811078e-06	0.0663215235502943
149.6618569229998	0.0	20.07089000807016	0.0004106725540034573	0.06549667417104606	3.3513045790618986e-07	-0.0490904559873575	0.02477156848353789	-1.2558564363251229e-06	0.06618636105757349
149.85611226408074	0.0	20.087362177748176	0.00014846235081240525	0.06524494661547377	3.6376667963688614e-07	-0.04895537411139097	0.02506718952024558	-1.3718072309689927e-06	0.06605614203852773
150.0505290662388	0.0	20.101837192772813	0.0005162194105768909	0.06500026459054342	3.9245483732956545e-07	-0.0488300540730737	0.025363589122645407	-1.4880199593939346e-06	0.06594749535422632
150.24494586839688	0.0	20.11631220779745	0.0006211814519120427	0.06475298296117334	4.213373610959936e-07	-0.04870321261537864	0.02566058322186572	-1.6050193811908587e-06	0.06583867805989065
150.43936267055494	0.0	20.130787222822086	0.00045080144578122836	0.0645031017273636	4.504142509361626e-07	-0.048574849738305836	0.025958171817906432	-1.722805496359733e-06	0.06572969015552069
150.63378069847045	0.0	20.14524418649625	0.00010008787740702742	0.06425071633350495	4.796835839994064e-07	-0.04844507219376728	0.026256354376153444	-1.8413709891384134e-06	0.06562072863583088
150.82836963811502	0.0	20.157184186049722	0.00045986197581743255	0.06400926778651567	5.088621037979215e-07	-0.048328791641872995	0.026555004678777163	-1.9596340243249523e-06	0.06553907916424787
151.0229585777596	0.0	20.169124185603188	0.0006142690157474584	0.06376567300630272	5.382010922118392e-07	-0.048211255006258516	0.026854145797929718	-2.0785465534983454e-06	0.06545728883703389
151.21754751740417	0.0	20.181064185156654	0.0004952763365276492	0.06351993199286604	5.677005492411604e-07	-0.04809246228692381	0.0271537777336111	-2.1981085766585973e-06	0.06537535765418882
151.41213645704875	0.0	20.193004184710123	0.00013802048215065134	0.06327204474620562	5.973604748858855e-07	-0.047972413483868825	0.02745390048582132	-2.318320093805709e-06	0.06529328561571268
151.60684890580936	0.0	20.202667470989027	0.0004149139169879326	0.06303509715208351	6.268576733922535e-07	-0.047865176626793515	0.02775416598314785	-2.437931793346305e-06	0.06523597771371403
151.80158754082083	0.0	20.211848051319198	0.0006275169968462804	0.06279922924594966	6.564130618028149e-07	-0.04775993059404056	0.028054745254324883	-2.5577914859920016e-06	0.06518383891136861
151.99632617583234	0.0	20.221028631649368	0.0005559635551685241	0.06256170984692694	6.860919283024779e-07	-0.047653718024515714	0.028355702201142308	-2.6781509540995783e-06	0.06513159172281871
152.1910648108438	0.0	20.230209211979535	0.00021698983241631337	0.06257393157575114	-7.079914200649799e-07	-0.047783766731246444	0.029282293854787898	2.6793692297824816e-06	0.06550390327725625
152.38588632889187	0.0	20.237241304761568	0.00039629810043258933	0.06260306232861462	-2.1351050469059017e-06	-0.04793148892585334	0.03022281259942521	8.163940011099158e-06	0.06590840028057698
152.58075347241768	0.0	20.243090697501078	0.0007063851221279199	0.06263868624151969	-3.566299554043723e-06	-0.04808633220313925	0.031164810936056248	1.3664184630612387e-05	0.0663261857701936
152.77562061594352	0.0	20.248940090240588	0.0006858974661683958	0.06267364832643212	-5.001439308321881e-06	-0.04824076085836736	0.03210857248504675	1.917957068359281e-05	0.06674423770078904
152.97048775946934	0.0	20.254789482980097	0.00033933317197843327	0.06270794858335187	-6.440524309739961e-06	-0.048394774891537616	0.03305409724639642	2.4710098170038825e-05	0.06716255607236314
153.16539420269498	0.0	20.25845923695089	0.000390898776574404	0.06275537285685534	-7.879803937765714e-06	-0.04856260390575311	0.03399900556289373	3.0241392739079455e-05	0.06760478099194601
153.36034555189713	0.0	20.259638417002915	0.0008727354347976429	0.06281827522892869	-9.316433387875655e-06	-0.04874652055935042	0.0349419256856362	3.576253920860531e-05	0.06807412883677721
153.55529690109927	0.0	20.26081759705494	0.0009248428081633588	0.06288104412533489	-1.075385850468429e-05	-0.0489303535931003	0.035885201408245346	4.128673936119634e-05	0.06854353041669937
153.7502482503014	0.0	20.26199677710696	0.0005452610371888846	0.062943679546074	-1.2192079288191614e-05	-0.04911410300700277	0.03682883273072117	4.681399319685251e-05	0.06901298573171252
153.94516726588213	0.0	20.260890748875074	0.0003870447015075518	0.06302112587321478	-1.3623538290251911e-05	-0.04931293945556745	0.037768591245418225	5.231531430587626e-05	0.06950688975550585
154.14000721146317	0.0	20.254196376065593	0.0012408381546617137	0.06313555902013585	-1.5033885945789803e-05	-0.04954915126364436	0.038696834012800455	5.773565700025815e-05	0.07006027265613687
154.33484715704418	0.0	20.24750200325611	0.0014404228667321195	0.0632507494943796	-1.643971906962567e-05	-0.04978583752220759	0.03962305914280511	6.313867340835929e-05	0.07061335066934196
154.52968710262525	0.0	20.24080763044663	0.0009757597152981184	0.06336669729594605	-1.7841037661760172e-05	-0.05002299823125718	0.04054726663543261	6.852436353018223e-05	0.07116612379512122
154.7243363589664	0.0	20.23186276461872	0.0003526834080668035	0.0634985700802462	-1.9226204292415038e-05	-0.05027573548700391	0.04146317277495203	7.384807601525796e-05	0.07174201925245133
154.91752489384717	0.0	20.205678627971604	0.002477471121264214	0.06374860348700956	-2.051046403062016e-05	-0.05064539419365351	0.04232568775920963	7.878460950163013e-05	0.07249657803523467
155.11071342872796	0.0	20.17949449132449	0.003175426565347705	0.06400157397081742	-2.177721545104657e-05	-0.05101689292058289	0.04318037791495798	8.36539479506982e-05	0.07324995439948773
155.30390196360875	0.0	20.15331035467737	0.0024158235226222954	0.06425748153166988	-2.3026458553693998e-05	-0.05139023166779212	0.04402724324219691	8.845609136246113e-05	0.07400214834521054
155.4970904984895	0.0	20.127126218030252	0.00020185228064804796	0.06451632616956685	-2.4258193338562293e-05	-0.05176541043528107	0.04486628374092631	9.319103973691844e-05	0.07475315987240296
155.6899416523355	0.0	20.09856925776879	0.0032999205349399114	0.06479470192863046	-2.545526533684012e-05	-0.05215862615848732	0.04568848106554603	9.779296330253621e-05	0.07552709039738814
155.88277216068101	0.0	20.06986709630759	0.008392761318048173	0.06507729872001525	-2.6632178658341764e-05	-0.052554841263384756	0.04650158634885715	0.00010231752048108869	0.07630120525477646
156.07560266902652	0.0	20.041164934846382	0.015148965107136364	0.06551864087179586	-2.6747066886057622e-05	-0.05349114151756339	0.04661259755684236	0.0001027601615404878	0.07855278382669247
156.26843317737206	0.0	20.01246277338518	0.023605115654217412	0.06619715937622164	-2.525210325923613e-05	-0.05524607134829925	0.045657617759617644	9.701511919781342e-05	0.08305255793684345
156.4586299165893	0.0	20.041455702265495	0.034398736309867894	0.06646714230070803	-2.4138781792836962e-05	-0.056607075166774656	0.044884844927013966	9.273434334054306e-05	0.08697975089087075
156.64804336959338	0.0	20.087607222743284	0.045433532506563595	0.06662690467512497	-2.310938242979366e-05	-0.05788796543828517	0.04413902723411349	8.87754669324758e-05	0.0908373867593317
156.83745682259746	0.0	20.133758743221076	0.05632473632030292	0.06679793293971639	-2.20504372284105e-05	-0.05920585503484982	0.043366006404850846	8.470314167177573e-05	0.09479563981181467
157.0268702756015	0.0	20.179910263698872	0.06708390604997266	0.0669802270944822	-2.09619461886877e-05	-0.06056074395646836	0.04256578243922617	8.051736755844367e-05	0.09885451004831905
157.2155001825049	0.0	20.229100069652713	0.07775525633236634	0.06715243193998305	-1.9863788164804885e-05	-0.061932415482438136	0.04174661342675179	7.629443207307117e-05	0.10298536286448026
157.40360957035196	0.0	20.28030824502679	0.08834623975426384	0.06732263528964434	-1.874687956354168e-05	-0.06333067471711255	0.04090350785531888	7.199947068695455e-05	0.10720601941617547
157.591718958199	0.0	20.33151642040087	0.09884831567641574	0.06750525283107638	-1.7597413596859785e-05	-0.06476970451758295	0.04003042640569664	6.757949691469373e-05	0.1115375487882633
157.77982834604606	0.0	20.382724595774945	0.10927331824221706	0.06770028456427915	-1.6415390264759187e-05	-0.06624950488384934	0.03912736907788504	6.303451075628859e-05	0.11597995098074378
157.96754576086394	0.0	20.43532540357908	0.119654884850233	0.06789847908875755	-1.5208522992711417e-05	-0.06776257318561867	0.038196775848690814	5.839411132630305e-05	0.12052490210314543
158.15474888671997	0.0	20.489753417423618	0.13001897569683113	0.06809746304692152	-1.3977871912326468e-05	-0.06930825484016076	0.03723816805289576	5.366236347870507e-05	0.12517439133964814
158.34195201257603	0.0	20.544181431268154	0.14035310577829993	0.068309578200398	-1.2712783058458616e-05	-0.07089706183643721	0.036247853069195354	4.87983829341051e-05	0.12994115705184195
158.52915513843206	0.0	20.598609445112693	0.15067031208507864	0.0685348245491868	-1.1413256431108316e-05	-0.07252899417444747	0.035225830897589905	4.38021696925049e-05	0.13482519923972536
158.7161246855161	0.0	20.653817901229203	0.16100060029055263	0.06876832296612843	-1.008281793382834e-05	-0.07420085055626177	0.03417271083075541	3.868725234863933e-05	0.1398245831453479
158.9024487857982	0.0	20.711182948735427	0.17139268828963541	0.06900187742441818	-8.726616566799477e-06	-0.07590832383116476	0.03308858372498548	3.3473384146645716e-05	0.1449395349487132
159.08877288608033	0.0	20.768547996241654	0.18181880146336046	0.0692492066753092	-7.334289532907271e-06	-0.07766103614365061	0.03197119537170739	2.812080214648201e-05	0.1501775112819259
159.27509698636248	0.0	20.82591304374788	0.19229279855374465	0.0695103107188016	-5.9058368321514834e-06	-0.07945898749371963	0.030820545770920985	2.262950634814729e-05	0.15553851214498673
159.46133725498768	0.0	20.88354364967884	0.20283632333868584	0.0697836319165529	-4.442190556609979e-06	-0.08130142547587321	0.029636588146592743	1.7003072470570448e-05	0.16102279591018623
159.64682662489895	0.0	20.943552921223024	0.2135261779043278	0.07005708963199672	-2.949944503757385e-06	-0.08318339373212251	0.028418192487101087	1.126679292884653e-05	0.16663522142034515
159.8323159948102	0.0	21.003562192767205	0.22431604561989618	0.07034489252932617	-1.420076885419644e-06	-0.08511247429279925	0.027165158291911802	5.386055701087608e-06	0.1723757656839499
160.01780536472143	0.0	21.063571464311394	0.23521995754672692	0.07057352098560384	-4.680952772995426e-09	-0.086894139254979	0.02599563120341008	-5.56135000238348e-08	0.17774414619474102
160.20329473463266	0.0	21.123580735855576	0.24624075033833398	0.07012045551643141	-4.6316263780032316e-09	-0.08687217149461468	0.025919963326390932	-6.680282746989874e-08	0.17847218819268063
160.38816661712357	0.0	21.185464033307298	0.2574126458537912	0.06966733951273221	-4.574520390326077e-09	-0.08686654637912378	0.0258327349976435	-7.733283733921966e-08	0.17924870418722755
160.57299669442358	0.0	21.247474206235793	0.26864320737986536	0.06922158783703497	-4.510901445066014e-09	-0.08687440979262691	0.025739228276234143	-8.719214823512357e-08	0.18005168163416277
160.75782677172353	0.0	21.30948437916428	0.2798914340259073	0.06878373016274497	-4.4408686594793535e-09	-0.08689553971303213	0.025639833288802386	-9.638067997179907e-08	0.1808794943831655
160.9426568490235	0.0	21.371494552092773	0.29112181524000413	0.06835376648986206	-4.364422033566079e-09	-0.08692993614033935	0.02553455003534823	-1.0489843254925034e-07	0.18173214243423602
161.1270889457979	0.0	21.434675047237413	0.3023488393088025	0.06792715280598341	-4.28037964702649e-09	-0.08698020860000569	0.0254195275135767	-1.1271746748788411e-07	0.18262566509465805
161.3114049506162	0.0	21.498196928421493	0.3135096177322433	0.0675072583853192	-4.189456157437032e-09	-0.08704476213977207	0.02529738092246736	-1.198447627935921e-07	0.18354917607709625
161.49572095543448	0.0	21.561718809605562	0.32455907932440026	0.06709542791808815	-4.091980742271011e-09	-0.08712286780454578	0.02516921929531267	-1.2628683755969008e-07	0.1844980570473315
161.68003696025275	0.0	21.62524069078964	0.3354676353762112	0.06669166140429016	-3.987953401528408e-09	-0.08721452559432684	0.02503504263211259	-1.3204369178617906e-07	0.18547230800536407
161.86414590138975	0.0	21.68935828475601	0.34623630140810346	0.0662937827363749	-3.87666496382852e-09	-0.08732128915337367	0.024892789541758307	-1.3708960664655954e-07	0.1864805107889655
162.04812419626123	0.0	21.753851742079455	0.35683148244745566	0.06590268239519712	-3.758306152969522e-09	-0.08744273195827909	0.02474315560625313	-1.4142664857207444e-07	0.18751977316123047
162.23210249113265	0.0	21.81834519940289	0.3672123823340908	0.06551975434572706	-3.633307392177451e-09	-0.08757790895941184	0.024587425823394342	-1.450692640998891e-07	0.18858474636412176
162.4160807860041	0.0	21.882838656726335	0.37735813415749864	0.06514499858796458	-3.501668681452272e-09	-0.08772682015677197	0.024425600193181934	-1.4801745323000602e-07	0.18967543039763968
162.59999954542914	0.0	21.94750139825949	0.38725968170768793	0.06477783486923595	-3.3631580761824063e-09	-0.08788997041595395	0.024257064626578333	-1.5026068756506958e-07	0.19079438192672166
162.7838465510143	0.0	22.012368166012344	0.39690425359059583	0.06441817421964727	-3.2177035065627336e-09	-0.08806751396017533	0.024081670631709212	-1.5179424742768452e-07	0.19194222039671766
162.96769355659947	0.0	22.077234933765197	0.4062685573578851	0.06406672730020652	-3.0655753184652337e-09	-0.08825886134126965	0.023900149879869482	-1.526298597325816e-07	0.19311590006673443
163.15154056218466	0.0	22.14210170151805	0.41534314297163544	0.06372349411091369	-2.906773511889897e-09	-0.08846401255923692	0.023712502371059152	-1.5276752447976132e-07	0.19431542093677204
163.33541302663468	0.0	22.2068961596327	0.42411746632283287	0.06338870645025951	-2.741410184238808e-09	-0.08868272500703804	0.023519002383651434	-1.5221310236625682e-07	0.19553964049747094
163.51934629614863	0.0	22.271517915932286	0.432582242513586	0.06306266853513477	-2.569655270833471e-09	-0.08891463227252004	0.023320043847306925	-1.5097622605213905e-07	0.1967869171446945
163.7032795656626	0.0	22.336139672231873	0.44074828255364384	0.06274481716512972	-2.39124882666239e-09	-0.08916029768823958	0.023114978831753338	-1.4904371218120696e-07	0.19805994946517583
163.88721283517654	0.0	22.400761428531464	0.4486199302770037	0.062435152340244396	-2.206190851725578e-09	-0.08941972125419656	0.022903807336990652	-1.464155607534592e-07	0.19935873745891497
164.0711820017371	0.0	22.465280346127688	0.4561989756253309	0.06208008741754613	-1.90813282294571e-09	-0.08955748160256624	0.022699967767868846	-1.4050958044211363e-07	0.2003419226375928
164.25537521038314	0.0	22.529157422688918	0.46347755001173	0.061650732644505775	-1.4297704263652974e-09	-0.08949061715964554	0.02251367903250443	-1.3066871670766044e-07	0.2007920601097055
164.4395684190292	0.0	22.593034499250145	0.47054721743847067	0.0612312390186337	-9.3663447236833e-10	-0.0894351801758594	0.022321911882046543	-1.2130558952098244e-07	0.20125499280633163
164.62376162767524	0.0	22.65691157581137	0.47745617792667544	0.06082160653992997	-4.287249609549123e-10	-0.08939117065120795	0.022124666316495137	-1.1242019888208047e-07	0.2017307207274716
164.8079548363213	0.0	22.720788652372597	0.4842487493984488	0.06042183520839449	9.39581078750698e-11	-0.08935858858569107	0.021921942335850243	-1.0401254479095343e-07	0.2022192438731252
164.99250360134837	0.0	22.78363092197314	0.4908910021591525	0.060034390249535045	6.295995013141656e-10	-0.0893324987404797	0.02171809381512532	-9.615225539617094e-08	0.2027013640623594
165.17705875135076	0.0	22.84645460881923	0.4974900055676973	0.05965670841252817	1.179768674206378e-09	-0.08931758283207568	0.021508924117727507	-8.87640592330454e-08	0.20319575008744373
165.3616139013531	0.0	22.909278295665324	0.5040794087910528	0.05928874416131341	1.744496326877765e-09	-0.0893139280186165	0.021294355761556284	-8.18466445935912e-08	0.20370274506053576
165.5461690513555	0.0	22.972101982511415	0.5106874798571039	0.05893049749589077	2.3237824593284276e-09	-0.08932153430010203	0.021074388746611675	-7.540001147780794e-08	0.20422234898163538
165.73118618122848	0.0	23.03354823450711	0.5172348172500105	0.05858488470881201	2.9146208643458147e-09	-0.08933341194188146	0.020855025327230485	-6.949871829501918e-08	0.20472855383558258
165.91629934909986	0.0	23.094708140507393	0.5238215575148375	0.058249386690971676	3.5190795947660743e-09	-0.08935485535501615	0.02063162716640008	-6.407357763100119e-08	0.2052416897290613
166.1014125169712	0.0	23.15586804650768	0.5304850977429255	0.05792337750862645	4.137754100857212e-09	-0.08938729477885887	0.020402957430294605	-5.910813637461503e-08	0.20576713775808192
166.28652568484256	0.0	23.217027952507966	0.5372374412143854	0.057606857161776326	4.770644382619269e-09	-0.08943073021340953	0.02016901611891408	-5.460239452586077e-08	0.2063048979226442
166.47222439572732	0.0	23.276371458276426	0.5439476255372552	0.057303191180688384	5.412977172451572e-09	-0.08947539378790126	0.01993799325591338	-5.0630505034616426e-08	0.20682009397186824
166.65820543384785	0.0	23.334839162874196	0.5506916428099574	0.057010322630388716	6.066753614224606e-09	-0.08952597963017485	0.019705822266639996	-4.713884986995547e-08	0.20733037850737746
166.84418647196844	0.0	23.393306867471964	0.5575366552227928	0.05672656775444978	6.7341837809798594e-09	-0.08958712673266954	0.019468588124943995	-4.4088718926801946e-08	0.20785248839216885
167.030167510089	0.0	23.451774572069734	0.5644789704333029	0.056451926552871595	7.415267672717148e-09	-0.08965883509538548	0.019226290830825332	-4.148011220515604e-08	0.20838642362624282
167.2168071440811	0.0	23.508062509430225	0.5713487904716286	0.05618986238945505	8.103247908543207e-09	-0.08972872672953285	0.018989093784740868	-3.937245279600171e-08	0.20888966464683445
167.40404809201362	0.0	23.562360266645875	0.5781558545222101	0.05593962280717009	8.798036206409348e-09	-0.08979735532150473	0.018756363698617884	-3.773871197593221e-08	0.20936532414269485
167.59128903994616	0.0	23.616658023861525	0.5850358960285894	0.055697904243570094	9.50559033736176e-09	-0.08987585838255677	0.01851889971322547	-3.651778337543669e-08	0.2098520399938959
167.77852998787876	0.0	23.670955781077176	0.5919708115915495	0.05546470669865505	1.022591030140059e-08	-0.08996423591268887	0.018276701828563623	-3.570966699451522e-08	0.21034981220043744
167.96638168016383	0.0	23.723014065158342	0.598788281193397	0.055242994346829194	1.0950913817762528e-08	-0.09004909854522421	0.01804056472096215	-3.534411328368315e-08	0.21081430569610676
168.15526435673533	0.0	23.771291943244705	0.6053808286279616	0.05498455992477603	1.0530503773079664e-08	-0.08988129467841308	0.017839433788790094	-3.518731299586957e-08	0.21052805218151488
168.3441470333068	0.0	23.81956982133107	0.6119780075733698	0.05471755182501997	1.0045992693275775e-08	-0.08966207292119178	0.017638176230255362	-3.440577899033645e-08	0.21008639180339653
168.53302970987832	0.0	23.867847699417432	0.6185450885143366	0.05445218511913365	9.761812595422185e-09	-0.0894424066197973	0.017432159769355117	-3.295581240818378e-08	0.20963626228885243
168.72237282118658	0.0	23.914128716560093	0.6249463060582431	0.05419087442717491	9.651997864717344e-09	-0.08920975091780271	0.01723143698242236	-3.091254295145097e-08	0.2091369440859755
168.91332466758382	0.0	23.953432805136547	0.6309459012972132	0.05393946413954703	9.630122143184127e-09	-0.08893286767952881	0.01706159323580594	-2.8535643414629487e-08	0.20848780083638158
169.10427651398106	0.0	23.992736893713	0.6369264114221022	0.05368940478581038	9.77312696492751e-09	-0.08865561856332602	0.01688783271905348	-2.560859668987064e-08	0.20783168714316833
169.2952283603783	0.0	24.03204098228946	0.6428695207019464	0.05339266996671021	-1.3485768885670327e-07	-0.08790790006942124	0.01685319237799735	5.356972929409578e-07	0.20579708221815143
169.4860838440993	0.0	24.07177932998681	0.6487718581841582	0.053086052842996646	-3.108301288829522e-07	-0.0870546340595398	0.016851216110576887	1.2177642642228194e-06	0.203453948304192
169.67573784164253	0.0	24.11693218412925	0.654728888591903	0.052767537520964476	-5.068817595084885e-07	-0.08616162240142622	0.016846515395639215	1.977783404263353e-06	0.20100380304156004
169.86539183918578	0.0	24.162085038271695	0.6605505544311309	0.05245156981617063	-6.986149980127891e-07	-0.08527449809407343	0.016842954685894335	2.7211439984513947e-06	0.19856976771146442
170.055045836729	0.0	24.207237892414135	0.6662308321128004	0.05213814972861516	-8.860298443958248e-07	-0.08439326113748168	0.016840533981342255	3.447846046786832e-06	0.19615184231390578
170.24469983427224	0.0	24.25239074655658	0.6717663938007751	0.051827277258298034	-1.069126298657624e-06	-0.08351791153165071	0.016839253281982967	4.157889549269773e-06	0.19375002684888354
170.43374239054123	0.0	24.300033320221885	0.6771771129993973	0.05151276649745346	-1.2584502736783955e-06	-0.08262853753707171	0.016837505647675922	4.892183977592731e-06	0.19131064519446997
170.62273693295685	0.0	24.347871400852732	0.6824293632490679	0.051200454548094826	-1.4440518469048725e-06	-0.0817438037841018	0.01683683311335975	5.61213682600602e-06	0.18888402450584932
170.81173147537248	0.0	24.395709481483586	0.6875260207275727	0.050890832336743436	-1.6250941232150664e-06	-0.08086528581224108	0.01683736418029472	6.314501818892819e-06	0.18647441245462737
171.00072601778808	0.0	24.443547562114432	0.6924744272209391	0.050583899863399354	-1.8015771026089203e-06	-0.07999298362148967	0.016839098848480838	6.999278956252909e-06	0.18408180904080468
171.1894726442689	0.0	24.49235177925808	0.6972827977523127	0.05027736847858688	-1.977421924749692e-06	-0.07911943172371312	0.0168414573771312	7.681682754815329e-06	0.18168610127999166
171.37814989528823	0.0	24.54142635484592	0.7019592423930062	0.049972944184942227	-2.1497067514016486e-06	-0.07825014006838936	0.01684488313821711	8.350378322268539e-06	0.17930213932520683
171.56682714630756	0.0	24.59050093043376	0.706517265509279	0.04967127451996259	-2.317322286864609e-06	-0.07738721415157725	0.016849541537760266	9.001061722418083e-06	0.17693559634580386
171.75550439732686	0.0	24.6395755060216	0.7109722334474355	0.049372359483647994	-2.480268531138605e-06	-0.07653065397327674	0.016855432575760658	9.633732955264086e-06	0.17458647234178265
171.94410739305104	0.0	24.688934191443828	0.7153391263171244	0.049075557043071615	-2.639648364817934e-06	-0.075678336148577	0.016862398848478965	1.0252672471172993e-05	0.17224904982410785
172.13266802346647	0.0	24.73845497171523	0.7196358884122414	0.048765935811863025	-2.758996457001549e-06	-0.07471738744573722	0.016902887467313627	1.0713597605400303e-05	0.16960653190119887
172.32122865388183	0.0	24.78797575198663	0.7238774498345317	0.04845268275681644	-2.8526941983617374e-06	-0.07371677659229582	0.016958773941115186	1.1073408965892522e-05	0.16685279609984927
172.5097892842972	0.0	24.837496532258033	0.7280744508928875	0.04814221349450343	-2.934883353047986e-06	-0.07272478557505462	0.01701651044069567	1.1388065079257287e-05	0.16412339659975544
172.6983830900915	0.0	24.886890639457008	0.7322377737273138	0.04783479715216595	-3.005116035787667e-06	-0.07174229207525123	0.01707616661583046	1.1655829097906565e-05	0.16142068831844736
172.8870109703546	0.0	24.936154640601874	0.7363765271739228	0.04753043098310357	-3.0634216165908388e-06	-0.07076928878972787	0.017137737681589098	1.1876816813473293e-05	0.15874464730269758
173.07563885061762	0.0	24.985418641746737	0.7404977890859037	0.04722883515971633	-3.1102742027319024e-06	-0.06980486370244803	0.017201149836611848	1.2052867403485936e-05	0.15609282503215804
173.2642667308807	0.0	25.0346826428916	0.7446092083860626	0.04693000968200408	-3.145673794210802e-06	-0.06884901681341137	0.01726640308089877	1.2183980867944274e-05	0.15346522150682768
173.45293415242503	0.0	25.0837945296304	0.7487194636930419	0.04663426207747082	-3.1691486466277585e-06	-0.06790275363397834	0.01733357032467957	1.2268330858478939e-05	0.1508645278016667
173.6416746466565	0.0	25.132625307410258	0.7528366330806219	0.04634183778191653	-3.1803621776067153e-06	-0.06696687931569593	0.017402703194994016	1.2304617612178396e-05	0.14829289177809493
173.83041514088802	0.0	25.18145608519012	0.7569644091238523	0.046052161109254613	-3.1802166530699664e-06	-0.06603951283601321	0.017473662053687743	1.229633582123565e-05	0.14574527585402247
174.01915563511952	0.0	25.230286862969983	0.7611090266634228	0.04576523205948517	-3.16871207301756e-06	-0.0651206541949304	0.01754644690076071	1.2243485485650885e-05	0.14322168002945027
174.20791892862772	0.0	25.279029109874422	0.7652774557942427	0.04548122052131142	-3.1456124714962097e-06	-0.06421086046054134	0.017621093892361724	1.2145155079977127e-05	0.14072359103909327
174.39676791383582	0.0	25.327438611082382	0.7694780138031067	0.04520058174173604	-3.1103223092702345e-06	-0.0633116268416946	0.017697693863895532	1.1999047423310287e-05	0.1382549929748596
174.5856168990439	0.0	25.375848112290342	0.7737135396175582	0.044922668446304215	-3.0637646161982554e-06	-0.06242083251022737	0.01777610511105514	1.1808730329439512e-05	0.13581022147011995
174.77446588425204	0.0	25.424257613498305	0.7779901912694823	0.04464748063501591	-3.0059393922802553e-06	-0.061538477466139566	0.017856327633840572	1.1574203798364738e-05	0.13338927652487398
174.9633196306032	0.0	25.472648486905786	0.7823144645470971	0.04437505212789729	-2.9368051198777515e-06	-0.06066467295998807	0.0179383677201102	1.129530794264671e-05	0.13099245412595195
175.15223624675056	0.0	25.520793384504223	0.7866947710005571	0.044105788237045696	-2.855885899680367e-06	-0.05980075369980721	0.018022297158337905	1.0970212274770115e-05	0.1286233015646316
175.34115286289796	0.0	25.56893828210266	0.7911357566778039	0.04383923590371491	-2.7637567232339348e-06	-0.058945230604109	0.01810802861697255	1.06011330701609e-05	0.1262778538143422
175.53006947904532	0.0	25.617083179701098	0.7956445901055378	0.043575395127904974	-2.6604175905385084e-06	-0.05809810367289362	0.018195562096014105	1.0188070328819279e-05	0.1239561108750842
175.7189860951927	0.0	25.66522807729954	0.8002288393911909	0.04331426590961587	-2.545868501594067e-06	-0.05725937290616096	0.018284897595462587	9.731024050745169e-06	0.12165807274685732
175.90788921284135	0.0	25.713425908638566	0.8048961877970805	0.04305575908457368	-2.4201985972363082e-06	-0.05642874365721561	0.018376021893925766	9.230335431866568e-06	0.1193829590104377
176.09679134369497	0.0	25.761627609649118	0.8096554495703125	0.042817315984476786	-1.8193471577133959e-06	-0.05565787107833951	0.01856037424579122	7.0240610409267145e-06	0.11733158375473735
176.2856934745485	0.0	25.809829310659666	0.8145139494417462	0.04259608565287367	-7.275123967054191e-07	-0.05494269620155997	0.018836990264267727	3.0568792378148773e-06	0.11549074988338665
176.47459560540213	0.0	25.85803101167022	0.8194768483750277	0.04237490084829064	4.2610171572422377e-07	-0.054233815435317086	0.01911998006556652	-1.1337122783095767e-06	0.11366891216119643
176.66345694064483	0.0	25.906392236455325	0.8245475158533551	0.042153487793718344	1.6413777422712238e-06	-0.05353035990078778	0.019409301450137296	-5.547241263716516e-06	0.11186375607855283
176.8523077294947	0.0	25.954794700980585	0.8297292503216586	0.04193204964892599	2.918618518547859e-06	-0.052832995837651754	0.019705007967966214	-1.0184838113846437e-05	0.11007706414513642
177.04115851834456	0.0	26.003197165505846	0.8350235058404221	0.041710657208351674	4.2578791005984105e-06	-0.05214195038265967	0.020007113076320648	-1.5046714220559635e-05	0.10830944229669695
177.23000930719445	0.0	26.051599630031113	0.8404301997597992	0.041489310471995354	5.659159488423091e-06	-0.051457223535811426	0.020315616775200634	-2.0132869583856877e-05	0.10656089053323414
177.41878648666267	0.0	26.100287928005663	0.8459480948590637	0.04126751974465127	7.122930035120818e-06	-0.050777329248913365	0.02063051324711696	-2.544491981553363e-05	0.10482747484948247
177.6075254976154	0.0	26.14912443858868	0.8515749521918562	0.04104552111815547	8.649394768275137e-06	-0.050103026871240575	0.020951849706679456	-3.098364380209283e-05	0.10311122172789343
177.79626450856813	0.0	26.1979609491717	0.8573064164634082	0.0408235685784332	1.0238398428155239e-05	-0.049435095990008136	0.021279638314536033	-3.674852431749873e-05	0.10141419831255931
177.98500351952083	0.0	26.24679745975472	0.8631365908566632	0.04060166212548448	1.1889941014760865e-05	-0.048773536605216175	0.021613879070686633	-4.2739561361750363e-05	0.0997364046034804
178.1736343471611	0.0	26.296048479939085	0.8690603833907261	0.04037909333030315	1.3605684202274895e-05	-0.04811629753242907	0.0219546633664535	-4.8962640025177486e-05	0.09807244741757783
178.3621667922302	0.0	26.345676457709704	0.8750701371996907	0.04015592690217713	1.5386196635112593e-05	-0.04746363786691374	0.022302057120421045	-5.5419827897803636e-05	0.09642303648076177
178.55069923729928	0.0	26.395304435480323	0.8811535917418317	0.03993280725647108	1.7230191974436998e-05	-0.04681744587095853	0.022656000413183646	-6.210658596812575e-05	0.09479314550867596
178.7392316823684	0.0	26.444932413250942	0.8872985147885845	0.03970973439318498	1.9137670220248335e-05	-0.04617772154456338	0.02301649324474134	-6.902291423614469e-05	0.09318277450132026
178.92763581976618	0.0	26.495041420742837	0.8934963268519537	0.03948588893586809	2.111168230518967e-05	-0.04554220669408751	0.02338375511460393	-7.617970135498446e-05	0.09158603039639514
179.11583940837227	0.0	26.545902292315315	0.8997369152716249	0.03926081030036073	2.3154963321246674e-05	-0.04490973353332951	0.023758014565118606	-8.358675686805625e-05	0.08999990803132457
179.3040429969784	0.0	26.596763163887793	0.9059957770892071	0.03903577952584608	2.5263190847751263e-05	-0.04428387715481878	0.024138974554618088	-9.122867533980872e-05	0.08843375566547779
179.49224658558452	0.0	26.64762403546027	0.9122538770225221	0.0388107966123242	2.74363648847027e-05	-0.043664637558555514	0.024526635083102218	-9.910545677023922e-05	0.0868875732988552
179.6803272976071	0.0	26.698931418173963	0.9184980095986233	0.03858510435067183	2.967834098738825e-05	-0.043050033528206216	0.024921302251675905	-0.00010723090926188203	0.08535623340686019
179.86805436030008	0.0	26.751523898187852	0.9247232067202584	0.03835728158332859	3.1997643943736826e-05	-0.04243647495636525	0.025323683386476524	-0.0001156356078868008	0.08383050078382936
180.05578142299302	0.0	26.80411637820174	0.9308854830946739	0.038154441616156845	3.702368116314443e-05	-0.04192297794495782	0.025936455258022934	-0.00013300858684108576	0.08271478016965388
180.243508485686	0.0	26.856708858215626	0.9369620330388013	0.03801058065313997	4.85757827471345e-05	-0.041639858073426475	0.02704928008989688	-0.00017197731736484986	0.082550741031464
180.43116427072079	0.0	26.909550718336238	0.9429408792114641	0.03786624211282274	6.052740187782629e-05	-0.04136706565326416	0.028187315343395213	-0.00021229163483258516	0.08241956654518456
180.6183292848414	0.0	26.964109645292012	0.9488424733484648	0.03771876007899699	7.289223803209217e-05	-0.04109812694191999	0.029351393336957046	-0.00025400190637699213	0.08230375556672112
180.805494298962	0.0	27.018668572247783	0.9546124523885332	0.037571252516365415	8.566923413986475e-05	-0.04084104636088629	0.03054148518366495	-0.0002970995995907664	0.08222513367615814
180.9926593130826	0.0	27.073227499203554	0.9602333038280284	0.03742371942492801	9.885839020114416e-05	-0.04059582391016304	0.03175759088351893	-0.0003415847144739084	0.08218370087349558
181.17982432720325	0.0	27.12778642615933	0.965687702713856	0.03727616080468475	0.00011245970621593225	-0.040362459589750224	0.03299971043651916	-0.00038745725102642454	0.08217945715873351
181.36636267906943	0.0	27.184450771230054	0.9710247866649901	0.037124756736755145	0.00012651661015524707	-0.04013239611901176	0.034270491201423614	-0.00043486950514573595	0.08218950785284825
181.5528991735975	0.0	27.241121356461917	0.9761680267294517	0.03697331492062448	0.00014100029598187	-0.039914582396082074	0.0355682084186968	-0.00048371841970381923	0.08223798749778548
181.7394356681255	0.0	27.29779194169378	0.9810994852777937	0.03682184667666304	0.00015591065642757984	-0.0397090444005497	0.036892855595534485	-0.0005340036155096406	0.0823249658852113
181.92597216265358	0.0	27.35446252692564	0.9858016070286225	0.03667035200487083	0.0001712476914923839	-0.03951578213241467	0.038244432731937325	-0.0005857250925632244	0.08245044301512613
182.11190750369704	0.0	27.413070081423356	0.9903317963793149	0.036515320860355444	0.00018707613705536488	-0.039327680832975456	0.03962689279793788	-0.0006391063938057264	0.08259565704631022
182.29775186162175	0.0	27.471970791511502	0.994616241823484	0.03635973117482198	0.00020335520463558496	-0.03915118555857593	0.04103777417225275	-0.0006940054402701502	0.08277780699198901
182.48359621954646	0.0	27.53087150159965	0.9986261297815487	0.036204114123376895	0.0002200760920538895	-0.03898740175012347	0.042476541410507496	-0.000750391750143111	0.08299982222941894
182.66944057747116	0.0	27.589772211687794	1.0023436736996008	0.0360484697060202	0.00023723879931027855	-0.038836329407618095	0.04394319451270211	-0.0008082653234246087	0.08326170275860001
182.854723860663	0.0	27.650405263923048	1.0058311923217675	0.035889662853069146	0.00025492288668131326	-0.03869227134632447	0.04544259167270925	-0.0008678990188926772	0.0835486852818152
183.0398113713316	0.0	27.711642772166208	1.0090264170338983	0.03572973388828754	0.0002730901871538547	-0.03855932908974256	0.04697243028206153	-0.0009291610756805889	0.08387161190632746
183.22489888200022	0.0	27.772880280409375	1.01188445709847	0.035569776587761025	0.00029171496532340454	-0.03843954878666699	0.048531143015467654	-0.0009919631036973437	0.08423581662722374
183.40998639266883	0.0	27.83411778865253	1.0143874631050647	0.03540979095148963	0.0003107972211899612	-0.038332930437097824	0.05011872987292752	-0.0010563051029429365	0.08464129944450417
183.5945621983741	0.0	27.89686806475928	1.0165996950895129	0.03524704324809475	0.0003304248656066873	-0.0382350689744303	0.05174055552670646	-0.0011224874106716871	0.08507688905425703
183.77881821350556	0.0	27.9605637467888	1.0184806312333774	0.03508255794878515	0.0003505780336398167	-0.03814799358105216	0.05339543515547229	-0.0011904415032060166	0.08554795778713514
183.96307422863703	0.0	28.02425942881832	1.019963078711829	0.03491804330869416	0.0003712049055808894	-0.03807454698062487	0.05508021304046394	-0.001259990187988216	0.086061768703288
184.1473302437685	0.0	28.08795511084784	1.0210329059330674	0.035037727736392736	0.0003660962417638032	-0.03849678879703104	0.054757324742808054	-0.0012427074692622244	0.08745995811325641
184.33128079014963	0.0	28.152520838800527	1.0217563706459372	0.0352347752727101	0.0003540802647930653	-0.03906503341111623	0.053881982531066526	-0.0012021060014469846	0.0891256309646862
184.51491437520485	0.0	28.217989346199875	1.0221652586887797	0.035438951179428954	0.0003416178983391056	-0.03966051241845987	0.052955329003047835	-0.0011599822798836422	0.09085108804526507
184.6985479602601	0.0	28.283457853599216	1.022231256059589	0.035652444304107384	0.00032859814190647256	-0.04028655039793377	0.05196979666863313	-0.0011159597115693322	0.0926439296505708
184.88218154531535	0.0	28.348926360998565	1.0219828262994801	0.03587525464674531	0.0003150209954951701	-0.040943147349537766	0.05092538552782267	-0.001070038296504068	0.09450415578060312
185.06555269558015	0.0	28.41511865521609	1.0215008932557315	0.03610583753694056	0.0003009628286640891	-0.041628341505941927	0.0498268014390801	-0.0010224769407102582	0.09642720725225548
185.2484720389956	0.0	28.482557018376827	1.0208583152363686	0.036343244497136	0.0002864688096466051	-0.042341262212227546	0.04867639016439027	-0.0009734286082866934	0.09841099582412716
185.43139138241105	0.0	28.54999538153756	1.020003924957309	0.036590211687691984	0.00027140286276182234	-0.04308553893212311	0.04746556440171237	-0.0009224319032440283	0.1004639264491225
185.61431072582647	0.0	28.61743374469829	1.0189731043722945	0.03684673910860845	0.00025576498800974407	-0.04386117166562847	0.046194324151046635	-0.0008694868255822738	0.10258599912724115
185.7970464975955	0.0	28.685361764244497	1.0178402603815546	0.03711189036753705	0.00023960031861705607	-0.04466719977672694	0.04486514281908075	-0.0008147462639996428	0.10477492511822918
185.9792177849149	0.0	28.75479548154178	1.0167247140777438	0.03738387351667549	0.00022299346859351108	-0.04550212543766803	0.04348219805230037	-0.000758496674927237	0.10702704787664992
186.16138907223433	0.0	28.82422919883907	1.0155539279054304	0.037665659508803066	0.00020580017672988394	-0.046369202842509824	0.042037305642243415	-0.0007002492688411105	0.10935006732533413
186.34356035955378	0.0	28.893662916136357	1.0143689984375857	0.037957248343919864	0.00018802044302617107	-0.047268431991252455	0.04053046558890962	-0.00064000404574125	0.11174398346428216
186.5256424628755	0.0	28.963327095762644	1.0132312806112793	0.038258249403682235	0.00016967249631493769	-0.048199529852815545	0.03896251437558988	-0.000577822691978891	0.11420808613583089
186.7070984065582	0.0	29.03460934827723	1.0123003753236044	0.03856643531707117	0.000150858641908129	-0.04916120076129933	0.03733770146503261	-0.0005140512396827683	0.11673900017211108
186.8885543502409	0.0	29.105891600791807	1.0114902497995935	0.03888464553646845	0.00013144509693526824	-0.05015574977666693	0.03564954140779681	-0.000448236836263548	0.1193424125763613
187.0700102939236	0.0	29.17717385330639	1.010845898848294	0.03921288006187407	0.00011143186139635572	-0.051183176898918346	0.03389803420388249	-0.0003803794817212314	0.12201832334858154
187.25146338194648	0.0	29.248463295368143	1.0104137594142264	0.03955112826482492	9.081941036957694e-05	-0.05224347853214445	0.03208319581619874	-0.0003104807814397757	0.12476672172138809
187.43237635796274	0.0	29.32111254953009	1.0103590180529538	0.03989747179347417	6.969226258924968e-05	-0.05333624466893527	0.030207515958053616	-0.00023882620751518785	0.12758616963591468
187.61328933397897	0.0	29.393761803692037	1.0106113712015938	0.0402540012965246	4.7955752649651504e-05	-0.05446241915886292	0.028267467313289274	-0.0001650957344884163	0.1304792851459492
187.7942023099952	0.0	29.46641105785398	1.011217238996928	0.04062071677397628	2.5609880550778853e-05	-0.055622002001927545	0.02626304988190549	-8.928936235944889e-05	0.13344606825149202
187.9751152860114	0.0	29.539060312015923	1.0122230427291763	0.04099761822582913	2.6546462926354934e-06	-0.05681499319812899	0.024194263663902524	-1.1407091128298381e-05	0.1364865189525428
188.15607736253708	0.0	29.611587159930806	1.0136555406977261	0.04105146858387499	-8.75614610517486e-07	-0.057128789261829835	0.023913928903378862	-1.1726776130010436e-08	0.13759714650534657
188.33704568421922	0.0	29.684098438838888	1.0155115900606275	0.04105229763464061	-1.2293549154742974e-06	-0.057303460022043944	0.023912221293906754	5.551527349968667e-07	0.13841210041242877
188.5180140059014	0.0	29.75660971774697	1.0177605830461696	0.04105251158019779	-1.5582041680307927e-06	-0.05748255133835614	0.023897161800709853	1.0830814223205139e-06	0.13924721336754275
188.6989823275835	0.0	29.82912099665505	1.0203701310351614	0.04105211042054651	-1.8621623681867985e-06	-0.05766606321076643	0.02386875042378802	1.5720592858406744e-06	0.14010248537068837
188.88020682913339	0.0	29.90098862508261	1.023247695748026	0.0410513604854891	-2.142386417697281e-06	-0.05785224550802331	0.023829796717966152	2.023485641960898e-06	0.14097413163795283
189.06150768783613	0.0	29.972664406592134	1.026401930959048	0.041050080112411	-2.398278095744204e-06	-0.05804228873636571	0.02377844326037226	2.4367129054366976e-06	0.14186463565938695
189.2428085465388	0.0	30.04434018810165	1.0298177658378531	0.04104819060429841	-2.6295203124402017e-06	-0.05823670961515598	0.023713867511629586	2.8113673994496846e-06	0.14277510306635136
189.42410940524152	0.0	30.116015969611166	1.033462380311678	0.04104569196115133	-2.836113067785422e-06	-0.05843550814439415	0.023636069471738207	3.147449124000082e-06	0.14370553385884627
189.60563654818293	0.0	30.18711528972784	1.03724885401954	0.04104283056423762	-3.0194217554826886e-06	-0.05863705745570459	0.023547741202535128	3.4467270602820305e-06	0.14465225994153474
189.78728292216897	0.0	30.25791086754916	1.0411700369711956	0.04103949509357295	-3.179012501032025e-06	-0.058842089542063394	0.02344772287541915	3.7086961948935437e-06	0.1456168448965438
189.968929296155	0.0	30.32870644537048	1.0452221888345112	0.041035556821658034	-3.314210090254705e-06	-0.05905145376007405	0.023334619742497606	3.932493639581971e-06	0.14660118565786123
190.15057567014105	0.0	30.399502023191797	1.0493734180227965	0.041031015748492855	-3.4250145231507233e-06	-0.05926515010973655	0.02320843180377048	4.118119394347307e-06	0.14760528222548716
190.33248220728382	0.0	30.469623254810898	1.0535287700251026	0.04102616926545907	-3.5134108134355836e-06	-0.05948120523397456	0.023072515052615403	4.26825033914826e-06	0.14862451268962806
190.514609673344	0.0	30.539171835873525	1.0576669641609964	0.04102097949559215	-3.5793817206182707e-06	-0.05969986662541209	0.02292651471270657	4.3829242473944645e-06	0.14965934558321858
190.6967371394042	0.0	30.60872041693616	1.0618115368793686	0.041015195973842226	-3.6213256661867637e-06	-0.05992279511371535	0.022767625998591036	4.459999506402786e-06	0.1507136377051875
190.8788646054644	0.0	30.678268997998785	1.0659327156390574	0.041008818700209324	-3.6392426501411e-06	-0.06014999069888431	0.02259584891026887	4.499476116173279e-06	0.15178738905553477
191.0612784218926	0.0	30.747056605426074	1.069930589087019	0.04100219351286648	-3.6358135253903422e-06	-0.06037914604358287	0.022415205128736876	4.505065821393722e-06	0.15287500004243867
191.2440750027256	0.0	30.81482701974616	1.0737539661526074	0.040995446176341994	-3.6123181195543567e-06	-0.06060941728165413	0.02222725107942882	4.478608604719015e-06	0.1539742798064952
191.42687158355852	0.0	30.88259743406625	1.0774703971951194	0.04098811814294159	-3.565324040372244e-06	-0.0608438617946069	0.022026692036601035	4.415379431985804e-06	0.15509259094283126
191.60966816439148	0.0	30.950367848386332	1.0810532151849077	0.0409802094126653	-3.4948312878441036e-06	-0.061082479582441174	0.02181352800025361	4.3153783031942306e-06	0.15622993345144712
191.79274562516918	0.0	31.01736486274119	1.084406707842785	0.04097208176490129	-3.404017971247794e-06	-0.061322842024455676	0.021592086909186715	4.1830887970784e-06	0.15738021128555035
191.9764298013143	0.0	31.08269129273098	1.0874275213145697	0.0409641668778412	-3.2970562646526824e-06	-0.061562045588255745	0.021367649774179247	4.024471680544155e-06	0.1585359595899322
192.1601139774595	0.0	31.14801772272077	1.0902465009120832	0.04088633759316296	-2.996481501025222e-06	-0.061679836734417584	0.021152485646156367	3.728195967247347e-06	0.15896916811832165
192.3437981536046	0.0	31.21334415271055	1.0928555506825735	0.040796501365470035	-2.681824363830515e-06	-0.06177986836626284	0.020927769170883015	3.4161327418119182e-06	0.15930192101587876
192.52763116830917	0.0	31.2782445219538	1.0952151536156394	0.04070493463326078	-2.3820929914587854e-06	-0.061878908808538496	0.020692847502813114	3.1081495009092085e-06	0.15963843751032578
192.71203693923664	0.0	31.34150533660213	1.0972220034321225	0.04061210163191983	-2.101443053538106e-06	-0.06197275987425343	0.02045518085783348	2.8112165039890542e-06	0.15996666171570048
192.89644271016417	0.0	31.404766151250467	1.099017086323582	0.04051743858027698	-1.8338085646028844e-06	-0.062067077566340126	0.02020511944985319	2.515861506219603e-06	0.16030261442035804
193.08084848109166	0.0	31.4680269658988	1.100599220458458	0.04042094547833229	-1.5791895246531816e-06	-0.06216186188479862	0.019942663278872258	2.2220845076008853e-06	0.16064629562429825
193.26536003196287	0.0	31.530970345410186	1.1019429427773908	0.04032275349308328	-1.3386174817988528e-06	-0.06225601568217411	0.01966981448750799	1.931700274313673e-06	0.16099452517708215
193.45085194961024	0.0	31.590971741300933	1.1028478147038507	0.040223993238256386	-1.1202931992129467e-06	-0.062340455999877024	0.019403439172911582	1.6596734891478922e-06	0.16132081484733862
193.63634386725764	0.0	31.650973137191674	1.103554127180238	0.040123487000135544	-9.143864750235402e-07	-0.0624253415085393	0.019125238473455864	1.3891522145969347e-06	0.1616544779928603
193.82183578490503	0.0	31.710974533082418	1.1040645961637283	0.04002123477872076	-7.208973092306027e-07	-0.062510672208161	0.018835212389140748	1.1201364506607303e-06	0.16199551461364725
194.00732770255235	0.0	31.770975928973154	1.1043833049227907	0.03991723657401207	-5.398257018341675e-07	-0.06259644809874215	0.01853336091996626	8.526261973393085e-07	0.16234392470969944
194.1941661682853	0.0	31.82664095281299	1.1042249679348362	0.039813603509866485	-3.8325570498147427e-07	-0.06266766796836257	0.01824890342585346	6.111335702023676e-07	0.1626551983171388
194.38101847123062	0.0	31.882261415822164	1.1039074268427618	0.03970836117947068	-2.3840939115728612e-07	-0.06273914954697524	0.017953699847110777	3.7129916072429244e-07	0.16297290225815458
194.56787077417596	0.0	31.937881878831334	1.1034418361983838	0.03960148847675446	-1.0515840219493059e-07	-0.06281104683805203	0.017647453906038724	1.32870573880926e-07	0.163297491436858
194.7547230771213	0.0	31.99350234184051	1.1028380427606688	0.039492985401717834	1.649726190562031e-08	-0.062883359841593	0.017330165602637213	-1.0415219032780084e-07	0.1636289658532493
194.94265224922725	0.0	32.04534841590281	1.1019057911403494	0.03929520577130861	8.821118153750774e-08	-0.0624916552059279	0.01730842654275566	-3.3155263814219826e-07	0.16258672702266766
195.13072331294032	0.0	32.09669716481822	1.100860139305837	0.03908572137700821	1.7405351790865716e-07	-0.062039536464778236	0.017327051078120406	-6.252848049946906e-07	0.16136520827304168
195.3187943766534	0.0	32.148045913733625	1.0997427283832546	0.038876224911190534	2.8100368690312396e-07	-0.06158848665648427	0.01734616028490418	-9.906942011094412e-07	0.16014684562161013
195.5068654403664	0.0	32.199394662649034	1.098568652095242	0.038666716373855596	4.090616885209024e-07	-0.061138505781046015	0.017365754163106973	-1.4277808264864292e-06	0.15893163906837307
195.6943432441434	0.0	32.25285607972832	1.0974360563939989	0.038451846390472284	5.634962514255297e-07	-0.06067594571758895	0.01738390870486886	-1.9543068336077336e-06	0.15767944136051154
195.88165238417912	0.0	32.30691812815804	1.0962909191039922	0.03823544298744504	7.414483798793449e-07	-0.06021062060422977	0.017402021860048265	-2.56065622135623e-06	0.1564191222306126
196.06896152421484	0.0	32.36098017658776	1.095130136901519	0.037995720482271546	8.969136890432947e-07	-0.05968039999103211	0.017434263538936182	-3.0874481203985493e-06	0.1548353568860706
196.25627066425054	0.0	32.41504222501748	1.0939727128241314	0.037717217791202975	9.664930076150244e-07	-0.0590401258134461	0.017490771816849188	-3.3178778548998136e-06	0.15270322988860371
196.4432832813711	0.0	32.470116397665535	1.092860428744944	0.03743807870353154	1.0147650608029314e-06	-0.0583979244518342	0.0175473942467673	-3.4770591743527025e-06	0.15057026841549997
196.63015312710795	0.0	32.52567789310633	1.091784309857911	0.03715959648124369	1.0399144926377513e-06	-0.05775707187021732	0.017604648924546863	-3.558864622171945e-06	0.14844586093446122
196.81702297284482	0.0	32.58123938854712	1.090739969171581	0.03688294422183025	1.0406269117303234e-06	-0.057120544360429536	0.0176630002822051	-3.5588476278446737e-06	0.14633846691677052
197.0038928185817	0.0	32.63680088398791	1.0897369946537747	0.036608121925291254	1.0169023180806616e-06	-0.05648834192247088	0.017722448319741985	-3.4770081913709374e-06	0.14424808636242809
197.19065944655802	0.0	32.69270749242137	1.0887916972154208	0.03633432624793665	9.693267138764737e-07	-0.05585842119212953	0.01778267852362607	-3.3153407916214593e-06	0.1421689814510861
197.37734904981244	0.0	32.74887163630389	1.0879079166051038	0.036061775254818705	8.975617056363987e-07	-0.055231334275781196	0.01784377921906066	-3.072704171965921e-06	0.14010274030293351
197.5640386530668	0.0	32.805035780186394	1.0870849500653017	0.03579107228908226	8.011184543027326e-07	-0.05460861512627598	0.017905987420266372	-2.747437398653672e-06	0.13805368056679784
197.75072825632117	0.0	32.86119992406891	1.0863267304811008	0.035522217350727185	6.799969598754645e-07	-0.053990263743613646	0.017969303127243198	-2.33954047168468e-06	0.13602180224267826
197.93739293753976	0.0	32.917446767965934	1.0856371019408073	0.035255023012853735	5.342717152610651e-07	-0.05337580244124081	0.018033653834752833	-1.849270579042338e-06	0.1340057774222159
198.12402969643972	0.0	32.97378626786298	1.085016465840505	0.034989470571187176	3.639001501199868e-07	-0.05276518283371798	0.018099033127052137	-1.2764861170834183e-06	0.13200548212468555
198.31066645533969	0.0	33.03012576776002	1.0844613210573004	0.03472577140208796	1.687802985649177e-07	-0.052158943389904906	0.01816552306851415	-6.208369754399286e-07	0.13002241700452088
198.49730321423968	0.0	33.08646526765706	1.083968054861866	0.03446392550555612	-5.108783940417645e-08	-0.05155708410980154	0.01823312365913889	1.1767684588824398e-07	0.12805658206172177
198.68392747634076	0.0	33.14284612135583	1.0835317337159558	0.03420384165547829	-2.9569999341891693e-07	-0.050959372020381546	0.018301800105192306	9.390371650718799e-07	0.126107336454645
198.87053062754683	0.0	33.199296834206095	1.083144989334756	0.03394545924927426	-5.65083666149141e-07	-0.05036565192099474	0.018371529789568422	1.8433333924780978e-06	0.12417425964564367
199.0571337787529	0.0	33.25574754705636	1.0827963424175502	0.033688933439579856	-8.592600126525044e-07	-0.04977631984137272	0.018442372115115197	2.8306429217496824e-06	0.12225844391724143
199.24373692995894	0.0	33.31219825990662	1.082473353567223	0.033434264226395095	-1.178229032928965e-06	-0.04919137578151551	0.018514327081832625	3.9009657528864935e-06	0.12035988926943841
199.43031485990136	0.0	33.36873209949896	1.0821628460952237	0.033181273265448626	-1.5220483240948067e-06	-0.04861036330827997	0.01858732766765618	5.054486928444216e-06	0.1184773542200505
199.61682574180858	0.0	33.425486922655416	1.0818503976588698	0.03292967057206808	-1.8908905932987833e-06	-0.04803253913753407	0.01866126618770217	6.291771771911862e-06	0.11660883364342588
199.80333662371584	0.0	33.482241745811876	1.0815121410471298	0.032679933554048544	-2.284646773712437e-06	-0.04745912444419283	0.01873632278979078	7.612475856515844e-06	0.11475765855496264
199.9898475056231	0.0	33.53899656896834	1.0811259942042115	0.03243206221139005	-2.703316865335716e-06	-0.046890119228256325	0.018812497473922003	9.01659918225598e-06	0.11292382895466108
200.17634967984912	0.0	33.59577996316464	1.0806705364804712	0.03219462229552976	-4.709083995931093e-06	-0.046263139985141415	0.01897603229999022	1.5534729749858703e-05	0.11091648343997894
200.36281111510343	0.0	33.65269702725126	1.0801363762111242	0.031959705592175064	-6.943193379893815e-06	-0.0456381652286013	0.01914716923319128	2.2791992510751434e-05	0.10891910377679964
200.54927255035773	0.0	33.70961409133788	1.0795125668436478	0.031727110447014734	-9.319067525695683e-06	-0.045019534958955214	0.019321111935295843	3.050959573930356e-05	0.10694470157002361
200.73573398561203	0.0	33.7665311554245	1.0787909846331039	0.03149683686004881	-1.1836706433336624e-05	-0.04440724917620327	0.0194978604063039	3.868753943551485e-05	0.10499327681965101
200.9221846797109	0.0	33.82348326044661	1.0779643802980203	0.03126881400870355	-1.4496259176722017e-05	-0.043801131989432675	0.01967738594946295	4.7326311467164926e-05	0.10306436503965398
201.10851202884598	0.0	33.88083775447825	1.0770329247200987	0.03104230815890162	-1.7299821475989894e-05	-0.04319936331425613	0.019859398272679848	5.643275684838617e-05	0.10115318321449147
201.29483937798105	0.0	33.938192248509885	1.075980198549217	0.03081814002709462	-2.0246135327037674e-05	-0.04260398328840004	0.020044235895073457	6.600274701501768e-05	0.09926513878620387
201.48116672711615	0.0	33.995546742541535	1.0747985377068374	0.030596309613282486	-2.3335200729865963e-05	-0.042014991911864204	0.020231898816643803	7.603628196706142e-05	0.09740023175479073
201.66749407625124	0.0	34.05290123657318	1.0734804260501858	0.030376816917465282	-2.6567017684474177e-05	-0.04143238918464881	0.020422387037390865	8.653336170451548e-05	0.0955584621202525
201.85360569895528	0.0	34.11095186115747	1.072034269544675	0.030158320396737083	-2.9948436482353755e-05	-0.04085285977440661	0.020615205380100997	9.751630597958206e-05	0.09373125057351901
202.03971411250902	0.0	34.16901284139236	1.0704374974591457	0.029942167461604902	-3.347428569189374e-05	-0.04027974026898499	0.02081087286637576	0.00010896824777829143	0.09192730439303175
202.22582252606279	0.0	34.22707382162724	1.068682728414596	0.02972837825954916	-3.714447505084044e-05	-0.03971308050838512	0.021009397092911518	0.00012088889287828597	0.09014675309183046
202.41193093961652	0.0	34.28513480186214	1.0667629794001448	0.029516952790569848	-4.095900455919337e-05	-0.039152880492607	0.021210778059708203	0.00013327824127956414	0.08838959666991517
202.59776291847436	0.0	34.34407368435622	1.0646920176042236	0.029306265885448195	-4.493038467637293e-05	-0.03859514165888611	0.02141446408364143	0.00014617701227079464	0.08664567672207132
202.78356135641204	0.0	34.403119086220066	1.062445332590168	0.02909777964680694	-4.904970650739452e-05	-0.038043470658054114	0.021620981148373235	0.00015955619315789716	0.08492425681036969
202.96935979434969	0.0	34.462164488083914	1.0600138000850887	0.028891693214541818	-5.331557128538708e-05	-0.0374983579852186	0.021830398550525293	0.00017341123030057142	0.08322658881086115
203.15515823228733	0.0	34.52120988994776	1.0573909432861943	0.028688006588652823	-5.772797901035104e-05	-0.036959803640379554	0.022042716290097637	0.00018774212369881887	0.08155267272354554
203.34062098939071	0.0	34.5812988514188	1.0545959692170745	0.028484867501002927	-6.230633592873356e-05	-0.03642327239052533	0.02225736214561847	0.00020261200281285576	0.07989122273654717
203.52599953752826	0.0	34.64164960047587	1.0516040307966346	0.028283706305719244	-6.703871433444535e-05	-0.035892278578869743	0.022474816453001187	0.00021798205100612787	0.07825111657971394
203.71137808566579	0.0	34.702000349532945	1.048402560921909	0.0280849924273004	-7.192053689078188e-05	-0.035367972934589084	0.022695228517623355	0.00023383737628303533	0.07663523256674212
203.89675663380336	0.0	34.762351098590024	1.0449854884649528	0.027888725865746346	-7.69518035977449e-05	-0.03485035545768319	0.022918598339485084	0.0002501779786435837	0.07504357069763123
204.08173013549913	0.0	34.82392655945427	1.0413788167562315	0.027723992581463644	-7.877920860874613e-05	-0.034394460648798225	0.023283865605110178	0.00025613727810226765	0.0737183628344866
204.2665368187577	0.0	34.8860064180585	1.0375632010591196	0.02760043676957975	-7.626359774217197e-05	-0.03402147108596233	0.023833789529900326	0.0002480246507061505	0.07274012821293296
204.4513435020162	0.0	34.94808627666273	1.033528653405003	0.02747970612798943	-7.356452525934795e-05	-0.03365861341557525	0.02439494960151781	0.00023932007883742027	0.07179542276978748
204.6361501852747	0.0	35.01016613526695	1.0292783801220171	0.027361800656692702	-7.068199116027268e-05	-0.03330588763763701	0.024967345819962808	0.0002300235624960724	0.07088424650505012
204.8207014210462	0.0	35.07299821940095	1.0248366295401374	0.027245409697467502	-6.763878775020187e-05	-0.0329602289460862	0.025550441842572436	0.00022020921727759288	0.06999901349691427
205.00509495938795	0.0	35.1362946809067	1.0201990356923294	0.027131074378232034	-6.442362245388644e-05	-0.03262295210283955	0.026144600358074845	0.00020984038711141084	0.06914309642998664
205.18948849772968	0.0	35.19959114241246	1.0153553204088257	0.027019613155652565	-6.102181834894015e-05	-0.032295982616382064	0.02675018960824721	0.00019886936116497554	0.06832128920052974
205.37388203607142	0.0	35.262887603918216	1.0103077828854536	0.026911026029729106	-5.74333754353629e-05	-0.031979320486713765	0.027367209593089546	0.00018729613943828648	0.06753359180854365
205.55800588536323	0.0	35.326959656384425	1.0050815688713088	0.026804023775992968	-5.367792368842958e-05	-0.03167003056710481	0.02799533439444155	0.00017518465338054614	0.0667729254327535
205.74189005832272	0.0	35.39172098710213	0.9996763539123674	0.026698794521774743	-4.9750378793090864e-05	-0.03136859964254387	0.028634777879370063	0.00016251843210868204	0.06604060780659744
205.92577423128228	0.0	35.45648231781985	0.9940725626460516	0.026596497756302184	-4.563240320897326e-05	-0.031077685485997198	0.02928588433349794	0.00014923778044018915	0.06534309301641789
206.1096584042418	0.0	35.521243648537556	0.9882704360435189	0.02649713347957531	-4.1323996936078894e-05	-0.03079728809746488	0.029948653756824886	0.0001353426983750743	0.06468038106221502
206.29327122142408	0.0	35.586764111663285	0.9822936685773368	0.02639949983491506	-3.684067014230239e-05	-0.030524752156177216	0.030622982291715808	0.00012088381361704644	0.06404626162013506
206.47654112601828	0.0	35.65324389123109	0.9761482654566925	0.026303328736570587	-3.218334095700684e-05	-0.030259552624276563	0.03130903681565064	0.00010586424245442519	0.06343967671632414
206.6598110306124	0.0	35.719723670798885	0.9698020388506371	0.02621015788490512	-2.7331181001288935e-05	-0.030005112860288174	0.03200702379274754	9.021604389821672e-05	0.06286869880101828
206.84308093520656	0.0	35.786203450366685	0.9632520659393716	0.026119987279918627	-2.2284190275144713e-05	-0.029761432864211956	0.03271694322300699	7.393921794840818e-05	0.06233332787421728
207.0260940040126	0.0	35.853379602690744	0.9565178817238659	0.026031768536543248	-1.7053290230456246e-05	-0.029526273388307715	0.03343888985017142	5.70695400923753e-05	0.061828515740538215
207.20864075565967	0.0	35.921820105935886	0.9496144372487271	0.02594469826656752	-1.1644031384004378e-05	-0.02929799345875353	0.03417314656676598	3.9625357305490995e-05	0.06135075854329344
207.3911875073067	0.0	35.99026060918103	0.9424937819971849	0.025860704543510613	-6.034986963040917e-06	-0.029080746932235606	0.034919639194583255	2.1536560299254684e-05	0.06090951386734912
207.57373425895372	0.0	36.05870111242617	0.9351487939162283	0.025779787367372513	-2.26156967565906e-07	-0.028874533808753933	0.03567836773362323	2.8031490736665174e-06	0.06050478171270525
207.75605283441766	0.0	36.1277391316498	0.9275923338234422	0.02570109263207864	5.775834601002721e-06	-0.02867759818041849	0.03644956941088167	-1.6553041338029603e-05	0.06013277635694042
207.93775342574315	0.0	36.19839544158246	0.919851516803466	0.025623215099820643	1.1963170812040162e-05	-0.02848713356927829	0.037233863810215845	-3.65059992679155e-05	0.05978766993080266
208.11945401706868	0.0	36.26905175151514	0.9118580621708217	0.025840942670990907	1.3339334280560203e-05	-0.029007062188521955	0.037322001064542795	-4.271894460122065e-05	0.06059626065743854
208.30115460839414	0.0	36.339708061447816	0.9035891902084672	0.026224654933996953	1.2143284065203132e-05	-0.02993015002548136	0.03701845446154081	-4.148234486402411e-05	0.06206109375441204
208.4825268741737	0.0	36.41117921317272	0.8950480469461528	0.02662237932361695	1.0960792619250622e-05	-0.03089417125289457	0.03668720027942236	-4.018669680911932e-05	0.06360130048291951
208.6624549613622	0.0	36.48623454251066	0.8863168582830959	0.027028690559371134	9.810852681791757e-06	-0.0318881002176465	0.0363337337388518	-3.8867109920235795e-05	0.06519594797233168
208.8423830485507	0.0	36.5612898718486	0.8772427542328505	0.027451570204434075	8.669373343886003e-06	-0.03292892377339156	0.035949139183237555	-3.747387720316607e-05	0.06687714282244285
209.02231113573916	0.0	36.63634520118654	0.8678082337514951	0.027891018258805713	7.536354605533556e-06	-0.03401664192012958	0.03553341661257971	-3.600699865791044e-05	0.06864488503325272
209.2020677951513	0.0	36.71179917384821	0.8580171327112932	0.02834629964398855	6.414653964858817e-06	-0.03514981145105532	0.03508724324092756	-3.447131461592173e-05	0.07049643846951426
209.38031283775376	0.0	36.79076830584911	0.8480001523574383	0.02881205380831685	5.326807972448689e-06	-0.036318242597637176	0.034615187915674334	-3.2902949432195865e-05	0.07241242966077936
209.55855788035623	0.0	36.86973743785001	0.8376058505708083	0.02929507728884049	4.247780495211708e-06	-0.037535552155213064	0.03411068774165472	-3.125782292095124e-05	0.07441862949609285
209.7368029229587	0.0	36.94870656985091	0.8268338221735102	0.029795370085559467	3.177571533147876e-06	-0.038801740123783	0.03357374271886872	-2.953593508218782e-05	0.07651503797545475
209.91501883177838	0.0	37.02773985035481	0.8156919256538602	0.030312831917903488	2.1166644447676623e-06	-0.04011662724460653	0.03300442403641468	-2.7737983383148253e-05	0.07870131423165941
210.09177073068054	0.0	37.10999667533504	0.8043599784688665	0.030842813523743372	1.0890131824360022e-06	-0.04147220470680714	0.03240569360190233	-2.5897031344988738e-05	0.08096218332457986
210.26852262958266	0.0	37.19225350031526	0.7926926645565137	0.031390632726567766	7.047062585071729e-08	-0.04287826902017737	0.03177345065711031	-2.3976791996967678e-05	0.08331622955427018
210.4452745284848	0.0	37.27451032529548	0.7807097618366488	0.03195628952637676	-9.389632249883847e-07	-0.04433482018471745	0.031107695202038533	-2.197726533908477e-05	0.08576345292073077
210.6220264273869	0.0	37.35676715027571	0.7684364693681379	0.03253978392317035	-1.9392883700812717e-06	-0.04584185820042738	0.03040842723668697	-1.989845137134002e-05	0.08830385342396165
210.7976993312428	0.0	37.44130135288253	0.7560534858244765	0.03313838103143203	-2.9125092497663345e-06	-0.047395412965274136	0.029676509415702684	-1.776140309223532e-05	0.09092979540747828
210.97330113747523	0.0	37.5259856174731	0.7434698812249585	0.03375502985626633	-3.875234290112174e-06	-0.049000309072096564	0.028910395080586203	-1.554470196727437e-05	0.09365047122152714
211.1489029437077	0.0	37.61066988206366	0.7307178701662281	0.03438992318321306	-4.828642840049208e-06	-0.05065684371877463	0.028110003759330898	-1.3246904857606915e-05	0.09646644969714539
211.32450474994013	0.0	37.69535414665422	0.7178446629337837	0.035043061012272024	-5.7727348995770415e-06	-0.05236501690530784	0.027275335451936993	-1.0868011763233745e-05	0.09937773083433218
211.49966390508263	0.0	37.78094923671988	0.7049757004583781	0.0357136126317553	-6.700075931013328e-06	-0.054123999911759736	0.026406212482878423	-8.415263326437453e-06	0.10238267360691986
211.67474970634163	0.0	37.86669526414285	0.6921149541375351	0.03640243315555572	-7.616785701172959e-06	-0.055934942825181425	0.02550247860623689	-5.8818984223152555e-06	0.10548349365959311
211.84983550760063	0.0	37.95244129156583	0.6793143731414792	0.037109672645663255	-8.52408989140014e-06	-0.057798018075231924	0.024564139967628646	-3.266662048051229e-06	0.10868052771150892
212.02492130885966	0.0	38.03818731898882	0.6666426604345769	0.03773341047213692	-8.003465951352644e-06	-0.05946074159846651	0.023722785522019618	-1.7673934013791365e-06	0.11156156763488104
212.20553822859677	0.0	38.111194604294276	0.6530504933697816	0.03773186644516295	9.029873925923187e-07	-0.05956430973481271	0.02369286021132871	-7.386221486918245e-06	0.11190819462711978
212.3877291082504	0.0	38.1805768959282	0.6393447456745108	0.03772112068004564	9.232637432843728e-06	-0.05964873202556455	0.023663138947152874	-1.2635055402141962e-05	0.11223181103635071
212.569919987904	0.0	38.24995918756212	0.6258852525757439	0.03770580841843417	1.6922377295806683e-05	-0.059730705157297045	0.02362219105405271	-1.74590513678206e-05	0.11255921969180524
212.75211086755763	0.0	38.31934147919605	0.6127155626872758	0.03768592966032849	2.3972206981483653e-05	-0.05981022913001016	0.023570016532028247	-2.1858209383955757e-05	0.11289042059348334
212.9358613348488	0.0	38.38441203192761	0.5995310739327047	0.037656719120561365	3.052746104204568e-05	-0.05986811297992465	0.023521412432186844	-2.594446638001377e-05	0.11319331233707852
213.12028004311185	0.0	38.44763512156989	0.5865656080558039	0.03762120161800723	3.654730254095084e-05	-0.0599154864761987	0.023468662648913438	-2.9681881112401796e-05	0.11348599150779062
213.30469875137493	0.0	38.51085821121219	0.5739962272481198	0.03758147211366372	4.19769097507899e-05	-0.05996060094037124	0.023405557753974404	-3.302743784031077e-05	0.11378216853466011
213.48911745963798	0.0	38.57408130085447	0.5618481507532471	0.037537530607530845	4.681628267156159e-05	-0.060003456372442185	0.02333209774736981	-3.598113656373996e-05	0.11408184341768682
213.67399263347482	0.0	38.63594684198972	0.5500417630580485	0.037488054501189416	5.113226569433563e-05	-0.06003813544291565	0.023253307865567303	-3.859222497986807e-05	0.11437480572241228
213.85914461529038	0.0	38.696989144134285	0.5386365879404511	0.03743366909477027	5.4913228205209233e-05	-0.060067023297507266	0.02316746777206299	-4.08510649215674e-05	0.11466498712692019
214.04429659710593	0.0	38.75803144627885	0.5277077098162966	0.037375200803564115	5.8122049791147364e-05	-0.060093721369600665	0.023071589998139394	-4.273005908798872e-05	0.11495855916239309
214.22944857892148	0.0	38.81907374842342	0.5172647420921385	0.03731264962757094	6.075873045214966e-05	-0.06011822965919585	0.022965674543796482	-4.422920747913178e-05	0.11525552182883106
214.41483530737844	0.0	38.87939540204823	0.5072629948177603	0.03724540372415327	6.28705649242088e-05	-0.06013746186280966	0.02285259546627847	-4.538249535247897e-05	0.1155503897051465
214.60041738714096	0.0	38.93911734686212	0.497715013452482	0.037173626858798145	6.445817620011113e-05	-0.0601519686881251	0.022732020617111187	-4.618990230252436e-05	0.1158440326297463
214.7859994669035	0.0	38.998839291676	0.48866240886256024	0.03709784614310824	6.548472177043057e-05	-0.06016432811966234	0.02260160239194789	-4.662481634281495e-05	0.11614100055116383
214.97158154666602	0.0	39.058561236489886	0.4801008077329974	0.03701806157708355	6.595020163516621e-05	-0.06017454015742145	0.022461340790788507	-4.6687237473350075e-05	0.11644129346939924
215.15737104195955	0.0	39.11763028964882	0.4719792954403628	0.036933800579430416	6.590833581726857e-05	-0.06017985701937939	0.022314029847388513	-4.6415174387238396e-05	0.11673988057551785
215.3433945289983	0.0	39.17596279594919	0.4642835534172932	0.036845064222434214	6.537464298289492e-05	-0.060179959682479425	0.022160179064008828	-4.5819230281864855e-05	0.11703606609459866
215.52941801603703	0.0	39.23429530224955	0.45704948030610265	0.03675240786357503	6.429163425825541e-05	-0.060177959922434944	0.021996691044215172	-4.4858593998189126e-05	0.11733550697854833
215.71544150307574	0.0	39.292627808549916	0.4502605595343946	0.03665583150285289	6.265930964334837e-05	-0.060173857739246	0.021823565788007464	-4.353326553621005e-05	0.11763820322736697
215.9016807335557	0.0	39.350260665435194	0.44385463717021056	0.03655491782529379	6.0547002022171853e-05	-0.060164761946212744	0.021644003176671405	-4.189178789112679e-05	0.11793869810222576
216.0882507338336	0.0	39.40682084593025	0.43779022104686277	0.03645090389924396	5.539268227138856e-05	-0.060109207787698696	0.021484093808636757	-3.9965740274573514e-05	0.11812988894022478
216.27482073411153	0.0	39.463381026425296	0.4321094448003325	0.03634361949455748	4.757942527538977e-05	-0.06000388491151068	0.021340548885288833	-3.769806167766815e-05	0.11820181281350225
216.46139073438945	0.0	39.51994120692035	0.42678660862607554	0.03623116439775459	4.0294449193764505e-05	-0.05989217121815325	0.021185970074299558	-3.509538391058763e-05	0.11826818346897106
216.64819414332874	0.0	39.57571280002334	0.42175505525298107	0.03611320565269205	3.359866843691713e-05	-0.05977086322074163	0.021024299407549282	-3.22208819512527e-05	0.11832269656265706
216.83549271387238	0.0	39.62981145521596	0.41695077549950443	0.0359895056815495	2.7546519025068448e-05	-0.059636536271418655	0.020860247434213296	-2.9154201463431657e-05	0.11835842803299532
217.02279128441597	0.0	39.683910110408576	0.41244863449645564	0.0358608407360219	2.200163269308273e-05	-0.05949607276574481	0.02068560056018051	-2.5765849860507667e-05	0.11838882722217006
217.21008985495962	0.0	39.7380087656012	0.4082310768581159	0.03572721081610917	1.696400944095855e-05	-0.05934947270371993	0.02050035878545095	-2.2055827142480757e-05	0.11841389413018118
217.39755397742832	0.0	39.7915203098593	0.4042553462299895	0.0355884729053162	1.2468967299683867e-05	-0.059194487673675675	0.020307663831060252	-1.8077526929359415e-05	0.11842905742479838
217.58552370689023	0.0	39.84323877684501	0.4004583189774153	0.03544445879978557	8.576223493469534e-06	-0.05902665447367303	0.020114236948713164	-1.39487583101679e-05	0.11842506212535078
217.77349343635217	0.0	39.89495724383073	0.39691387856530197	0.035295681156193644	5.170162356807962e-06	-0.05885293368644923	0.01991064501639601	-9.5113692468095e-06	0.11841595088324039
217.96146316581405	0.0	39.94667571081645	0.3936109264810062	0.03514213997454049	2.250783889699803e-06	-0.05867332531200438	0.01969688803410881	-4.765359739284694e-06	0.1184017236984674
218.14962681733255	0.0	39.99765702114691	0.39051317145428677	0.03498379232991099	-1.5037330482771936e-07	-0.058485187064889796	0.01947717349100034	2.1411604975040997e-07	0.11837680412325205
218.33871343050808	0.0	40.04512987380129	0.3875251474619449	0.03473119909283657	-7.885940496626904e-07	-0.0578618251792923	0.019471242801004183	2.1485945272941235e-06	0.11737812288407379
218.5278000436836	0.0	40.09260272645566	0.38477404276832683	0.03447577183753747	-1.2906525816475419e-06	-0.057220898613246314	0.01947607053378027	3.7316594110918773e-06	0.11633534191306252
218.71688665685915	0.0	40.14007557911003	0.3822516500448834	0.03422231379774157	-1.7255836484044578e-06	-0.056584298711006745	0.019481335870001518	5.105943421913146e-06	0.11529762536038378
218.90577521864697	0.0	40.188277835738155	0.37996811391629803	0.03396943363939334	-2.10118795160239e-06	-0.05594796037507405	0.01948609927357849	6.295421500590802e-06	0.11425534333341503
219.092905096947	0.0	40.24295715238307	0.37803741958081855	0.03370631941005221	-2.473764331185081e-06	-0.05528018414193772	0.01948299096540341	7.4729342425219014e-06	0.11313300296585421
219.280034975247	0.0	40.29763646902798	0.37628427854773455	0.033445449855078704	-2.769823285268185e-06	-0.0546173397973265	0.01948038147375446	8.41246131287324e-06	0.11201643544032093
219.46716485354702	0.0	40.352315785672886	0.3747040242473478	0.03318682497447275	-2.9893648138517093e-06	-0.053959427341240214	0.01947827079863165	9.114002711644856e-06	0.11090564075681496
219.6542585783248	0.0	40.407114024326944	0.37329470009175997	0.032930229877732115	-3.1333609060178917e-06	-0.05330581053158526	0.019476506451483043	9.580533985105384e-06	0.1097990794444869
219.84015835626025	0.0	40.46583958592389	0.3721212219710375	0.03266886017148793	-3.2303025942333585e-06	-0.05263628404494393	0.019470222270386757	9.899145650546241e-06	0.1086476498331476
220.02605813419575	0.0	40.52456514752082	0.3711019373812015	0.03241111568636807	-3.1919316024182123e-06	-0.05196378753154893	0.01947573402579151	9.800599062069918e-06	0.10745016734405757
220.21195791213123	0.0	40.583290709117755	0.370232673893061	0.03216324664980746	-2.6899450545158554e-06	-0.05124668822011449	0.019550982961746496	8.290932848330039e-06	0.10594228199972741
220.3978576900667	0.0	40.64201627071469	0.36950619689857467	0.031917656551371375	-2.0138024372346014e-06	-0.050535957653726246	0.019626961976681512	6.2539342377217135e-06	0.10444706250222524
220.58317572200664	0.0	40.70255128682701	0.36894469277054565	0.031671233130479044	-1.169861627014158e-06	-0.04982256668962699	0.01970113418209757	3.7091906709662743e-06	0.10294302182622325
220.76846832924414	0.0	40.763165383574105	0.3685065696500278	0.03142701686043864	-1.471340625455027e-07	-0.04911532936141968	0.019775946171104404	6.23108012330197e-07	0.10145106490940178
220.95376093648167	0.0	40.8237794803212	0.3681780189307142	0.031185145133462728	1.0547630898163203e-06	-0.048414644118530914	0.019851509256242707	-3.0054876265688903e-06	0.09997213845752227
221.13905354371917	0.0	40.884393577068295	0.36794516153233786	0.030945617949551342	2.4358298300709513e-06	-0.04772051096096082	0.01992782343751243	-7.176596245729893e-06	0.09850624247058495
221.32401460947546	0.0	40.94601079491686	0.36781048907460473	0.030706785282768316	3.997772701783782e-06	-0.047028135486480875	0.020003497429142435	-1.1895198711828652e-05	0.09704188350414204
221.50893360320262	0.0	41.00775530706392	0.3677421220805612	0.030470124491654985	5.741907701113393e-06	-0.046341806308613044	0.02007975772814121	-1.7165442539695524e-05	0.0955893005754648
221.69385259692976	0.0	41.06949981921099	0.3677200590841719	0.030235847152316763	7.668185685475952e-06	-0.04566213795076581	0.020156781588037957	-2.2987202586392698e-05	0.09414996435795557
221.8787715906569	0.0	41.13124433135806	0.36772547422950785	0.030003953264753646	9.776606654871606e-06	-0.0449891304129392	0.02023456900883272	-2.936047885192063e-05	0.0927238748516144
222.06343551713627	0.0	41.19374641375035	0.36775242218921816	0.02977325168153224	1.207238766666638e-05	-0.044319316841957335	0.02031208220523865	-3.6300927414609736e-05	0.0913026574586445
222.24804237024398	0.0	41.256418008647955	0.3677696384665236	0.029544695826206283	1.4553680299518602e-05	-0.04365546885329424	0.02039013597760687	-4.3803060683801355e-05	0.08989297298470833
222.43264922335163	0.0	41.319089603545564	0.367752495517958	0.029318555126114757	1.7219538690446788e-05	-0.04299837028348092	0.020468963467370493	-5.186404615913859e-05	0.0884967114229329
222.61725607645934	0.0	41.38176119844317	0.3676787793621009	0.029094829581257593	2.006996283945211e-05	-0.04234802113251716	0.02054856467452961	-6.048388384062494e-05	0.08711387277331778
222.80163925301107	0.0	41.445086563399535	0.36753801210267345	0.02887253802454847	2.3112822031454186e-05	-0.04170156051412094	0.020628055436979792	-6.968627984863051e-05	0.085737489755502
222.98594682582154	0.0	41.508632905749316	0.3672988754922934	0.02865235596733188	2.6344892484845265e-05	-0.04106095493489288	0.02070802938984856	-7.946155324621173e-05	0.08437231908607311
223.17025439863207	0.0	41.57217924809909	0.3669334832748806	0.02843461880517021	2.9763801408412884e-05	-0.040427181885737455	0.020788786587540367	-8.980256046321602e-05	0.08302073661631622
223.35456197144256	0.0	41.63572559044888	0.36641782490263203	0.028219326538063468	3.3369548802156414e-05	-0.03980024136665472	0.02087032703005513	-0.00010070930149964146	0.0816827423462314
223.5386782909886	0.0	41.69982269249416	0.3657382686413159	0.028005691602212033	3.7171580646281646e-05	-0.03917783246031559	0.0209519155453842	-0.00011221027573841346	0.08035268349968329
223.722703794276	0.0	41.764181321761434	0.3648650184897241	0.027794150629757364	4.116669719852072e-05	-0.03856122788989045	0.021033945592044474	-0.00012429584835112973	0.07903365670251439
223.90672929756334	0.0	41.828539951028716	0.3637687458259455	0.02758508201488605	4.535075090275214e-05	-0.03795153259661591	0.021116767681403577	-0.00013695350944501668	0.07772837073583048
224.09075480085073	0.0	41.89289858029599	0.36242541467677886	0.02740114395128809	4.807531342497305e-05	-0.03738785987281057	0.021279793649633408	-0.0001451619495755999	0.07644502909497071
224.2745903216766	0.0	41.95779627388985	0.3608253221773724	0.02724161619870121	4.913893233259165e-05	-0.03686858120066891	0.021526113832750566	-0.00014830948823061995	0.07518097137727353
224.4583039090688	0.0	42.02303994660086	0.35894871251277394	0.02708331878167439	5.017263542759175e-05	-0.036354195531543385	0.021775049087067518	-0.00015136530458402696	0.07393066274724121
224.642017496461	0.0	42.08828361931187	0.3567733535249464	0.02692675935627698	5.1167264889900514e-05	-0.03584614978619361	0.022027160670914085	-0.0001543016948950581	0.07269755798693714
224.8257310838532	0.0	42.153527292022886	0.35428398928055727	0.02677193792250899	5.2122820719517866e-05	-0.035344443964619554	0.022282448584290328	-0.00015711865916371304	0.07148165709636121
225.00929657679265	0.0	42.21918522584268	0.35147355794749924	0.026618271379789785	5.304973307100287e-05	-0.03484743598751856	0.022540281267063436	-0.00015984773388969586	0.070279068206002
225.19273616101583	0.0	42.285195361135436	0.3483259886472347	0.02646586078755103	5.394613127794994e-05	-0.034355421849952945	0.022800778381430388	-0.00016248325282523397	0.06909051002365757
225.37617574523898	0.0	42.35120549642819	0.34481989339481517	0.026315205981719308	5.480305578894166e-05	-0.03386981254875058	0.02306448434681704	-0.0001649981229507897	0.06791933185632935
225.55961532946213	0.0	42.417215631720936	0.34094081897881995	0.026166306962294644	5.5620506603977585e-05	-0.03339060808391151	0.023331399163223444	-0.00016739234426636174	0.06676553370401742
225.74294775592776	0.0	42.48352196274024	0.3366800064554301	0.026018760884301672	5.640563783074112e-05	-0.032916685781617334	0.023601094098290382	-0.00016968753819085588	0.06562647204364763
225.9261604099396	0.0	42.55015935788194	0.33202373135784663	0.025872530991838172	5.71590518329569e-05	-0.03244795239257217	0.023873538176765425	-0.00017188551700975043	0.06450194127033797
226.10937306395147	0.0	42.616796753023635	0.3269515154798668	0.025728071377407617	5.787266633760867e-05	-0.03198567670309286	0.02414921759095591	-0.00017396185122702402	0.0633949339604018
226.2925857179633	0.0	42.68343414816534	0.32144916125754136	0.025585382041010008	5.854648134469679e-05	-0.03152985871317945	0.024428132340861726	-0.00017591654084267783	0.062305450113839214
226.47572620276637	0.0	42.75026914362524	0.3155060487606463	0.025444203520908343	5.918506768145512e-05	-0.031079783378454563	0.024710011834297396	-0.00017776339324617333	0.061231818027675
226.65876031259205	0.0	42.817395395283185	0.3091094538075742	0.02530442073901299	5.9790414202048374e-05	-0.03063514060275384	0.02499474225400398	-0.00017950840996216685	0.06017332355126407
226.84179442241776	0.0	42.88452164694114	0.30223961805490107	0.025166419484206753	6.035570832311785e-05	-0.030196996561430354	0.025282728568045924	-0.0001811310090979837	0.0591324638893366
227.02482853224345	0.0	42.951647898599084	0.2948819974922092	0.025030199756489662	6.0880950044663504e-05	-0.02976535125448421	0.02557397077642313	-0.0001826311906536238	0.05810923904189284
227.2078192286303	0.0	43.01889217618443	0.2870239145258463	0.024895612076757098	6.136874905295688e-05	-0.02933979765842615	0.02586831660378808	-0.00018401683365185467	0.05710270488398921
227.39072430733103	0.0	43.08636921825682	0.2786522701046489	0.02476251650690192	6.182152144808593e-05	-0.028919959703091767	0.026165627844074328	-0.00018529522814225442	0.05611199681828281
227.57362938603168	0.0	43.1538462603292	0.26974773888800907	0.024631210511631925	6.223406051940005e-05	-0.028506649838151505	0.026466209686188513	-0.00018645065206903134	0.05513900322686457
227.75653446473234	0.0	43.221323302401586	0.26029477988846283	0.02450169409094708	6.260636626689911e-05	-0.028099868063605288	0.02677006213013075	-0.00018748310543218496	0.05418372410973431
227.9394221691153	0.0	43.28884737051005	0.250278258328878	0.02437390985877813	6.293943043527813e-05	-0.027699460134225532	0.02707712829913928	-0.0001883955806798058	0.05324580478497022
228.12226263792874	0.0	43.35649928833516	0.23968273819108826	0.02449629633099704	6.18598715344897e-05	-0.028021836257503124	0.027373632526523833	-0.0001867320464638987	0.05429746481143778
228.3051031067422	0.0	43.42415120616026	0.2284853195742447	0.024754274376143755	6.000306379239772e-05	-0.028738815480698565	0.027659920623806962	-0.00018356983494409625	0.0564368433895604
228.48794357555568	0.0	43.49180312398537	0.21666387399039766	0.025026817517397687	5.803925040979846e-05	-0.02950185566069165	0.027941438729424468	-0.000180097316989488	0.0587048339309737
228.67079104938819	0.0	43.55943609462575	0.20419782210595708	0.025313956420241594	5.5968002919180865e-05	-0.03031103880664835	0.028218211071704698	-0.0001763132907778775	0.06110163319557886
228.8536662769522	0.0	43.62699399693736	0.19106813655168806	0.025615771416170698	5.378812934231517e-05	-0.031166574625693777	0.028490312852787147	-0.00017221442021723402	0.06362773127423227
229.0365415045162	0.0	43.69455189924897	0.17725983777315685	0.025932134032208495	5.150137851615933e-05	-0.03206811613508296	0.028757650365500667	-0.00016780561554440834	0.06628228700051216
229.21941673208025	0.0	43.76210980156058	0.16275917285433603	0.026263044268355063	4.910775044071258e-05	-0.03301566333481607	0.029020223609845307	-0.00016308687675939857	0.06906530037441906
229.4023458447382	0.0	43.82952048554953	0.14755309302644506	0.02660868450246307	4.6604328363120185e-05	-0.034009677078324876	0.029278237852919897	-0.0001580500555476859	0.07197780773580473
229.58562235629313	0.0	43.895982048377874	0.13162397670472303	0.026969932071739967	4.397607745080392e-05	-0.03505230055279613	0.029532849206886952	-0.0001526532408594196	0.07502442905065518
229.76889886784807	0.0	43.96244361120621	0.11497786304339298	0.027345522584105844	4.1242452993356316e-05	-0.036140282442832225	0.02978276332312265	-0.00014695085266159264	0.0781977006846289
229.95217537940303	0.0	44.02890517403455	0.09761160490391811	0.027735456039560763	3.840345499077687e-05	-0.03727362274843332	0.03002798020162702	-0.00014094289095420404	0.0814976226377264
230.1355735431213	0.0	44.09501580184978	0.07952230510238274	0.028140020431027646	3.545323119735089e-05	-0.0384529609211018	0.030269021085977885	-0.0001346130463003382	0.08492538262182771
230.32066257189476	0.0	44.156248721501235	0.06068399772096591	0.02856239829989189	3.2320203336676045e-05	-0.03968486190651853	0.030512783925224718	-0.00012776228156743982	0.08849160058585015
230.5057516006682	0.0	44.21748164115269	0.04114502935820564	0.02899812141402215	2.9089131734517892e-05	-0.04095896616756954	0.030752176267481498	-0.00012062719907586497	0.0921756590489414
230.69084062944162	0.0	44.27871456080413	0.020913454248681334	0.029447189773418495	2.5760016390875806e-05	-0.042275273704255024	0.030987198112748283	-0.00011320779882561213	0.09597755801110192
230.87592965821509	0.0	44.33994748045559	0.0001000000060287611	0.029909603378080997	2.2332857305749356e-05	-0.04363378451657518	0.031217849461025085	-0.00010550408081668037	0.09989729747233239
