Q20	Q30	EHFB	M22	M23	M33
32.0	0.0	0.0001	0.01209999999999999	1.572747106128384e-08	0.07224000000000001
32.429460193828874	0.0	0.017655732192474818	0.012614278582110179	1.805308232652557e-08	0.07215732891268783
32.858920387657754	0.0	0.016553077676015347	0.013128557164220362	2.0049061857993358e-08	0.07207465782537567
33.288380581486635	0.0	0.0026281729925763646	0.013642835746330503	2.177150363686657e-08	0.07199198673806356
33.71784077531551	0.0	0.039200064619433934	0.01415711432844062	2.3315067946154654e-08	0.07190931565075145
34.14730096914439	0.0	0.09248652982583143	0.014671392910550706	2.4684020421669135e-08	0.0718266445634394
34.57676116297327	0.0	0.1618041665261239	0.01518567149266076	2.5921614246175007e-08	0.07174397347612738
35.00622135680214	0.0	0.24647118663372974	0.015699950074770784	2.7046818295473126e-08	0.07166130238881536
35.43568155063102	0.0	0.3458058320882423	0.016214228656880776	2.8074046239258947e-08	0.0715786313015034
35.865141744459905	0.0	0.4591263500573871	0.016728507238990758	2.9014573680459125e-08	0.07149596021419144
36.29460193828878	0.0	0.5857292391102801	0.017352525043116962	4.553227038458796e-08	0.07125935961411996
36.72406213211765	0.0	0.7246750885873037	0.018026777547432524	6.111923281190628e-08	0.07095229557552807
37.15352232594654	0.0	0.8748799618270859	0.018701030051746895	7.261034884402014e-08	0.07064523153693739
37.58298251977541	0.0	1.0352578359323072	0.019375282556060008	8.176233841140444e-08	0.07033816749834797
38.01244271360429	0.0	1.2047226880653477	0.02004953506037192	8.932744780189147e-08	0.07003110345975976
38.44190290743316	0.0	1.3821884954223553	0.020723787564682607	9.569841044973132e-08	0.06972403942117274
38.87136310126205	0.0	1.566569235219573	0.021398040068992093	1.0111641688007502e-07	0.06941697538258697
39.30082329509093	0.0	1.7567788846856902	0.02207229257330036	1.057499546648283e-07	0.06910991134400239
39.7302834889198	0.0	1.9517314210574124	0.022746545077607396	1.097123755740428e-07	0.06880284730541904
40.15974368274868	0.0	2.1503416806095066	0.022821359412401845	1.1000507300725657e-07	0.06841032039656329
40.589203876577564	0.0	2.3515641692614024	0.02188406253937229	1.0460364183861383e-07	0.06787349515427522
41.01866407040644	0.0	2.5544088811694357	0.02094676566634222	9.867407293678935e-08	0.06733666991198767
41.44812426423532	0.0	2.757889945355889	0.020009468793311613	9.210840224084598e-08	0.06679984466970065
41.87758445806419	0.0	2.9610214908443506	0.019072171920280517	8.476385440744338e-08	0.06626301942741414
42.307044651893065	0.0	3.1628176466593874	0.018134875047248887	7.639925763742485e-08	0.06572619418512816
42.736504845721946	0.0	3.3622925418262906	0.017197578174216716	6.663416486440568e-08	0.0651893689428427
43.16596503955082	0.0	3.5584603053708874	0.01626028130118405	5.472295972109039e-08	0.06465254370055776
43.5954252333797	0.0	3.75033506631944	0.015322984428150856	3.8719378695051313e-08	0.06411571845827332
44.024885427208574	0.0	3.9369309941671675	0.014440559922112187	6.668359312871303e-09	0.06356072685412702
44.45434562103746	0.0	4.1175083840478255	0.01445022277647339	7.6444845618258e-09	0.06271039567034578
44.883805814866335	0.0	4.292155440653545	0.014459885630834578	8.446331292785524e-09	0.061860064486564566
45.31326600869521	0.0	4.461134260727665	0.014469548485195747	9.095203901857188e-09	0.06100973330278338
45.74272620252409	0.0	4.624706941013725	0.014479211339556904	9.650416347193002e-09	0.060159402119002184
46.17218639635297	0.0	4.783135578255412	0.014488874193918052	1.0128795184707987e-08	0.05930907093522101
46.60164659018186	0.0	4.936682269196529	0.014498537048279197	1.0562493945967028e-08	0.05845873975143983
47.03110678401073	0.0	5.085609110580967	0.014508199902640328	1.0937006858121116e-08	0.05760840856765867
47.460566977839605	0.0	5.230178199152698	0.014517862757001444	1.1241947957891106e-08	0.05675807738387754
47.890027171668486	0.0	5.3706516316557495	0.014527525611362545	1.1502772651064259e-08	0.0559077462000964
48.31948736549735	0.0	5.507294767183369	0.01453638974730994	1.1372397607075162e-08	0.05504223936645413
48.74894755932624	0.0	5.640401941969407	0.014544978951186513	1.1094136573036366e-08	0.05417150882346606
49.17840775315511	0.0	5.7702826630105735	0.014553568155063094	1.0832579435196962e-08	0.05330077828047802
49.60786794698399	0.0	5.897246570356897	0.014562157358939667	1.055662868592629e-08	0.05243004773748999
50.037328140812875	0.0	6.0216033040584245	0.014570746562816237	1.0281992522290979e-08	0.051559317194501915
50.46678833464175	0.0	6.143662504165214	0.014579335766692828	1.0037561366732347e-08	0.050688586651513864
50.89624852847063	0.0	6.263733810727355	0.0145879249705694	9.764948483072833e-09	0.04981785610852581
51.3257087222995	0.0	6.382126863794934	0.014596514174445975	9.493662867786012e-09	0.04894712556553777
51.75516891612838	0.0	6.499151303418061	0.01460510337832256	9.237185064781394e-09	0.048076395022549706
52.18462910995726	0.0	6.615114949159518	0.014567996877484696	8.810017002691266e-09	0.04731321093611179
52.61408930378614	0.0	6.730265916888312	0.014470294683388599	8.176666264139359e-09	0.04669264095602908
53.04354949761501	0.0	6.844780621997528	0.014372592489292511	7.528164291771388e-09	0.04607207097594638
53.47300969144389	0.0	6.9588312347912815	0.014274890295196428	6.859259912567799e-09	0.04545150099586366
53.902469885272765	0.0	7.072589925573683	0.01417718810110035	6.1452974797753566e-09	0.044830931015780943
54.33193007910165	0.0	7.186228864648862	0.014079485907004275	5.38782032645262e-09	0.044210361035698205
54.76139027293052	0.0	7.299920222320928	0.013981783712908228	4.606197353839115e-09	0.04358979105561547
55.1908504667594	0.0	7.413836168894019	0.013884081518812173	3.6775409124460254e-09	0.04296922107553272
55.62031066058828	0.0	7.528148874672263	0.013786379324716132	2.5536660943091665e-09	0.04234865109544996
56.04977085441716	0.0	7.643030538761027	0.013672501602934529	2.1331651231680556e-09	0.04174736732145383
56.479231048246035	0.0	7.75867895616709	0.013435224845844152	6.100939808426081e-09	0.04129321316647973
56.908691242074916	0.0	7.875364531322907	0.01319794808875375	8.299245722557486e-09	0.04083905901150562
57.3381514359038	0.0	7.993370455733622	0.012960671331663332	9.976489297754737e-09	0.04038490485653155
57.76761162973268	0.0	8.112979920904387	0.01272339457457289	1.1359030937766272e-08	0.0399307507015575
58.19707182356156	0.0	8.234476118340353	0.012486117817482436	1.2558362308077897e-08	0.039476596546583455
58.626532017390424	0.0	8.358142239546673	0.012248841060391976	1.3623107393035126e-08	0.03902244239160944
59.055992211219305	0.0	8.484261476028514	0.012011564303301477	1.4566803415484117e-08	0.03856828823663544
59.48545240504818	0.0	8.61311701929103	0.011774287546210967	1.5422578911002152e-08	0.03811413408166146
59.914912598877066	0.0	8.744992060839383	0.011537010789120434	1.620940959767003e-08	0.03765997992668749
60.34437279270594	0.0	8.879980430284165	0.011348979341387573	2.3823324447221473e-08	0.03729105803790753
60.77383298653483	0.0	9.016784843220158	0.011173115392015294	3.054221087926282e-08	0.036943195280905484
61.2032931803637	0.0	9.153487781300903	0.010997251442642823	3.588994189296872e-08	0.03659533252390364
61.632753374192575	0.0	9.28816886989277	0.01082138749327016	4.041761584019038e-08	0.036247469766902
62.062213568021456	0.0	9.418907734362119	0.010645523543897306	4.437966966054101e-08	0.03589960700990053
62.491673761850315	0.0	9.543784000075284	0.010469659594524257	4.7913222746844995e-08	0.03555174425289928
62.9211339556792	0.0	9.660877292398617	0.010293795645151009	5.111236260690007e-08	0.035203881495898204
63.35059414950808	0.0	9.768267236698442	0.010117931695777575	5.403738558148209e-08	0.034856018738897314
63.78005434333696	0.0	9.864033458341082	0.00994206774640394	5.672799258819222e-08	0.03450815598189663
64.20951453716583	0.0	9.946295117731198	0.009794645395450916	5.652123374568418e-08	0.034285478160852194
64.63897473099472	0.0	10.014134713046653	0.009677080667390375	5.3287415204534716e-08	0.034194217869663444
65.06843492482359	0.0	10.067629089859134	0.009559515939329797	4.982736935634876e-08	0.03410295757847472
65.49789511865247	0.0	10.106900832654404	0.009441951211269199	4.609304656186066e-08	0.034011697287286036
65.92735531248135	0.0	10.13207252591823	0.009324386483208567	4.201135076261639e-08	0.03392043699609737
66.35681550631023	0.0	10.143266754136384	0.009206821755147898	3.746351830122045e-08	0.03382917670490876
66.78627570013911	0.0	10.140606101794644	0.009089257027087206	3.226126417099219e-08	0.033737916413720155
67.21573589396799	0.0	10.124213153378797	0.00897169229902647	2.6004498396999246e-08	0.03364665612253159
67.64519608779686	0.0	10.09421049337463	0.008854127570965719	1.7617809494694755e-08	0.03355539583134306
68.07465628162574	0.0	10.050721593520569	0.008761852658305666	2.5758506997060545e-09	0.033456483271287904
68.50411647545461	0.0	9.994139551514326	0.008789767570904545	2.506063137661876e-09	0.0333212033102318
68.9335766692835	0.0	9.925505083578788	0.008817682483503422	2.4086329863202995e-09	0.0331859233491757
69.36303686311237	0.0	9.84595414463052	0.008845597396102297	2.309499929244295e-09	0.03305064338811962
69.79249705694126	0.0	9.75662268958607	0.00887351230870118	2.2372798936362116e-09	0.032915363427063506
70.22195725077013	0.0	9.658646673362004	0.008901427221300051	2.1050577678814572e-09	0.032780083466007415
70.65141744459902	0.0	9.553162050874862	0.008929342133898932	2.030059002899595e-09	0.03264480350495131
71.08087763842789	0.0	9.441304777041216	0.00895725704649781	1.922265833764952e-09	0.03250952354389522
71.51033783225677	0.0	9.32421080677761	0.008985171959096686	1.8109855232025576e-09	0.03237424358283912
71.93979802608564	0.0	9.203016095000592	0.009013086871695566	1.7304626666074727e-09	0.032238963621783016
72.36925821991451	0.0	9.078746659580654	0.00909352876607743	6.8353593999672735e-09	0.032115684552874
72.7987184137434	0.0	8.951755677887823	0.009182534391248599	9.793078612598673e-09	0.0319943620481172
73.22817860757227	0.0	8.822141877122137	0.009271540016419732	1.1973769779109959e-08	0.03187303954336046
73.65763880140115	0.0	8.690003508068276	0.009360545641590811	1.3740731425715842e-08	0.03175171703860375
74.08709899523004	0.0	8.555438821510924	0.009449551266761867	1.5254148414072953e-08	0.03163039453384708
74.5165591890589	0.0	8.418546068234775	0.009538556891932866	1.6574279399924108e-08	0.03150907202909045
74.94601938288778	0.0	8.279423499024503	0.009627562517103833	1.7748172480191104e-08	0.03138774952433386
75.37547957671666	0.0	8.138169364664815	0.00971656814227476	1.8806656971688715e-08	0.03126642701957731
75.80493977054554	0.0	7.99488191594039	0.009805573767445645	1.97636580866141e-08	0.031145104514820804
76.23439996437442	0.0	7.849662831845395	0.009873776395778295	1.952756434556105e-08	0.03102143801042056
76.6638601582033	0.0	7.702677958284573	0.009924667428746906	1.8322948777046663e-08	0.030895820903725724
77.09332035203218	0.0	7.554150077482197	0.009975558461715545	1.70734982339154e-08	0.030770203797030857
77.52278054586105	0.0	7.404303947271157	0.010026449494684212	1.576503602272768e-08	0.030644586690335963
77.95224073968994	0.0	7.253364325484355	0.010077340527652913	1.4384277318659875e-08	0.030518969583641035
78.38170093351881	0.0	7.101555969954703	0.010128231560621648	1.2910926472579997e-08	0.03039335247694608
78.81116112734769	0.0	6.949103638515097	0.010179122593590415	1.1303939461746444e-08	0.030267735370251087
79.24062132117656	0.0	6.796232088998441	0.010230013626559212	9.494831388952086e-09	0.030142118263556065
79.67008151500544	0.0	6.643166079237641	0.010280904659528039	7.32851818861227e-09	0.030016501156861018
80.09954170883432	0.0	6.490129932255225	0.010327963336706747	5.247584717030662e-09	0.029892377175798474
80.5290019026632	0.0	6.337284448924687	0.010362320152213072	5.623559287260406e-09	0.029773201972010947
80.95846209649207	0.0	6.184660708007783	0.010396676967719393	5.964286614704876e-09	0.02965402676822342
81.38792229032096	0.0	6.0322739574040725	0.010431033783225713	6.27564566325735e-09	0.029534851564435895
81.81738248414983	0.0	5.880139445013131	0.010465390598732022	6.555868875922478e-09	0.029415676360648384
82.24684267797872	0.0	5.728272418734522	0.010499747414238331	6.814967951589213e-09	0.029296501156860874
82.6763028718076	0.0	5.576688126467837	0.010534104229744639	7.060855705136789e-09	0.029177325953073367
83.10576306563647	0.0	5.425401816112659	0.010568461045250945	7.289517041391019e-09	0.02905815074928585
83.53522325946535	0.0	5.274428735568582	0.010602817860757245	7.5026402178428e-09	0.02893897554549835
83.96468345329421	0.0	5.123784132735236	0.010637174676263541	7.701625396437515e-09	0.028819800341710857
84.39414364712309	0.0	4.973482316690686	0.010686311878536959	7.592283964953857e-09	0.02871146408821923
84.82360384095198	0.0	4.823532785868789	0.010736773451311849	7.454829163502683e-09	0.028604099039762017
85.25306403478085	0.0	4.673943502000987	0.010787235024086742	7.32270855912992e-09	0.0284967339913048
85.68252422860974	0.0	4.524722426143331	0.01083769659686163	7.181650872416828e-09	0.02838936894284758
86.11198442243861	0.0	4.375877519351916	0.010888158169636526	7.0506894486782465e-09	0.028282003894390364
86.54144461626748	0.0	4.227416742682853	0.01093861974241142	6.920307457529263e-09	0.028174638845933134
86.97090481009637	0.0	4.0793480571922816	0.010989081315186316	6.7857337778343305e-09	0.02806727379747592
87.40036500392524	0.0	3.9316794239363917	0.011039542887961213	6.656504824863262e-09	0.027959908749018693
87.82982519775413	0.0	3.784418803971407	0.01109000446073611	6.523071029646375e-09	0.027852543700561467
88.259285391583	0.0	3.6375912300798743	0.011172876707458868	6.251951099180617e-09	0.027757494708204454
88.68874558541188	0.0	3.491473425886564	0.011277020804462353	5.88816649314994e-09	0.027670529018954122
89.11820577924075	0.0	3.346533965539922	0.011381164901465839	5.510846089767972e-09	0.02758356332970379
89.54766597306964	0.0	3.203246249652228	0.011485308998469336	5.122675691242626e-09	0.027496597640453455
89.97712616689853	0.0	3.0620836788357724	0.01158945309547284	4.726552959687425e-09	0.027409631951203103
90.40658636072739	0.0	2.923519653702845	0.011693597192476339	4.3069147568312606e-09	0.02732266626195276
90.83604655455626	0.0	2.7880275748656933	0.011797741289479845	3.863087614900774e-09	0.027235700572702408
91.26550674838515	0.0	2.6560808429365412	0.011901885386483369	3.4003548053126118e-09	0.02714873488345204
91.69496694221402	0.0	2.52815285852756	0.012006029483486887	2.8730562881876037e-09	0.027061769194201675
92.1244271360429	0.0	2.404714459712124	0.012134436872018976	5.127082528794306e-09	0.026982269133113683
92.55388732987177	0.0	2.2860206925790876	0.012322325706819721	9.655366398668544e-09	0.026921071055492456
92.98334752370064	0.0	2.1719505256405998	0.012510214541620308	1.2473624065797985e-08	0.026859872977871384
93.41280771752953	0.0	2.062345173159392	0.012698103376420742	1.4611674017356932e-08	0.026798674900250473
93.8422679113584	0.0	1.9570458493982683	0.01288599221122101	1.634239004129964e-08	0.026737476822629717
94.27172810518728	0.0	1.855893768620099	0.013073881046021122	1.778841849512589e-08	0.026676278745009125
94.70118829901617	0.0	1.7587301450878452	0.013261769880821079	1.9016893455739675e-08	0.02661508066738869
95.13064849284504	0.0	1.6653961930645809	0.013449658715620877	2.0073718012394012e-08	0.026553882589768412
95.56010868667391	0.0	1.5757331268134969	0.013637547550420508	2.098395971591734e-08	0.0264926845121483
95.9895688805028	0.0	1.4895821605979376	0.013825436385219991	2.177136441339173e-08	0.026431486434528337
96.41902907433169	0.0	1.4068267828309724	0.013777621365708502	2.1143539732489098e-08	0.026355622339306158
96.84848926816056	0.0	1.3275323645987231	0.01372393884147987	2.0465720754201124e-08	0.02627939315490156
97.27794946198944	0.0	1.2518131822278913	0.013670256317251243	1.976957173906362e-08	0.026203163970496948
97.70740965581831	0.0	1.1797835126971272	0.013616573793022625	1.9053070093092624e-08	0.026126934786092335
98.13686984964718	0.0	1.1115576329848016	0.013562891268794015	1.8314758469828706e-08	0.026050705601687707
98.56633004347607	0.0	1.0472498200688778	0.013509208744565413	1.7549893643389187e-08	0.025974476417283076
98.99579023730494	0.0	0.9869743509267712	0.013455526220336814	1.6755861199021462e-08	0.025898247232878435
99.42525043113383	0.0	0.9308455025351555	0.013401843696108227	1.5928283522394577e-08	0.02582201804847379
99.8547106249627	0.0	0.8789775518697753	0.013348161171879645	1.5061615003804686e-08	0.025745788864069134
100.28417081879158	0.0	0.8314755099495547	0.013163760071007004	1.4406359340914878e-08	0.025630486192080575
100.71363101262047	0.0	0.7883347033660096	0.01291252585761721	1.3837956629675563e-08	0.025495206231024366
101.14309120644933	0.0	0.7494787488816086	0.012661291644227399	1.3218648407490739e-08	0.025359926269968205
101.57255140027821	0.0	0.7148300248796181	0.012410057430837543	1.2539036494679914e-08	0.025224646308912062
102.0020115941071	0.0	0.6843109097425446	0.012158823217447661	1.1791329918387018e-08	0.025089366347855947
102.43147178793596	0.0	0.6578437818522908	0.01190758900405776	1.0956057202987562e-08	0.02495408638679987
102.86093198176486	0.0	0.6353510195904097	0.011656354790667811	1.0020217645915912e-08	0.024818806425743807
103.29039217559374	0.0	0.616755001338468	0.011405120577277847	8.941161129536911e-09	0.02468352646468779
103.7198523694226	0.0	0.6019781054784485	0.011153886363887863	7.662858856952667e-09	0.0245482465036318
104.14931256325148	0.0	0.5909434778872046	0.010945616840573498	6.727068145155238e-09	0.024399155130475022
104.57877275708036	0.0	0.5836158947403522	0.010817959797957868	6.888369260844307e-09	0.02422415010148975
105.00823295090923	0.0	0.5800222387389867	0.010690302755342239	7.046354228107465e-09	0.024049145072504476
105.43769314473812	0.0	0.5801944618721425	0.010562645712726606	7.195730159734998e-09	0.023874140043519208
105.867153338567	0.0	0.584164516130972	0.010434988670110975	7.34241556120394e-09	0.023699135014533936
106.29661353239587	0.0	0.5919643535087954	0.01030733162749534	7.481342587560961e-09	0.02352412998554867
106.72607372622474	0.0	0.603625926000944	0.010179674584879705	7.615532023546972e-09	0.02334912495656341
107.15553392005363	0.0	0.6191811856044249	0.010052017542264063	7.745242262474125e-09	0.02317411992757814
107.58499411388252	0.0	0.6386620843174562	0.00992436049964842	7.870706714396632e-09	0.022999114898592878
108.01445430771139	0.0	0.6621005691861659	0.009799666590113621	7.990518788471034e-09	0.02282443509153112
108.44391450154025	0.0	0.6893851389273462	0.009760048887232918	7.99467271747129e-09	0.022659092916907
108.87337469536914	0.0	0.7198855399065194	0.00972043118435221	7.99869689248022e-09	0.022493750742282874
109.30283488919801	0.0	0.7528542934861162	0.009680813481471498	7.995844111874723e-09	0.02232840856765875
109.7322950830269	0.0	0.7875439210255148	0.009641195778590787	7.995132456831266e-09	0.022163066393034624
110.16175527685579	0.0	0.8232069438814815	0.009601578075710077	7.99207816165913e-09	0.021997724218410494
110.59121547068466	0.0	0.8590958834087236	0.009561960372829357	7.982538987025086e-09	0.021832382043786385
111.02067566451353	0.0	0.8944632609604305	0.009522342669948643	7.97501331163257e-09	0.021667039869162272
111.4501358583424	0.0	0.9285615978887425	0.009482724967067922	7.963258193044906e-09	0.021501697694538163
111.87959605217128	0.0	0.9606434155451407	0.009443107264187203	7.94940429687527e-09	0.021336355519914054
112.30905624600017	0.0	0.9901110190419286	0.00941500190647009	9.31946468795757e-09	0.021225870828954867
112.73851643982904	0.0	1.0178113514537652	0.00939138159580961	1.0917360752822247e-08	0.021136757838735264
113.16797663365793	0.0	1.0453994934747397	0.0093677612851491	1.227965236564428e-08	0.02104764484851569
113.5974368274868	0.0	1.0745393825498033	0.009344140974488551	1.3475979294722923e-08	0.02095853185829616
114.02689702131568	0.0	1.1068949561255188	0.00932052066382798	1.455169846941907e-08	0.020869418868076656
114.45635721514455	0.0	1.1441301516500182	0.00929690035316737	1.5529196432025266e-08	0.020780305877857185
114.88581740897342	0.0	1.1879089065730581	0.009273280042506734	1.6427999406359543e-08	0.02069119288763774
115.3152776028023	0.0	1.2398951583460747	0.009249659731846065	1.7259727470243568e-08	0.02060207989741833
115.74473779663117	0.0	1.3017528444221567	0.009226039421185364	1.803305159174112e-08	0.020512966907198955
116.17419799046004	0.0	1.3750883306616117	0.009257204378524396	1.839974961680767e-08	0.020529679196184005
116.60365818428893	0.0	1.4593424607365775	0.009368649298823025	1.8224107377154386e-08	0.020701463273715522
117.0331183781178	0.0	1.5511842677181635	0.009480094219121644	1.8041336690093585e-08	0.020873247351247046
117.4625785719467	0.0	1.647101634657648	0.00959153913942026	1.7851170643263604e-08	0.021045031428778584
117.89203876577555	0.0	1.7435824446028039	0.009702984059718856	1.765332174868971e-08	0.02121681550631012
118.32149895960444	0.0	1.8371145805990874	0.009814428980017451	1.744747957754247e-08	0.021388599583841674
118.75095915343331	0.0	1.924185925690553	0.009925873900316028	1.723243596452823e-08	0.02156038366137324
119.18041934726222	0.0	2.0012843629206167	0.010037318820614611	1.7010442163414526e-08	0.02173216773890482
119.60987954109108	0.0	2.064897775332551	0.010148763740913168	1.6777570120369832e-08	0.021903951816436396
120.03933973491996	0.0	2.111514854218788	0.010242053373546162	1.6482539598526214e-08	0.022050165066270014
120.46879992874884	0.0	2.138988828963693	0.010155302414392697	1.5626696945072707e-08	0.021942800017812826
120.89826012257774	0.0	2.1493285127670743	0.010068551455239235	1.4728579151453072e-08	0.021835434969355624
121.32772031640661	0.0	2.145330937989358	0.009981800496085786	1.377766990266979e-08	0.021728069920898423
121.75718051023549	0.0	2.129793136991656	0.009895049536932345	1.2763363777861202e-08	0.02162070487244121
122.18664070406436	0.0	2.1055121421353897	0.009808298577778915	1.1671726592595679e-08	0.02151333982398399
122.61610089789323	0.0	2.0752849857820235	0.00972154761862549	1.047277611670473e-08	0.021405974775526766
123.0455610917221	0.0	2.041908700292858	0.009634796659472073	9.129279713464166e-09	0.021298609727069533
123.47502128555098	0.0	2.008180318028864	0.009548045700318662	7.560576543654804e-09	0.021191244678612293
123.90448147937985	0.0	1.976896871350589	0.00946129474116526	5.5825241869527925e-09	0.021083879630155046
124.33394167320874	0.0	1.9505764172946538	0.009375879548704672	5.645733114491677e-09	0.020985697977711052
124.76340186703763	0.0	1.9295200809323205	0.009290846430326558	6.336528650093926e-09	0.02089014308458412
125.1928620608665	0.0	1.9129712269838588	0.009205813311948443	6.956918235041118e-09	0.020794588191457193
125.62232225469536	0.0	1.900166691620263	0.009120780193570328	7.524339940299822e-09	0.02069903329833027
126.05178244852424	0.0	1.8903433110126402	0.009035747075192214	8.051850062659597e-09	0.020603478405203345
126.48124264235312	0.0	1.8827379213321824	0.008950713956814094	8.543363944549265e-09	0.02050792351207642
126.910702836182	0.0	1.8765873587501423	0.008865680838435976	9.006432882074345e-09	0.020412368618949493
127.34016303001088	0.0	1.8711284594378113	0.008780647720057853	9.445243665082024e-09	0.02031681372582257
127.76962322383976	0.0	1.865598059566512	0.00869561460167973	9.863036679429645e-09	0.02022125883269565
128.19908341766862	0.0	1.8592493478514527	0.008611576900389956	9.93418394363024e-09	0.020128192482289593
128.62854361149752	0.0	1.8517847224164177	0.008528691082980974	9.613303874166472e-09	0.020038005841585525
129.0580038053264	0.0	1.8434005980041699	0.008445805265572	9.283763253518172e-09	0.019947819200881463
129.48746399915527	0.0	1.8343187287470866	0.00836291944816303	8.942957667890937e-09	0.0198576325601774
129.91692419298414	0.0	1.8247608687775356	0.008280033630754056	8.58783969138808e-09	0.01976744591947334
130.34638438681304	0.0	1.8149487722278717	0.008197147813345077	8.218340290882662e-09	0.019677259278769267
130.7758445806419	0.0	1.8051041932304395	0.008114261995936109	7.832423425949304e-09	0.019587072638065212
131.2053047744708	0.0	1.7954488859175666	0.008031376178527134	7.427529500661597e-09	0.019496885997361137
131.63476496829966	0.0	1.7862046044215676	0.007948490361118164	7.002447281750475e-09	0.01940669935665707
132.06422516212854	0.0	1.777592970291509	0.007867659748897306	6.684559960666319e-09	0.019317476093384935
132.4936853559574	0.0	1.769775917772119	0.007798516657690862	7.109905382729792e-09	0.0192337313555883
132.92314554978628	0.0	1.7627617397469748	0.00772937356648442	7.511107992746155e-09	0.019149986617791666
133.3526057436152	0.0	1.7565343459246747	0.0076602304752779685	7.888179119469e-09	0.019066241879995026
133.78206593744406	0.0	1.7510776460138215	0.007591087384071519	8.246194768670424e-09	0.018982497142198393
134.21152613127293	0.0	1.7463755497230187	0.007521944292865072	8.587541954430528e-09	0.018898752404401763
134.6409863251018	0.0	1.7424119667608753	0.007452801201658622	8.915746755250818e-09	0.018815007666605134
135.07044651893068	0.0	1.739170806836003	0.007383658110452172	9.230653480176306e-09	0.018731262928808508
135.49990671275958	0.0	1.7366359796570172	0.007314515019245713	9.53208724704295e-09	0.018647518191011875
135.92936690658846	0.0	1.7347913949325353	0.007245371928039261	9.82419873342606e-09	0.01856377345321525
136.35882710041733	0.0	1.7336166564279254	0.0071918378157009525	9.50339427480003e-09	0.01848541112192489
136.7882872942462	0.0	1.7330629390123733	0.007141376242926049	9.047245691548534e-09	0.018408108287035704
137.21774748807508	0.0	1.7330698924924315	0.007090914670151147	8.571364286020896e-09	0.018330805452146517
137.64720768190395	0.0	1.7335771338320771	0.007040453097376248	8.072243960023825e-09	0.018253502617257323
138.07666787573282	0.0	1.734524279995286	0.006989991524601357	7.547097206828031e-09	0.018176199782368126
138.5061280695617	0.0	1.7358509479460356	0.006939529951826468	6.988034215017499e-09	0.018098896947478925
138.93558826339057	0.0	1.737496754648303	0.006889068379051583	6.386132458644706e-09	0.01802159411258972
139.36504845721947	0.0	1.7394013170660676	0.006838606806276694	5.725488125834301e-09	0.01794429127770051
139.79450865104835	0.0	1.741504252163305	0.006788145233501813	4.985537050046665e-09	0.017866988442811302
140.22396884487722	0.0	1.743748018365705	0.0067420510532020415	4.859935850839852e-09	0.01779304514059525
140.65342903870612	0.0	1.7461342708026977	0.006699963954206814	5.324643746370831e-09	0.017722184208613476
141.08288923253497	0.0	1.7487206302969156	0.0066578768552115935	5.749887278241185e-09	0.017651323276631707
141.51234942636387	0.0	1.7515669122923827	0.006615789756216367	6.143848321977442e-09	0.017580462344649935
141.9418096201927	0.0	1.7547329322331224	0.006573702657221139	6.5060703074327296e-09	0.01750960141266818
142.37126981402162	0.0	1.758278505563162	0.006531615558225908	6.849389768971357e-09	0.017438740480686405
142.8007300078505	0.0	1.7622634477265293	0.006489528459230673	7.169149041467513e-09	0.017367879548704647
143.23019020167936	0.0	1.7667475741672565	0.006447441360235438	7.47369190336422e-09	0.01729701861672289
143.65965039550827	0.0	1.7717907003293774	0.0064053542612402	7.764795004015978e-09	0.017226157684741127
144.08911058933714	0.0	1.7774524601117025	0.006365093929326369	7.889519014271304e-09	0.017156856188072778
144.518570783166	0.0	1.7837574351852303	0.006331810764304617	7.423557577502041e-09	0.017093510809483032
144.9480309769949	0.0	1.7906536243792726	0.006298527599282869	6.930010848881182e-09	0.017030165430893283
145.37749117082373	0.0	1.798078911365898	0.006265244434261126	6.406481885668596e-09	0.016966820052303534
145.80695136465263	0.0	1.8059711798171734	0.006231961269239384	5.842692246491827e-09	0.016903474673713774
146.2364115584815	0.0	1.814268313405163	0.006198678104217647	5.225596627372611e-09	0.016840129295124014
146.6658717523104	0.0	1.8229081958019282	0.006165394939195908	4.53068559847879e-09	0.016776783916534248
147.09533194613928	0.0	1.831828710679526	0.00613211177417418	3.7212413354232796e-09	0.016713438537944485
147.52479213996816	0.0	1.8409677417100114	0.00609882860915245	2.6866806696287687e-09	0.016650093159354715
147.95425233379703	0.0	1.8502631725654353	0.006065545444130728	8.295918964185139e-10	0.01658674778076494
148.3837125276259	0.0	1.8596640782847795	0.006033605272955687	1.0606318175594587e-09	0.0165281988087705
148.81317272145478	0.0	1.8691812841339925	0.006001825218612349	1.5283959962090902e-09	0.016470221682603606
149.24263291528368	0.0	1.8788467972045226	0.005970045164269015	1.89296660413097e-09	0.016412244556436698
149.67209310911255	0.0	1.8886926435536555	0.005938265109925676	2.184005741970362e-09	0.016354267430269798
150.10155330294143	0.0	1.89875084923868	0.00590648505558234	2.4430209614476813e-09	0.0162962903041029
150.53101349677033	0.0	1.909053440316888	0.005874705001239001	2.6748025285865744e-09	0.016238313177936
150.9604736905992	0.0	1.91963244284557	0.005842924946895664	2.8859277811004317e-09	0.016180336051769103
151.38993388442805	0.0	1.9305198828820211	0.005811144892552327	3.0806541222022582e-09	0.01612235892560221
151.81939407825695	0.0	1.941747786483539	0.005779364838208987	3.26192691301679e-09	0.01606438179943531
152.24885427208582	0.0	1.9533459508182187	0.00574982447231442	3.2394968283367242e-09	0.016009515351669487
152.6783144659147	0.0	1.965307950184501	0.005721909559715542	3.0730586274636587e-09	0.01595690647792545
153.10777465974354	0.0	1.9775979284119156	0.005693994647116666	2.894763090456896e-09	0.01590429760418142
153.53723485357244	0.0	1.9901791773112723	0.005666079734517785	2.7065787842383886e-09	0.01585168873043738
153.9666950474013	0.0	2.003014988693374	0.00563816482191891	2.506272067878613e-09	0.01579907985669335
154.3961552412302	0.0	2.016068654369028	0.005610249909320031	2.295631507171246e-09	0.015746470982949307
154.82561543505906	0.0	2.0293034661490315	0.005582334996721155	2.060429061015731e-09	0.01569386210920527
155.25507562888794	0.0	2.042682715844184	0.0055544200841222795	1.7973926796894688e-09	0.015641253235461235
155.6845358227168	0.0	2.0561696952652815	0.005526505171523405	1.4993755802801433e-09	0.015588644361717191
156.1139960165457	0.0	2.0697278319784753	0.005499160239007265	2.494106645515794e-09	0.015537745428221327
156.5434562103746	0.0	2.0833347194766256	0.00547339262737756	4.880879081499388e-09	0.015491578457384695
156.97291640420346	0.0	2.0969943245664537	0.005447625015747847	6.4233807318036706e-09	0.015445411486548074
157.40237659803233	0.0	2.110713491042993	0.005421857404118129	7.653496226259034e-09	0.015399244515711456
157.83183679186124	0.0	2.1244990627012794	0.005396089792488404	8.704694198086416e-09	0.015353077544874838
158.2612969856901	0.0	2.1383578833363486	0.005370322180858669	9.63230537162986e-09	0.015306910574038235
158.69075717951898	0.0	2.152296796743236	0.005344554569228932	1.0473449073147652e-08	0.01526074360320164
159.12021737334783	0.0	2.166322646716977	0.005318786957599184	1.124366979360511e-08	0.015214576632365055
159.5496775671767	0.0	2.1804422770526117	0.00529301934596943	1.1959438598767723e-08	0.015168409661528473
159.9791377610056	0.0	2.1946625315451764	0.0052672517343396634	1.2628315744585722e-08	0.015122242690691897
160.40859795483448	0.0	2.208986832740872	0.005245161504303417	1.2028058310936349e-08	0.015080161699403662
160.83805814866335	0.0	2.2234027680314714	0.00522325903441812	1.1328890585703593e-08	0.015038289330505371
161.26751834249222	0.0	2.2378933466158935	0.005201356564532834	1.059174846132319e-08	0.01499641696160707
161.69697853632113	0.0	2.252441577237673	0.005179454094647551	9.804781743469601e-09	0.014954544592708762
162.12643873014997	0.0	2.267030468640339	0.005157551624762281	8.957216142377902e-09	0.01491267222381045
162.55589892397887	0.0	2.2816430295674293	0.00513564915487701	8.02722404713207e-09	0.01487079985491213
162.98535911780775	0.0	2.2962622687624705	0.00511374668499175	6.9849369137272425e-09	0.014828927486013799
163.41481931163662	0.0	2.3108711949689944	0.0050918442151064915	5.764330924298554e-09	0.01478705511711547
163.8442795054655	0.0	2.325452816930531	0.005069941745221245	4.223043436625246e-09	0.01474518274821713
164.27373969929437	0.0	2.3399910908467674	0.005050366062779986	3.59964306468033e-09	0.01470536342706351
164.70319989312324	0.0	2.354482244446737	0.005032114004542262	3.749262938629757e-09	0.014666712009618907
165.13266008695211	0.0	2.368931063638184	0.005013861946304535	3.886620267607027e-09	0.014628060592174308
165.56212028078102	0.0	2.383342508743551	0.00499560988806681	4.0232158336721305e-09	0.014589409174729702
165.9915804746099	0.0	2.397721540085283	0.004977357829829081	4.149268090307646e-09	0.014550757757285105
166.42104066843876	0.0	2.412073117985823	0.004959105771591357	4.275266434084012e-09	0.014512106339840505
166.85050086226767	0.0	2.426402202767619	0.004940853713353629	4.394277776036699e-09	0.014473454922395905
167.2799610560965	0.0	2.440713754753114	0.004922601655115903	4.509116192115867e-09	0.01443480350495131
167.7094212499254	0.0	2.4550127342647547	0.0049043495968781724	4.620096163240694e-09	0.01439615208750671
168.1388814437543	0.0	2.4693038311214037	0.004887347471634232	4.616711025932984e-09	0.014358889484499655
168.56834163758316	0.0	2.483574278904375	0.004872960555140959	4.370562232823175e-09	0.014324532668993351
168.99780183141206	0.0	2.4977835244789865	0.004858573638647692	4.116700123325536e-09	0.01429017585348704
169.4272620252409	0.0	2.5118885371064583	0.00484418672215442	3.84074697071608e-09	0.014255819037980736
169.8567222190698	0.0	2.5258462860480146	0.004829799805661154	3.554204754737119e-09	0.014221462222474423
170.28618241289868	0.0	2.5396137405648718	0.004815412889167886	3.2391367366390427e-09	0.014187105406968116
170.71564260672756	0.0	2.5531478699182504	0.004801025972674619	2.8963670815288083e-09	0.014152748591461803
171.14510280055643	0.0	2.5664056433693667	0.004786639056181354	2.5106844615193685e-09	0.014118391775955492
171.5745629943853	0.0	2.579344030179438	0.004772252139688089	2.0534068596726614e-09	0.014084034960449179
172.0040231882142	0.0	2.591919999617529	0.004757888356527058	1.504048714258058e-09	0.014049708318854468
172.43348338204308	0.0	2.6041003388261625	0.004745970836148319	3.0335086196888674e-09	0.014018572454801861
172.86294357587195	0.0	2.615890018233145	0.004734053315769576	4.0081966269218975e-09	0.013987436590749261
173.29240376970085	0.0	2.6273032895329256	0.00472213579539083	4.784437551717788e-09	0.01395630072669666
173.7218639635297	0.0	2.638354404419952	0.004710218275012085	5.4477265385699305e-09	0.013925164862644062
174.15132415735857	0.0	2.6490576145886755	0.004698300754633333	6.032302716528328e-09	0.01389402899859147
174.58078435118745	0.0	2.659427171733547	0.00468638323425458	6.560701972518129e-09	0.01386289313453888
175.01024454501632	0.0	2.6694773275490165	0.0046744657138758205	7.044266229090771e-09	0.013831757270486295
175.4397047388452	0.0	2.6792223337295367	0.004662548193497059	7.494184531373616e-09	0.013800621406433709
175.8691649326741	0.0	2.6886764419695606	0.004650630673118294	7.915026009427159e-09	0.013769485542381128
176.29862512650294	0.0	2.697846737728246	0.004638041246204904	7.869896729486928e-09	0.013739842803961058
176.72808532033184	0.0	2.70666510888776	0.004625157440390032	7.622685181560103e-09	0.013710854240877614
177.15754551416072	0.0	2.715018521164093	0.004612273634575163	7.370184290142056e-09	0.013681865677794168
177.5870057079896	0.0	2.7227933375963826	0.004599389828760296	7.110532560380003e-09	0.013652877114710717
178.0164659018185	0.0	2.729875921223768	0.0045865060229454266	6.840260334812783e-09	0.013623888551627272
178.44592609564737	0.0	2.7361526350853853	0.004573622217130563	6.5635877157345735e-09	0.013594899988543819
178.87538628947624	0.0	2.7415098422203705	0.0045607384113156985	6.275329949995408e-09	0.013565911425460368
179.3048464833051	0.0	2.7458339056678613	0.004547854605500834	5.975322212884678e-09	0.013536922862376915
179.734306677134	0.0	2.7490111884669934	0.004534970799685975	5.663269554393475e-09	0.013507934299293459
180.16376687096286	0.0	2.7509340111623244	0.004521677576693707	5.561480252960046e-09	0.013479355153387412
180.59322706479173	0.0	2.7517540355295202	0.004507720120394271	5.809183744212195e-09	0.013451440240788535
181.0226872586206	0.0	2.751976807688972	0.004493762664094837	6.048186683685808e-09	0.013423525328189653
181.4521474524495	0.0	2.7521333144116578	0.004479805207795398	6.275241864506396e-09	0.013395610415590774
181.88160764627838	0.0	2.7527545424685576	0.004465847751495959	6.492974269688259e-09	0.013367695502991897
182.31106784010728	0.0	2.7543714786306492	0.004451890295196522	6.703604145123837e-09	0.013339780590393016
182.74052803393616	0.0	2.7575151096689163	0.004437932838897084	6.906506632712235e-09	0.013311865677794143
183.16998822776503	0.0	2.762716422354345	0.004423975382597643	7.101119885917161e-09	0.013283950765195267
183.59944842159388	0.0	2.7705064034579343	0.004410017926298199	7.28812222315273e-09	0.013256035852596399
184.02890861542278	0.0	2.7814159665432006	0.004393285242918618	8.695523843489295e-09	0.013213666632285685
184.45836880925162	0.0	2.7956844954349176	0.004338099608017504	1.8942950734625826e-08	0.012971021622766494
184.88782900308053	0.0	2.8125976106747106	0.004282913973114943	2.484996289867061e-08	0.012728376613248714
185.3172891969094	0.0	2.8312461955481973	0.004227728338210944	2.9197229688287138e-08	0.012485731603732389
185.74674939073827	0.0	2.850721133340975	0.004172542703305504	3.2626957331563815e-08	0.012243086594217504
186.17620958456712	0.0	2.870113307338609	0.0041173570683986265	3.541823388829437e-08	0.01200044158470408
186.60566977839602	0.0	2.8885136008266397	0.0040621714334903025	3.772400401144782e-08	0.011757796575192056
187.0351299722249	0.0	2.905012897090573	0.004006985798580538	3.963882845321144e-08	0.0115151515656815
187.46459016605377	0.0	2.9187020794159	0.003951800163669335	4.1227536130609583e-08	0.011272506556172377
187.89405035988267	0.0	2.9286720310881007	0.0038966145287566882	4.2536062785884366e-08	0.01102986154666468
188.32351055371151	0.0	2.9340824430052113	0.0038864777384488573	4.04405403489912e-08	0.010867932420307558
188.75297074754042	0.0	2.93468534744817	0.0038910944355287796	3.724248775260397e-08	0.01073243772915828
189.1824309413693	0.0	2.930535019474668	0.0038957111326097995	3.398176373782965e-08	0.01059694303800791
189.6118911351982	0.0	2.9216881511031207	0.0039003278296919183	3.0630830077873235e-08	0.010461448346856432
190.04135132902707	0.0	2.908201434351972	0.003904944526775136	2.7147980250577442e-08	0.010325953655703867
190.4708115228559	0.0	2.890131561239689	0.003909561223859452	2.3464337465164143e-08	0.010190458964550212
190.9002717166848	0.0	2.867535223784765	0.003914177920944864	1.9454627784453523e-08	0.010054964273395438
191.32973191051371	0.0	2.8404691140057254	0.003918794618031377	1.4841610077481819e-08	0.00991946958223957
191.75919210434256	0.0	2.808989923921129	0.003923411315118986	8.688268205397578e-09	0.009783974891082618
192.18865229817146	0.0	2.773184841732235	0.003912888665277086	9.468082479802663e-10	0.009689181933257397
192.6181124920003	0.0	2.734091730060816	0.0038830411818059863	1.708988303805108e-09	0.009646343278922961
193.0475726858292	0.0	2.693862489155303	0.0038531936983348825	2.2212430267500708e-09	0.009603504624588524
193.47703287965805	0.0	2.6547124458517373	0.0038233462148637818	2.6322875900868106e-09	0.009560665970254092
193.90649307348696	0.0	2.618856926985961	0.0037934987313926736	2.9830318898362655e-09	0.009517827315919658
194.33595326731583	0.0	2.5885112593936612	0.0037636512479215663	3.295025252329096e-09	0.009474988661585228
194.7654134611447	0.0	2.565890769910387	0.0037338037644504577	3.5763972707207616e-09	0.009432150007250801
195.19487365497358	0.0	2.55321078537164	0.003703956280979348	3.835788356027595e-09	0.009389311352916374
195.62433384880245	0.0	2.552686632612996	0.003674108797508236	4.075638685469392e-09	0.009346472698581947
196.05379404263135	0.0	2.566531426259732	0.0036455389225468655	9.488792001390793e-09	0.009323403354917293
196.4832542364602	0.0	2.595363327167207	0.0036258911186599282	2.634345540544999e-08	0.009438391321834235
196.9127144302891	0.0	2.6353973366916787	0.0036062433147777658	3.6799609507131195e-08	0.009553379288746415
197.34217462411797	0.0	2.6820950484052606	0.003586595510900386	4.552682586930018e-08	0.009668367255653804
197.77163481794685	0.0	2.730918055879694	0.003566947707027784	5.3397730588300115e-08	0.009783355222556418
198.20109501177575	0.0	2.7773279526862784	0.00354729990315996	6.076218776499873e-08	0.009898343189454255
198.63055520560462	0.0	2.816786332395915	0.0035276520992969175	6.77997107613544e-08	0.010013331156347309
199.06001539943347	0.0	2.8447547885792637	0.0035080042954386526	7.46156273990677e-08	0.010128319123235576
199.48947559326237	0.0	2.856694914806933	0.0034883564915851647	8.127770209262701e-08	0.010243307090119082
199.91893578709124	0.0	2.848068304649727	0.00346870868773646	8.783206213474031e-08	0.010358295056997795
200.34839598092015	0.0	2.815148967726585	0.003450106071797305	8.360337741498156e-08	0.01024377717147858
200.777856174749	0.0	2.760003093158004	0.003431746648493315	7.68092332663206e-08	0.010075858235709311
201.20731636857786	0.0	2.687212215072339	0.0034133872251946432	6.99033594755934e-08	0.009907939299934708
201.63677656240677	0.0	2.601368101625938	0.0033950278019012955	6.28302391620042e-08	0.00974002036415477
202.06623675623564	0.0	2.5070625209749897	0.0033766683786132716	5.550431012107394e-08	0.00957210142836952
202.4956969500645	0.0	2.4088872412751767	0.0033583089553305694	4.77845163420605e-08	0.009404182492578949
202.9251571438934	0.0	2.3114340306813577	0.0033399495320531897	3.940986910669558e-08	0.009236263556783055
203.35461733772226	0.0	2.219294657347204	0.003321590108781134	2.979411821949942e-08	0.009068344620981834
203.78407753155116	0.0	2.137060889424907	0.0033032306855143964	1.6870238141390453e-08	0.008900425685175288
204.21353772538004	0.0	2.069185210183577	0.003294213537725382	2.0990607659555458e-09	0.00880249373886971
204.64299791920888	0.0	2.0168743954870854	0.0032946429979192125	2.1853029634129946e-09	0.008775330381610035
205.07245811303778	0.0	1.978065920089787	0.0032950724581130445	2.269396826753903e-09	0.008748167024350353
205.50191830686666	0.0	1.9505532550466318	0.0032955019183068734	2.3459354945686375e-09	0.008721003667090676
205.93137850069553	0.0	1.9321298714132826	0.003295931378500704	2.4210834826231525e-09	0.008693840309830999
206.3608386945244	0.0	1.920589240245949	0.003296360838694533	2.4910465983355188e-09	0.008666676952571322
206.79029888835328	0.0	1.9137248326012022	0.0032967902988883606	2.557541230206587e-09	0.008639513595311647
207.21975908218215	0.0	1.9093301195358214	0.0032972197590821874	2.6208435856869635e-09	0.008612350238051973
207.64921927601105	0.0	1.905198572106687	0.0032976492192760137	2.6811916991874035e-09	0.008585186880792297
208.07867946983993	0.0	1.899126117465582	0.0032971935354341483	2.8672683149656755e-09	0.008557610456315957
208.50813966366883	0.0	1.8895604807011999	0.0032927915684474326	3.5192673462590984e-09	0.008528192433038649
208.9375998574977	0.0	1.8764739970713482	0.003288389601460709	4.058170216155745e-09	0.008498774409761347
209.36706005132658	0.0	1.8600566565181456	0.0032839876344739776	4.524634488150571e-09	0.008469356386484054
209.79652024515545	0.0	1.8404984489837555	0.0032795856674872398	4.939883793423074e-09	0.008439938363206768
210.2259804389843	0.0	1.8179893644103846	0.0032751837005004936	5.314870421205324e-09	0.008410520339929494
210.6554406328132	0.0	1.7927193927402687	0.0032707817335137375	5.657672404708513e-09	0.008381102316652221
211.0849008266421	0.0	1.7648785239156901	0.003266379766526977	5.975817920760667e-09	0.008351684293374956
211.51436102047097	0.0	1.7346567478789627	0.0032619777995402076	6.270798998323291e-09	0.008322266270097705
211.94382121429982	0.0	1.7022440545724329	0.00325757583255343	6.546678278071558e-09	0.008292848246820458
212.37328140812872	0.0	1.6679643391418761	0.0032436551896593852	6.376778482845966e-09	0.008262963621783035
212.8027416019576	0.0	1.6329376043968302	0.003228301987729992	6.135202842589319e-09	0.008233008773263483
213.23220179578647	0.0	1.5985768962075362	0.003212948785800603	5.887003617972323e-09	0.008203053924743926
213.66166198961537	0.0	1.566295716906614	0.0031975955838712154	5.63030762060587e-09	0.008173099076224362
214.09112218344424	0.0	1.5375075688262199	0.003182242381941832	5.364400254982631e-09	0.008143144227704801
214.5205823772731	0.0	1.5136259542980735	0.0031668891800124546	5.088357336684037e-09	0.008113189379185235
214.950042571102	0.0	1.4960643756535905	0.0031515359780830755	4.798718048617508e-09	0.008083234530665664
215.37950276493086	0.0	1.4862363352241221	0.0031361827761537016	4.4946511447790894e-09	0.008053279682146093
215.8089629587597	0.0	1.4855553353412765	0.0031208295742243333	4.17297547203913e-09	0.008023324833626517
216.2384231525886	0.0	1.4953248580437921	0.0031346832084870875	4.096954178005772e-09	0.008166167164945514
216.66788334641748	0.0	1.5148700596956362	0.003171938880301779	4.223856608797981e-09	0.008447463591903388
217.09734354024636	0.0	1.5418031685449218	0.0032091945521164626	4.344372972652478e-09	0.008728760018861274
217.52680373407523	0.0	1.5736798175520033	0.003246450223931134	4.456069358866801e-09	0.009010056445819169
217.95626392790413	0.0	1.6080556396765555	0.003283705895745798	4.5594189846616594e-09	0.009291352872777091
218.385724121733	0.0	1.6424862678774181	0.0033209615675604486	4.654142543563176e-09	0.00957264929973501
218.8151843155619	0.0	1.6745273351126555	0.0033582172393750906	4.739936961149731e-09	0.009853945726692955
219.24464450939075	0.0	1.7017344743397136	0.003395472911189717	4.816472201477507e-09	0.010135242153650874
219.67410470321963	0.0	1.7216633185156869	0.0034327285830043374	4.884496207093815e-09	0.010416538580608821
220.1035648970485	0.0	1.7318788355008006	0.0034596536563383856	5.701952088515882e-09	0.010626116316360667
220.53302509087737	0.0	1.7311813213060336	0.003454070673818663	8.152977850881573e-09	0.01061001155909203
220.96248528470622	0.0	1.7208293869724725	0.0034484876912989288	1.0012051507565295e-08	0.010593906801823408
221.39194547853512	0.0	1.7023725185197898	0.00344290470877918	1.1567699786818518e-08	0.010577802044554796
221.821405672364	0.0	1.677360201967918	0.0034373217262594177	1.2929926474171787e-08	0.010561697287286202
222.2508658661929	0.0	1.647341923336839	0.0034317387437396403	1.4154701624752916e-08	0.010545592530017616
222.68032606002177	0.0	1.6138671686464348	0.0034261557612198503	1.527513857940102e-08	0.01052948777274905
223.10978625385061	0.0	1.5784854239163169	0.0034205727787000465	1.6312764392245618e-08	0.010513383015480497
223.53924644767952	0.0	1.542746175165685	0.003414989796180227	1.7282514008785784e-08	0.010497278258211958
223.9687066415084	0.0	1.5081989084132297	0.003409406813660395	1.819525557797547e-08	0.010481173500943432
224.39816683533726	0.0	1.4761365559408908	0.0034034256643052313	1.7373777212241064e-08	0.01046606416076324
224.82762702916614	0.0	1.4465742404867254	0.0033974132215915864	1.6369064057187462e-08	0.010451033053979271
225.25708722299504	0.0	1.4191300353527392	0.0033914007788779558	1.5304434742656226e-08	0.010436001947195286
225.68654741682394	0.0	1.3934218892922505	0.003385388336164336	1.4165984894368625e-08	0.01042097084041129
226.11600761065282	0.0	1.3690677510587057	0.0033793758934507296	1.2934223940601752e-08	0.010405939733627282
226.5454678044817	0.0	1.3456855694056808	0.003373363450737135	1.1579398113816075e-08	0.010390908626843262
226.97492799831053	0.0	1.3228932930868857	0.0033673510080235525	1.0051852483839646e-08	0.010375877520059232
227.4043881921394	0.0	1.3003088708561674	0.0033613385653099813	8.256249579141309e-09	0.010360846413275188
227.8338483859683	0.0	1.2775502514675292	0.003355326122596421	5.95390976067221e-09	0.010345815306491132
228.26330857979715	0.0	1.254251782784493	0.003349511161317684	4.620511804454618e-09	0.010332100742606088
228.69276877362606	0.0	1.2302808852285876	0.0033438208137494497	4.350668959556766e-09	0.010319216936791225
229.122228967455	0.0	1.2056783059068157	0.003338130466181215	4.0641550546425055e-09	0.010306333130976359
229.55168916128383	0.0	1.1804889123218931	0.0033324401186129804	3.755723976885898e-09	0.010293449325161495
229.98114935511268	0.0	1.1547575719765533	0.0033267497710447475	3.421027308140605e-09	0.01028056551934663
230.41060954894155	0.0	1.128529152373565	0.0033210594234765168	3.0531871408553262e-09	0.010267681713531764
230.84006974277045	0.0	1.1018485210157347	0.003315369075908285	2.6363345255395872e-09	0.010254797907716894
231.26952993659935	0.0	1.0747605454059084	0.0033096787283400536	2.1395481219861827e-09	0.010241914101902025
231.69899013042823	0.0	1.047310093046974	0.003303988380771824	1.4918173790602079e-09	0.010229030296087153
232.1284503242571	0.0	1.019541920565216	0.0032975273312580546	1.9961569932749155e-09	0.010215183112840354
232.55791051808598	0.0	0.9914921430268993	0.0032892602225268637	3.922116014952962e-09	0.010199078355571758
232.98737071191488	0.0	0.9631821917259346	0.0032809931137956685	5.1700704455528035e-09	0.010182973598303162
233.41683090574372	0.0	0.9346320711117324	0.003272726005064469	6.16555596269771e-09	0.010166868841034576
233.8462910995726	0.0	0.9058617856338028	0.0032644588963332668	7.018373674514083e-09	0.010150764083765989
234.2757512934015	0.0	0.8768913397417929	0.0032561917876020607	7.774934403325761e-09	0.010134659326497404
234.70521148723037	0.0	0.8477407378855059	0.003247924678870851	8.461103722989902e-09	0.010118554569228826
235.13467168105927	0.0	0.8184299845149167	0.003239657570139636	9.092261157792565e-09	0.01010244981196025
235.56413187488812	0.0	0.7889790840802215	0.003231390461408418	9.679721528583092e-09	0.010086345054691682
235.993592068717	0.0	0.7594080410318581	0.0032231233526771965	1.0231527844678943e-08	0.010070240297423115
236.42305226254587	0.0	0.729751056608755	0.003216971505258781	1.265309985756472e-08	0.010057943010517385
236.85251245637477	0.0	0.7001017192434353	0.003210851697496766	1.4696734817354033e-08	0.010045703394993213
237.2819726502036	0.0	0.6705691436640681	0.0032047318897347366	1.648290722760353e-08	0.01003346377946906
237.71143284403254	0.0	0.6412624446482361	0.0031986120819726934	1.8088344068203318e-08	0.010021224163944917
238.1408930378614	0.0	0.6122907369736107	0.0031924922742106337	1.95568187258664e-08	0.010008984548420792
238.5703532316903	0.0	0.5837631354178645	0.0031863724664485597	2.0917944707163496e-08	0.00999674493289668
238.99981342551914	0.0	0.5557887547586469	0.0031802526586864706	2.2191025251776244e-08	0.009984505317372586
239.429273619348	0.0	0.5284767097734584	0.003174132850924368	2.33908867004737e-08	0.009972265701848506
239.8587338131769	0.0	0.5019361152395395	0.003168013043162251	2.4528280866912443e-08	0.009960026086324434
240.28819400700579	0.0	0.47624457188764735	0.003161893235400126	2.4108122629077512e-08	0.00994793056780388
240.71765420083466	0.0	0.4511191109538597	0.0031557734276380154	2.2897034651882215e-08	0.00993590568237672
241.1471143946635	0.0	0.4260468542749757	0.0031496536198759163	2.1622257738829563e-08	0.009923880796949551
241.57657458849235	0.0	0.4005112120718529	0.003143533812113834	2.0272780223611164e-08	0.009911855911522363
242.00603478232125	0.0	0.3739955945777172	0.0031374140043517657	1.8832001787052245e-08	0.009899831026095162
242.43549497615015	0.0	0.34598341204541894	0.0031312941965897117	1.727708873554747e-08	0.009887806140667943
242.86495516997903	0.0	0.31595807476091886	0.003125174388827671	1.5573559528480915e-08	0.009875781255240714
243.2944153638079	0.0	0.28340299307019684	0.0031190545810656466	1.3666681221222603e-08	0.00986375636981347
243.72387555763677	0.0	0.24780157743799125	0.0031129347733036346	1.1454456711101837e-08	0.009851731484386212
244.1533357514657	0.0	0.20865462024915343	0.0031078116479262303	1.334421626013906e-08	0.009840818283156996
244.58279594529455	0.0	0.16634774397808139	0.0031044833314242738	2.0213517569817632e-08	0.009831906984134832
245.0122561391234	0.0	0.12255415354864063	0.003101155014922259	2.5265169980781576e-08	0.009822995685112725
245.4417163329523	0.0	0.07904856082216834	0.00309782669842019	2.9450411274398736e-08	0.009814084386090667
245.87117652678114	0.0	0.03760570613242158	0.0030944983819180603	3.3098955862014134e-08	0.009805173087068677
246.30063672061007	0.0	0.00010000000983729116	0.003091170065415874	3.6372961083926316e-08	0.009796261788046738
