Q20	Q30	EHFB	M22	M23	M33
32.0	0.0	0.0001	0.01209999999999999	1.572747106128384e-08	0.07224000000000001
32.29061163908439	0.00024109138395219453	0.014121747722735308	0.012448187774811792	2.0795222666664793e-05	0.07218482642007427
32.58122327816879	0.00048218276790438906	0.01955541771711357	0.012796360071191117	3.549797529332832e-05	0.07212964099363572
32.87183491725318	0.0007232741518565835	0.016509871170280882	0.013144516749307136	4.966463680053655e-05	0.0720744438605152
33.16244655633758	0.0009643655358087781	0.005194174839245236	0.013492657669339754	6.352683400951626e-05	0.07201923516053281
33.43018275234047	0.10616316214790417	0.02372496003733997	0.013878615341046672	0.0007230373313880552	0.072293232776766
33.6945375588771	0.22687653819776135	0.03314585918501265	0.01426354897515325	0.0011330954125576109	0.07261086513265347
33.95889236541373	0.3475899142476187	0.02765679405242573	0.01464140986363272	0.0014906326162962525	0.07292312488131099
34.223247171950355	0.46830329029747597	0.007738596666559418	0.015012197936831768	0.0018266899272910107	0.07323001209239181
34.50554696214003	0.5253817671309893	0.035346023270222855	0.015364031253108425	0.002031489149879111	0.07333625170886383
34.79402101463812	0.5605656260964663	0.09077751261182203	0.01570880747704046	0.0021919213045966716	0.07337322805174376
35.08249506713621	0.5957494850619434	0.15439238660199847	0.016051205676581123	0.002350223177712096	0.0734086240631675
35.370969119634296	0.6309333440274203	0.22583766000559125	0.016391213158096354	0.002506518218853941	0.07344245243676917
35.66042764604839	0.6333202295687268	0.3065689348594177	0.016717585317240737	0.002590653640554236	0.07337920532312751
35.950492658684794	0.6155025041073311	0.39499868756193063	0.01703744798322897	0.0026251077190729	0.0732575797085018
36.24055767132119	0.5976847786459354	0.4894726494609123	0.01743484559738426	0.002528053559664512	0.07297986991841834
36.530622683957596	0.5798670531845397	0.5896120363381113	0.01785016162736693	0.002406931446882976	0.07267260189092749
36.8202758445747	0.5568699950731836	0.6951614578396775	0.018266306289110187	0.0022770888984134812	0.07235497464624882
37.10951151358661	0.5286226824999694	0.8056996676757422	0.018684186900410047	0.0021389389785439364	0.07202814489748802
37.39874718259851	0.5003753699267552	0.9206949805727136	0.019105568373302004	0.002003857861214682	0.07170605590612557
37.68798285161042	0.472128057353541	1.0397420611682122	0.019530431667055027	0.0018718295699802136	0.07138872671289255
37.97708873106926	0.4426277219780913	1.1624275541740197	0.01995866217727037	0.0017402976932661969	0.07107341104838237
38.265973492125944	0.41099265084499936	1.288302251044708	0.02039044694536804	0.001607549107616063	0.07075857810600095
38.55485825318263	0.3793575797119074	1.416947789406146	0.02082605396010528	0.0014779171767425297	0.07044914177223244
38.843743014239315	0.34772250857881554	1.5479473633144851	0.021265462163217654	0.0013513554822831557	0.07014512310534131
39.132662889911884	0.31641497955973397	1.6809022203119226	0.021708600864839382	0.0012284558485114662	0.0698471527392741
39.42168856692392	0.2860943442743106	1.8154555349393808	0.022155254126834188	0.0011104465592680218	0.06955633724115265
39.71071424393595	0.2557737089888873	1.951163967923877	0.02260549490268335	0.0009952915252590447	0.06927077435143633
39.999739920947974	0.225453073703464	2.0876233687158057	0.023059303627137453	0.0008828917415309715	0.06899048363537466
40.28878839968413	0.19535672052297381	2.224460062493275	0.022460826856963392	0.0007951399431179764	0.06857577452026054
40.57800259455758	0.1668903828576843	2.361491063987482	0.02185538116478141	0.0007090909870822751	0.0681642904843392
40.86721678943103	0.13842404519239487	2.498198355500769	0.021245062942673774	0.000621004456669653	0.0677536139993099
41.156430984304485	0.10995770752710535	2.6342286045144134	0.020629875037592005	0.0005301069546493832	0.06734374221822108
41.445646698324474	0.08151044651976912	2.769242430284794	0.0200098160825347	0.00043501215439991107	0.06693470097680937
41.73572107603387	0.06384584086669856	2.9051430024541367	0.0193832911397561	0.000364810623108492	0.06654265999606158
42.02579545374327	0.046181235213628	3.03985310274737	0.018753739319164978	0.00029171195588443703	0.0661511158936895
42.315869831452666	0.028516629560557557	3.173071439004548	0.018121163296029842	0.00021332971521333002	0.06576006599442459
42.60594420916206	0.010852023907486998	3.304503176437283	0.01748556584101174	0.00012077229741943376	0.06536950752760586
42.8964832565384	0.007179885618970812	3.437621360501622	0.016851050174964195	8.83586551177912e-05	0.0650005030758085
43.18709048589976	0.005560892323475848	3.5695075650380805	0.016216683469426514	6.772466103410788e-05	0.06463466298844982
43.477697715261115	0.003941899027980884	3.699347665047634	0.015582039667618038	4.682353791839806e-05	0.06426886769235364
43.76830494462247	0.0023229057324859206	3.8268398082693547	0.014947119074404939	2.5570605473644716e-05	0.06390311688265388
44.058915572692385	0.0019626367186427415	3.952081813714763	0.014442661316544808	1.2480961243600866e-05	0.06349626346000088
44.34952730754336	0.002012268159174857	4.074653696009297	0.014449140986840964	1.911087832643373e-05	0.06292083500121827
44.64013904239434	0.002061899599706972	4.194479833537363	0.01445561596967093	2.397133866252967e-05	0.06234540216113942
44.930750777245315	0.0021115310402390875	4.311641178435953	0.014462086257364419	2.7989760806718012e-05	0.06176996494743461
45.22136251360153	0.0021099518567309406	4.426200163057643	0.014468526459588573	3.11065224926639e-05	0.06119445651540592
45.51197425086799	0.0020774043586316397	4.538243886437443	0.014474952785579556	3.353962803515321e-05	0.060618909300685496
45.80258598813445	0.002044856860532339	4.647864469928474	0.01448138202393759	3.56009890057073e-05	0.0600433651207462
46.09319772540093	0.002012309362433038	4.755143152367046	0.014487814179693297	3.736061445414395e-05	0.05946782397055739
46.38380945973193	0.0019625400361733686	4.860154491424884	0.014494243920610765	3.8698015555144806e-05	0.05889226646462042
46.674421191207344	0.0018960176486187122	4.962979751644136	0.014500673780961029	3.962603041562486e-05	0.05831669541885126
46.965032922682774	0.0018294952610640558	5.06370676531702	0.01450710974225552	4.033013629962744e-05	0.057741130427249945
47.2556446541582	0.0017629728735093996	5.162416951204124	0.014513551814776753	4.08341841221505e-05	0.05716557147953395
47.546256385521154	0.0016959638944250924	5.259191550077145	0.01451999994878817	4.115149944832612e-05	0.056590018104936315
47.836868116696095	0.0016281415236612195	5.354111883542794	0.014526454197822553	4.129292770446619e-05	0.05601447006357172
48.127479847871044	0.001560319152897346	5.447259948686103	0.014532620377221117	4.3543779878980974e-05	0.05543291239169316
48.41809157904599	0.0014924967821334728	5.538724069990394	0.014538412492290237	4.77077896838103e-05	0.05484365724354268
48.70870331036669	0.0014253104420442792	5.628600572952484	0.014544205810491222	5.0863201095699524e-05	0.05425440121397297
48.99931504210352	0.0013599400110948876	5.716986353928469	0.014550000372694027	5.326120287782633e-05	0.05366514536782696
49.28992677384036	0.0012945695801454965	5.8039771507287865	0.014555796166797797	5.501540313119711e-05	0.05307588802856552
49.58053850557718	0.0012291991491961058	5.8896693417707	0.014561593242351583	5.622386669777022e-05	0.05248662914663964
49.87115023695611	0.0011623677397597579	5.974158773132892	0.014567391688256014	5.6921808990415516e-05	0.05189736726001533
50.16176196584027	0.0010853526066654004	6.057538990784989	0.014573191958526108	5.692707427454482e-05	0.051308093690225876
50.45237369472443	0.001008337473571043	6.13990973156686	0.014578993966401577	5.651193710771992e-05	0.0507188180750854
50.7429854236086	0.0009313223404766859	6.221367185444143	0.01458479777026382	5.570602738762334e-05	0.0501295403562125
51.03359715251813	0.0008544085431067334	6.302007514300649	0.01459060342036922	5.4533846287233096e-05	0.049540260579402216
51.32420888354372	0.0007859491904722044	6.381929055655725	0.014596410184526912	5.329384315842843e-05	0.048950987411665786
51.61482061456931	0.0007174898378376753	6.461225342254913	0.01460221867683494	5.174365999382892e-05	0.04836171224222152
51.9054323455949	0.0006490304852031464	6.539992352596208	0.014608028949191689	4.9888592125413474e-05	0.04777243501917103
52.196044076620495	0.0005805711325686175	6.618323826251911	0.014565328234674406	4.778931781441179e-05	0.047297336588324974
52.486655813872765	0.0005514123215512042	6.696297752034949	0.014499220870980089	4.7137015965039233e-05	0.04687735995853166
52.77726755200128	0.0005277840006118165	6.77395904202876	0.014433112484937243	4.662143635382097e-05	0.04645739028741222
53.06787929012979	0.0005041556796724287	6.851359620353369	0.014367003768729117	4.60173681429034e-05	0.04603742165887478
53.35849102825831	0.00048052735873304106	6.928552741444668	0.014300894730984554	4.532726856144748e-05	0.04561745406429054
53.64910276638348	0.00045685806654656517	7.005591662804182	0.014234785384255313	4.4551104277698815e-05	0.04519748745549074
53.939714504507634	0.0004331761351233067	7.08252966741597	0.01416867573396544	4.3691569542403953e-05	0.04477752185310666
54.230326242631776	0.0004094942037000482	7.159420045706855	0.014102565787485765	4.2750207271326115e-05	0.044357557260945556
54.52093798075593	0.0003858122722767897	7.2363160966852025	0.014036455553464545	4.17274178540811e-05	0.043937593670359126
54.81154971876376	0.0003607656017015241	7.313270901346864	0.013970345143827988	4.054637882596788e-05	0.043517629865335895
55.10216145670265	0.00033490997449957293	7.390337901609939	0.013904234508484438	3.922937205580202e-05	0.04309766639894377
55.392773194641535	0.0003090543472976217	7.467570574367249	0.01383812359174521	3.7817049612581717e-05	0.04267770399351953
55.683384932580424	0.00028319872009567056	7.545022266861443	0.01377201240305221	3.630494187693814e-05	0.04225774263962123
55.9739966707211	0.00025984550020158087	7.6227466744471375	0.013705900807835843	3.4855013830358094e-05	0.041837784345406005
56.26460840905058	0.0002388339459863448	7.700801411001048	0.013553792548792219	3.322333147862119e-05	0.04152036620402045
56.55522014738007	0.00021782239177110845	7.779266561888722	0.013393232906758337	3.1520332240885794e-05	0.04121302502467492
56.845831885709565	0.00019681083755587208	7.858229949116448	0.013232672812479567	2.9764242106788426e-05	0.040905684343370795
57.13644362418679	0.0001782063930429794	7.937779602865669	0.013072112229550799	2.813514055937622e-05	0.04059834598533157
57.427055362906	0.00016354458355891124	8.018003359298191	0.012911551229189865	2.6773729238883403e-05	0.04029101101090577
57.717667101625224	0.00014888277407484304	8.098988593587459	0.012750989912904036	2.5374783917179066e-05	0.03998367638436156
58.00827884034443	0.00013422096459077488	8.180823074481852	0.01259042828049307	2.3931257022315366e-05	0.03967634210589921
58.29889057915789	0.0001244040748206139	8.263594794835601	0.012429866468542196	2.2884089126875534e-05	0.039369011618591944
58.58950231822758	0.00012775989486982505	8.347391692564974	0.012269304959227647	2.303352156201031e-05	0.03906169056831782
58.880114057297284	0.00013111571491903625	8.432300778647326	0.01210874352309673	2.3175152028499006e-05	0.03875436943754574
59.17072579636698	0.00013447153496824743	8.518409839449014	0.011948182160195234	2.3309223403850852e-05	0.03844704822622994
59.46133753539626	0.00013919357975290846	8.605806688298253	0.011787620968319317	2.3551834905832264e-05	0.038139727840158705
59.75194927415601	0.00015302846999045501	8.694579203571005	0.011627060630093146	2.4523860749899723e-05	0.037832413274215534
60.04256101291577	0.00016686336022800178	8.784814658438933	0.01147258665716826	2.543244024244021e-05	0.03753563255170339
60.33317275167553	0.0001806982504655485	8.87643048685482	0.011353583202081921	2.629450387541645e-05	0.037300246147640104
60.623784490418636	0.0001947792889529392	8.968902457732046	0.01123457989165344	2.7122365693872152e-05	0.037064859936990956
60.914396228391794	0.00022024680399290912	9.061635710251123	0.011115577900878427	2.8652787725733393e-05	0.036829481106194
61.20500796636496	0.00024571431903287907	9.154035158524133	0.01099657613063593	3.0065656415318667e-05	0.03659410233980914
61.49561970433811	0.00027118183407284893	9.245505816604453	0.010877574581334377	3.137736826532075e-05	0.036358723637427974
61.786231442311276	0.0002966493491128188	9.33545268338926	0.01075857325338215	3.260062651776055e-05	0.03612334499864207
62.07684317939265	0.0003306657436384398	9.423281053832326	0.010639573194011724	3.419039581389049e-05	0.03588797198113836
62.367454916354376	0.0003658290070919539	9.508395775817062	0.010520573576256504	3.5722424633281745e-05	0.03565259979510789
62.65806665331612	0.00040099227054546805	9.59020178938375	0.010401574265205039	3.7149170283656594e-05	0.03541722769579964
62.948678390277855	0.00043615553399898216	9.668104047003112	0.010282575261421144	3.8482907428895204e-05	0.03518185568264983
63.23929012750786	0.00046900313632734124	9.741507312345234	0.010163576241712338	3.9635813918682644e-05	0.03494648223790585
63.52990186481646	0.0005011721708952676	9.809816561733982	0.010044577412417655	4.0694213878174286e-05	0.03471110842700903
63.82051360212506	0.0005333412054631944	9.872436726607063	0.009925578865974982	4.1693416365021076e-05	0.034475734693185114
64.11112533943367	0.0005655102400311213	9.928778576444508	0.009821664347228119	4.269793116405604e-05	0.03430675901587524
64.40173707774836	0.0005839892146712377	9.9785064791545	0.009742110600203416	4.324953049424699e-05	0.03424501852609312
64.69234881664612	0.0005945346093180577	10.021633845345193	0.009662555604633522	4.34956510371876e-05	0.03418327288562596
64.98296055554385	0.0006050800039648776	10.058199463646224	0.009583000551840694	4.373485688285351e-05	0.0341215273295802
65.27357229444158	0.0006156253986116975	10.08824130871147	0.00950344544177706	4.3967234830064656e-05	0.03405978185800372
65.5641840333525	0.0006257946435637292	10.111797298428934	0.009423890222936887	4.417959050481127e-05	0.033998036215291745
65.85479577227534	0.0006356242998700205	10.12890540255843	0.009344334903195512	4.43737310852423e-05	0.033936290422011454
66.14540751119817	0.0006454539561763119	10.139603643148101	0.009264779529872657	4.4561837299870655e-05	0.033874544707665086
66.43601925012099	0.0006552836124826033	10.14392999409615	0.009185224102923672	4.474396119399661e-05	0.03381279907229731
66.7266309890865	0.0006635130558966813	10.141922133444803	0.009105668420537871	4.486607960505504e-05	0.03375105240296403
67.0172427281203	0.0006691814987991229	10.133617810326182	0.00902611237697899	4.489758390284172e-05	0.03368930400857665
67.30785446715407	0.0006748499417015643	10.119055452336566	0.008946556301994464	4.4925819804745486e-05	0.03362755566023486
67.59846620618785	0.0006805183846040059	10.098273035211733	0.008867000195558566	4.4950779331669695e-05	0.03356580735796437
67.88907794502086	0.0006787070970801683	10.071306920771901	0.008787443194964748	4.472666238108956e-05	0.033504053780644014
68.1796896833315	0.0006574365775300872	10.038204620632051	0.008768749442170915	4.3622877689795235e-05	0.03342386256540616
68.47030142164216	0.0006361660579800061	9.999192815682905	0.008787628288606571	4.237818337094875e-05	0.03333229872656896
68.7609131599528	0.000614895538429925	9.954620502382454	0.008806507724717657	4.113978147383211e-05	0.03324073528554499
69.05152489828677	0.0005939631098625348	9.904839682874165	0.008825387771441028	3.991883200871779e-05	0.03314917247268089
69.34213663676866	0.0005751774281967736	9.850202742489975	0.008844268507116688	3.877629560988516e-05	0.03305761148837854
69.63274837525057	0.0005563917465310124	9.791061117824624	0.008863149761918812	3.764015443344008e-05	0.03296605085707922
69.92336011373246	0.0005376060648652512	9.727766765229738	0.008882031534904845	3.651025568471932e-05	0.032874490579725496
70.21397185188701	0.0005169362832783893	9.660671178069943	0.008900913804572466	3.532211597860377e-05	0.03278292945246599
70.50458357935014	0.00043473370336179136	9.590111307197422	0.008919796800823913	3.195255534085221e-05	0.03269132996774643
70.79519530681328	0.00035253112344519336	9.516454977565218	0.008938682022891727	2.8377683870923902e-05	0.03259973207348365
71.08580703427641	0.0002703285435285953	9.440054571519724	0.008957569466649655	2.4503278100371357e-05	0.032508135773803896
71.37641876173956	0.0001881259636119973	9.36126252969533	0.008976459127971457	2.0151873776823147e-05	0.032416541072833406
71.667001299434	0.004060064171839307	9.281347842668987	0.008995125960880599	9.228633651695435e-05	0.03232729320253211
71.95758014123697	0.00843265983290665	9.199767903009784	0.00901365379121914	0.00013108333692995599	0.03223826142876687
72.24815898303996	0.012805255493973995	9.116687505176785	0.00906735103883957	0.00015951168916289647	0.03215711798024498
72.53873782484294	0.01717785115504134	9.032187731007292	0.009126952715778635	0.0001824826738660746	0.032077184152750446
72.82909586716023	0.02871275263605163	8.947570774385914	0.009185567406353014	0.00023306055103385304	0.032000933482072044
73.11939226218298	0.0422473724376171	8.861613336845828	0.009243576252211772	0.0002792556753392576	0.03192529961298165
73.40968865720572	0.05578199223918257	8.773911216845725	0.00930119035187922	0.00031693158170046314	0.031849173015611944
73.69998505222847	0.06931661204074804	8.684474838218208	0.009358410181818452	0.0003488975062066853	0.03177255321349986
73.9900143870338	0.08738637205493618	8.593853803146487	0.009414403085071313	0.0003868787014083735	0.03169757891592283
74.27989295328936	0.10801644045016043	8.501654897104293	0.009469364254267813	0.0004247689566818447	0.031623106491135165
74.56977151954493	0.12864650884538467	8.407613550846872	0.009523727691715998	0.0004577221459912193	0.031547881017112166
74.85965008580048	0.14927657724060892	8.31183221732828	0.009577494080841511	0.00048677992099681165	0.031471901810428186
75.14943512884567	0.17115015803656536	8.21450807514949	0.009630360051417028	0.0005145365689355633	0.03139567016286225
75.4391384893811	0.1941098137579858	8.115738001080251	0.009682313526854175	0.0005408725647194994	0.03131905681283598
75.72884184991653	0.2170694694794062	8.015629707371339	0.009733605229508814	0.0005644798034156244	0.03124160283041963
76.01854521045198	0.24002912520082662	7.91439064979232	0.00978279853436488	0.0005859515726345545	0.03116324151294505
76.30830799098713	0.2622045456427749	7.812220437022682	0.009810866054923347	0.0006079439319342963	0.031082998848750612
76.5981634373488	0.2831569467186542	7.7093037307061705	0.009839241076255025	0.0006270865852065749	0.03100188733995961
76.88801888371049	0.3041093477945336	7.6058272234762905	0.009867580236298835	0.0006450213093963598	0.03092033494880252
77.17787433007216	0.32506174887041295	7.501934150826442	0.009895883651690168	0.0006618535192459655	0.030838341558643973
77.46780686763759	0.3448301230235743	7.3977457597170915	0.009924487398549313	0.0006764859686667052	0.030755558540478428
77.7579320392244	0.3616398734113102	7.293360076808508	0.009953899595882566	0.0006873920113518837	0.030671519333138293
78.04805721081121	0.3784496237990461	7.188907521741696	0.009983283359388943	0.0006976783572455941	0.03058712572048535
78.33818238239803	0.39525937418678203	7.084481285751358	0.010012638805578658	0.0007073781295416168	0.030502377586009398
78.62834554174138	0.41128449510496506	6.980157406415439	0.01004218981085678	0.000715821451247259	0.030417080834169063
78.91873766410512	0.4225804308989807	6.875937061603275	0.010073066787860217	0.0007196527603725078	0.030330326356989522
79.20912978646885	0.43387636669299634	6.771933699971513	0.010103925231689391	0.0007232046350382904	0.030243332913298854
79.49952190883258	0.44517230248701195	6.668205731447799	0.010134765238778768	0.0007264855698792998	0.030156100406662605
79.78992073401882	0.45622856638396836	6.564802830724085	0.010165655510371846	0.0007293070368208935	0.030068581080076165
80.08049028565176	0.46118018836104446	6.46161792466067	0.010196194176706395	0.0007271350512966769	0.02998341318232405
80.3710598372847	0.4661318103381204	6.358794016147034	0.010221330037714667	0.0007253529336724193	0.029908013868373714
80.66162938891765	0.4710834323151965	6.256341853049871	0.010246537277676661	0.0007235053422368899	0.029832704679712007
80.95219894055059	0.4760350542922726	6.154270149816089	0.010271815943889354	0.000721593348209651	0.029757485569041953
81.2428035780891	0.4753916312250622	6.052402845383966	0.010298587065950894	0.0007153056645361206	0.029681104356461003
81.53341237757935	0.4740845140881842	5.950864288866924	0.010325514540129586	0.0007085316509420283	0.029604555005725928
81.8240211770696	0.47277739695130605	5.849674809786555	0.010352425108430504	0.0007017877886669988	0.029527979921612605
82.11462997655984	0.47147027981442813	5.748835186053088	0.010379318758095262	0.0006950740852212393	0.029451379116879402
82.40517320922406	0.46561368830844924	5.648176191910952	0.01040721392701972	0.0006849615950172356	0.029373590734697676
82.69569898068727	0.45854551937404864	5.547789191326644	0.01043529063143596	0.0006739965320788653	0.029295371873601487
82.98622475215046	0.45147735043964793	5.447709427032106	0.010463269031542247	0.0006630954516777675	0.02921702081309791
83.27675052361366	0.44440918150524733	5.347930306591252	0.010491149056843872	0.0006522581391354319	0.029138537623681654
83.56716264316759	0.43393899226008403	5.248306599954152	0.010519590488859316	0.0006389206005200867	0.029058944676172965
83.85751238965801	0.4216017474574185	5.1488685032989805	0.010548234474854933	0.0006242252668341142	0.028978603045441784
84.14786213614843	0.409264502654753	5.049672799767133	0.0105831836362556	0.0006071721391164183	0.02890361603195163
84.43821188263885	0.39692725785208743	4.950691672200173	0.010624121777669429	0.000587948181959597	0.028833642446755913
84.7284511239834	0.3823618006338413	4.851786708412695	0.010665116175185382	0.0005672132175901058	0.028762498876502493
85.01859682304465	0.36591016811198895	4.752918714838188	0.010706041706649714	0.0005452204330616533	0.028690197700629753
85.30874252210589	0.3494585355901365	4.654129896696586	0.010746591251770245	0.0005233918516384828	0.028617350057267392
85.59888822116714	0.3330069030682841	4.555386791616021	0.010786764179950505	0.0005017217931599644	0.02854395657701187
85.88897441747947	0.31557902006171856	4.456611159456765	0.010826660860177494	0.00047944884158455275	0.028469624200695466
86.17897038988079	0.2966708502033451	4.357744056545817	0.010866293208887398	0.000456151350289354	0.02839409403939819
86.46896636228209	0.27776268034497165	4.258834137856668	0.010905490288863076	0.0004329474346524179	0.028317939500442726
86.7589623346834	0.2588545104865982	4.159864401867875	0.010944251363354467	0.00040981600425529097	0.028241161320579116
87.04895003296129	0.23982086504162256	4.060815775475638	0.010982582801307709	0.00038662862713624357	0.028163701573403897
87.33891780283987	0.22048500902207363	3.9616704014518778	0.01102048747017369	0.00036319958962490704	0.028085469339791207
87.62888557271847	0.20114915300252528	3.8624431656090006	0.011057943999601031	0.0003397276057554309	0.028006601736339006
87.91885334259707	0.1818132969829764	3.7631380151309366	0.011094951629475639	0.0003161558393755697	0.027927099523161372
88.20883975580551	0.16277213274727326	3.663792387305585	0.01115680342791291	0.0002916347512079573	0.027853714117709052
88.49893246330845	0.1454111434323512	3.564610211275833	0.01122826256708372	0.00026818065200728965	0.02778404065609949
88.78902517081137	0.12805015411742915	3.4656549463083515	0.011299556746795267	0.0002446587405949106	0.02771478396876896
89.07911787831429	0.11068916480250711	3.3670948815168877	0.01137068486007286	0.0002209538551926741	0.027645945162692136
89.36921962686276	0.09349761950797587	3.2691112924745847	0.011441647325779788	0.00019707703598468906	0.02757760477585141
89.65951265116932	0.07989089560686694	3.172110064195741	0.011512492773179733	0.0001766376854490834	0.027511317590827224
89.94980567547589	0.06628417170575801	3.076014840524652	0.011583205721710807	0.00015583641526631452	0.027445360401523514
90.24009869978246	0.052677447804649086	2.9809935880595746	0.011653785351365043	0.00013439764506367676	0.027379734027948254
90.53039172408903	0.03907072390354016	2.88721529585834	0.011724230848112884	0.00011182915020122593	0.027314439284130996
90.82087500242646	0.0306002797226016	2.795227570379098	0.011794693693248981	9.549226005125195e-05	0.02725158946040319
91.11137916222566	0.022693571448955105	2.7048543650753722	0.011865091752438866	7.922065043155176e-05	0.027189171927856064
91.40188332202489	0.01478686317530861	2.616215416589346	0.011935410671472548	6.149264284298265e-05	0.02712694838204733
91.6923874818241	0.006880154901662114	2.5294726752091066	0.01200565000244198	4.025317828428197e-05	0.02706491927088504
91.9829752968098	0.0042954065565632416	2.445200185644047	0.012076046944618167	3.0455514899199065e-05	0.027005035012142964
92.2735844425068	0.00306767139419869	2.3632065044966275	0.01219973872094341	2.6588346098361135e-05	0.026962070645899627
92.5641935882038	0.001839936231834139	2.2833774470545953	0.01232681054070468	2.1282139794360326e-05	0.02692018824802879
92.85480273390081	0.0006122010694695878	2.2056663198736173	0.01245395101643893	1.264005943749738e-05	0.026878369652868474
93.14541357268885	0.00017289147610439817	2.1300857945439313	0.012581106480058519	6.894217911648823e-06	0.026836824649654728
93.43602531106208	0.00015249377296369467	2.0565549743379496	0.012708246246184635	6.626910084662671e-06	0.02679540309395024
93.72663704943528	0.0001320960698229912	1.984992043226747	0.012835387152977704	6.29728405224216e-06	0.026753982598278974
94.01724878780851	0.0001116983666822877	1.915347835163615	0.012962529202468397	5.899476940623619e-06	0.026712563160610298
94.30785181170039	0.0017692471584895518	1.8476801102148992	0.01308936381153132	2.3874967226622805e-05	0.026671419927632004
94.59844766137459	0.004808169418217267	1.7819013934497132	0.013215811946912664	3.995384125559241e-05	0.0266303823053766
94.88904351104878	0.007847091677944984	1.7178660843161377	0.01334208844697387	5.1731778843844686e-05	0.02658918846823601
95.17963936072297	0.010886013937672615	1.6555222176823623	0.013468193011917918	6.166597490866977e-05	0.026547838716007247
95.47019290236561	0.016081162062096758	1.5949285442221866	0.013593471661586169	7.575832477661779e-05	0.02650646976722492
95.76068429073142	0.024443947583512815	1.5360566564280873	0.013717405760155715	9.430385622316155e-05	0.026464954365997297
96.05117567909723	0.03280673310492886	1.478679572448388	0.013812131944998992	0.000111443866876479	0.0264212892469798
96.34166706746304	0.04116951862634492	1.422767837723343	0.013772106416508306	0.00013348819238872699	0.026369259183994406
96.63212323532056	0.05054936683285866	1.3683896458663165	0.013731369516041803	0.0001568862278172537	0.026316990809111585
96.92249724360282	0.06230173725226262	1.3156235302363444	0.013689316842381734	0.00018357534267992586	0.026264410760204204
97.21287125188508	0.07405410767166658	1.2643999377876212	0.013646812729794282	0.00020986995386226422	0.026211510053341845
97.50324526016732	0.08580647809107053	1.2147567554916272	0.013603857020690226	0.00023589288021946304	0.026158288846113723
97.79361068398741	0.09775997245762355	1.16674044664215	0.013560357256366751	0.00026198890060822737	0.026104734606558017
98.08393003004252	0.11079301517651316	1.1204191209335514	0.013515881783184566	0.00028934679883029066	0.026050771851836626
98.37424937609761	0.12382605789540274	1.0757975658776442	0.013470905373451914	0.0003165261203795618	0.025996453961486334
98.66456872215272	0.13685910061429232	1.0329211984751066	0.013425427944912688	0.0003435653153841586	0.025941781017763225
98.95489082105622	0.14982773074789005	0.9918354738801923	0.01337948392092628	0.0003704114685401148	0.02588676066640233
99.24526353025294	0.16161215479532284	0.952560306536292	0.013333697882080515	0.00039570241653069687	0.025831542733678197
99.53563623944967	0.17339657884275564	0.9151799630998176	0.013287458367351679	0.00042094408773232274	0.025776004077587386
99.82600894864638	0.18518100289018843	0.8797458377772037	0.01324076534333852	0.00044614309146032556	0.02572014473153117
100.1163816578431	0.19696542693762123	0.8463101509204095	0.013143270293155956	0.0004704212395284527	0.025648735148228602
100.40686678639409	0.20548031889625187	0.8148303898260777	0.012972554335949868	0.0004894928581412527	0.02555494834181401
100.69736315009702	0.21366845493305403	0.785365080063448	0.012802380461833013	0.0005083203406636465	0.025461147359675678
100.98785951379993	0.22185659096985616	0.7579078603216902	0.012632559115907785	0.0005273009719603798	0.02536727750022723
101.27835587750286	0.23004472700665832	0.7324453576726639	0.0124630908853293	0.0005464353310042135	0.02527333817631353
101.5689202763453	0.23504700341875095	0.7089129145096523	0.012295516085876881	0.0005618690952938328	0.025179931679548524
101.85950136015502	0.2392679782280382	0.6873394082336017	0.012128521004424523	0.0005764818649552122	0.025086630711710235
102.15008244396475	0.2434889530373254	0.6677209780152332	0.011961711736283147	0.0005912153436109993	0.024993290194911564
102.44066352777446	0.24770992784661267	0.6500406611739933	0.011795088582491398	0.0006060691389246543	0.02489990982811388
102.73126479478287	0.24895467949769623	0.6342449568966427	0.011629861330424563	0.0006173143523361815	0.024807113614529815
103.02187639934218	0.24867505144994392	0.6203364438032217	0.011465280666074749	0.0006266658864395366	0.02471462677579809
103.31248800390148	0.2483954234021916	0.6083126752196741	0.011300694581181698	0.0006360130345660013	0.02462213566697828
103.60309960846077	0.24811579535443923	0.5981515113307678	0.011136103054994346	0.0006453566010134936	0.02452964030882149
103.893686469285	0.24516319630783362	0.5898042646993663	0.010972388168936859	0.0006511211330495035	0.02443775824608623
104.18425344833207	0.24006284496383762	0.5832535356430398	0.010861752891380111	0.0006481041508243296	0.024329541699180737
104.47482042737914	0.23496249361984162	0.5785066783838375	0.010781239286190722	0.0006416675065010551	0.024211629986595457
104.7653874064262	0.22986214227584564	0.5755589979280096	0.01070053840627719	0.0006351336927901821	0.024093748642653227
105.05590828883477	0.2229309006126457	0.5743887693366164	0.010620122379008893	0.0006259190336717325	0.023976355718135473
105.34636378841515	0.21340274969626233	0.5749813212650362	0.010540074868813426	0.0006127947093283148	0.023859660531164163
105.63681928799554	0.20387459877987907	0.5773535049727702	0.010459679101198204	0.0005993452473761029	0.02374302059214412
105.9272747875759	0.19434644786349572	0.5814985200871189	0.010378935134514568	0.0005855487708753522	0.023626435842724034
106.21769482390307	0.1838864428911977	0.5873996088311958	0.010298018944629566	0.0005699338641088613	0.023510154812100958
106.5080343717672	0.17131147400761715	0.5950337575226579	0.010217081645606285	0.0005504422431896156	0.02339450427535378
106.79837391963133	0.15873650512403664	0.6044179249169592	0.010135685560596077	0.0005301873351879642	0.023278925973827178
107.08871346749548	0.1461615362404561	0.6155470029370481	0.010053830704303188	0.0005090772017413811	0.02316341989281691
107.37904849866308	0.13348477336787992	0.6284156030881627	0.009971529092964131	0.0004868139486065659	0.023048014588958606
107.66936079658355	0.12029566526651281	0.6430133092805423	0.009888816147228653	0.00046244107252357174	0.022932827296799334
107.95967309450404	0.10710655716514571	0.6593465310195367	0.009805622116926939	0.00043664553974394	0.022817715698036586
108.24998539242452	0.09391744906377861	0.6773903188807381	0.009771304437127011	0.0004050580820280777	0.02270813824284808
108.54030262596405	0.08084621144175151	0.6969702090812103	0.009745033166253534	0.0003716726909407669	0.02259953166704568
108.83070126512092	0.06971907020101364	0.7179019851568952	0.009718731820422467	0.00034131559320866916	0.022490472210250047
109.12109990427783	0.05859192896027578	0.7399069439425091	0.009692544749181678	0.00030939516780342086	0.022381522246851297
109.41149854343473	0.04746478771953792	0.7627487109225155	0.009666471392023389	0.00027533341668652486	0.022272682337357224
109.70189718259164	0.036337646478800056	0.7861901229731829	0.009640511189343458	0.00023817367317437608	0.02216395304137197
109.99241246146016	0.028933794746687315	0.810150853410812	0.009614276597545067	0.00021009564673458598	0.022054162903589195
110.28293815162624	0.021862285014094728	0.8342859728573564	0.009588080567670092	0.00018051872057754217	0.021944340657340602
110.57346384179232	0.01479077528150214	0.8583470615515825	0.009561955624796092	0.00014675438363729405	0.021834589595116794
110.8639895319584	0.007719265548909552	0.8820978225256701	0.009535901421065343	0.00010477680239124808	0.021724910064775487
111.15458188480656	0.0051968168976232205	0.9055931974805538	0.009509361133963643	8.495299998055975e-05	0.021613807392269573
111.44519003379372	0.0037522966867083274	0.9284428835617411	0.00948270872682619	7.132591781503557e-05	0.02150237063786535
111.73579818278085	0.002307776475793435	0.950352206201304	0.009456070644225113	5.5263895036250866e-05	0.021390948629336878
112.02640633176802	0.0008632562648785425	0.9710885611456928	0.009430428868677647	3.337801889497375e-05	0.021284228240495567
112.31701688541514	0.000358221542338605	0.9906692802228179	0.009414505792650131	2.1151945941241168e-05	0.021224094332039433
112.60762862130207	0.0003150804575233095	1.0094899372700157	0.00939852126673726	1.950830336479697e-05	0.021163804493088256
112.89824035718902	0.00027193937270801415	1.0280262331195062	0.009382538909428556	1.7816520036178464e-05	0.02110351544747135
113.18885209307595	0.00022879828789271867	1.0467937355368524	0.009366558718094638	1.6059307495491902e-05	0.021043227197818096
113.47946383030249	0.00022193586049215576	1.0663126095881217	0.0093505711543256	1.5536540567956373e-05	0.020982925773193526
113.77007556858294	0.00024361507220382845	1.0870981603318135	0.009334575722839005	1.5982682890539913e-05	0.020922613212056594
114.0606873068634	0.0002652942839155024	1.1096624839735287	0.009318579213282226	1.6369102843526225e-05	0.02086230024055971
114.35129904514383	0.00028697349562717634	1.1345210413909892	0.009302581626977254	1.6700900512504286e-05	0.02080198685738088
114.64183528604482	0.004606009565913944	1.1627989703257997	0.009285028600632128	6.560427390233037e-05	0.02073987246011951
114.93226844876747	0.014792318382571182	1.1952474327136862	0.009264992404946883	0.00011522008773105552	0.02067516298497572
115.2227016114901	0.024978627199228418	1.2315050853871277	0.0092444497638612	0.00014665504387138356	0.02061026102333677
115.51313477421272	0.03516493601588566	1.2720186367698754	0.009223401321566158	0.00017033965553675206	0.020545165931011595
115.80304884206583	0.05235906227447447	1.3181075331043715	0.009198640677152021	0.00020336467094391288	0.020476758544679164
116.09181307512534	0.08507603954813253	1.3710262536852886	0.00919430513293707	0.0002551660890520064	0.020455630528669676
116.38057730818485	0.1177930168217906	1.42842867973743	0.009249864048944949	0.00029955219757207824	0.020549359445249594
116.66934154124436	0.15050999409544866	1.4891703807427066	0.00930352745533639	0.00033775007612467476	0.02063977239820232
116.9580115992335	0.18400462108712415	1.5521623234525475	0.009354824251205185	0.0003724217749603188	0.02072634219740373
117.24623803342881	0.22116246719562696	1.616488371369334	0.009401861210532521	0.0004070920630324485	0.020806848630536296
117.53446446762413	0.25832031330412986	1.6808217118768722	0.009446744892037964	0.00043856227059853943	0.020883600507528917
117.82269090181946	0.29547815941263267	1.7442419136107976	0.009489473740855861	0.00046744270242844385	0.020956599383247246
118.11099723710365	0.331897879750008	1.8058802170969828	0.009530574163142626	0.0004936068863690451	0.021026492064137065
118.40049856550071	0.3572782610060705	1.8647186739809773	0.00957777197552763	0.0005101781316955455	0.021102911438653605
118.68999989389779	0.3826586422621331	1.9204936270011097	0.009623488295009051	0.000525872583594615	0.021176759156386966
118.97950122229489	0.4080390235181957	1.9724901338481942	0.009667722404589074	0.0005407516501558696	0.02124803593433497
119.26900255069195	0.4334194047742582	2.0200422414203376	0.009710473612527764	0.0005548667951269051	0.02131674246423753
119.55950788327496	0.43899017242084026	2.062118298102231	0.009768530755550625	0.0005560118015209124	0.02140480816501807
119.85009181843478	0.4430100633912034	2.0983759456357283	0.009827619669035956	0.0005560860133645133	0.021494105203214993
120.14067575359459	0.44702995436156656	2.128076548882455	0.009830193809066027	0.0005566531138948603	0.021501970024835438
120.4312596887544	0.45104984533192966	2.151118553516588	0.009772799649570865	0.0005577979156818313	0.021423370497560584
120.72137267644128	0.4365192617480185	2.1669771739368646	0.009731432615985268	0.0005476158012198459	0.021366659803049092
121.01137830251986	0.41775973778991815	2.1764555587406695	0.009693344649840733	0.0005346888369505429	0.021315036137602977
121.30138392859845	0.39900021383181783	2.180166057747218	0.009654856361182745	0.0005215621111527132	0.02126351629464208
121.59138955467705	0.3802406898737175	2.178565996999329	0.009615967589137008	0.0005082162711729458	0.02121210043504071
121.88052782513044	0.35178748487219436	2.170848703998824	0.00958471156904025	0.0004880757050791498	0.021172504430189663
122.16925715375316	0.31876389195063687	2.1577085993574547	0.009556587769490487	0.0004639719634125689	0.021138603635649716
122.45798648237587	0.28574029902907927	2.1402229053506514	0.00952775959796663	0.0004387188457958989	0.021104887562134068
122.7467158109986	0.2527167061075218	2.119033108735191	0.009498226589872654	0.00041209196434435747	0.021071356674238723
123.03539763976971	0.21928238863255883	2.094773858574423	0.009468313315871864	0.0003834374510767622	0.02103851518856759
123.32404305577693	0.18553321509597143	2.068258502445779	0.009437931401139008	0.00035233612903590617	0.021006249210688895
123.61268847178411	0.15178404155938405	2.0404636222773758	0.009406827866488183	0.00031838109768118705	0.020974173938567348
123.90133388779134	0.11803486802279667	2.012398452987961	0.00937500223650539	0.00028051848390173883	0.020942289847616927
124.19051593685671	0.0900091538987662	1.9868730587998658	0.009338940900839194	0.0002449773672585139	0.020908837403930524
124.48040413422243	0.06951486385432927	1.9652482967744405	0.009297149977337146	0.00021537416157688596	0.020868970581974
124.77029233158814	0.04902057380989237	1.9453870889501645	0.009254928568526458	0.00018094016591546256	0.02082918223794788
125.06018052895386	0.028526283765455462	1.9272354562995597	0.00921227651959141	0.00013809511131385624	0.02078947252666788
125.35029215099001	0.013449927002491615	1.91248624802999	0.009165444309591488	9.485328491570658e-05	0.020743203011959192
125.64088348788418	0.010006408679801302	1.9031818864530385	0.009110367200785828	8.180482071827321e-05	0.02068271528298679
125.93147482477833	0.006562890357110988	1.8951950924850958	0.009055217760000078	6.62426500265818e-05	0.02062224059709135
126.2220661616725	0.003119372034420675	1.8882669584921905	0.00899999598327783	4.566432474106597e-05	0.020561778958229266
126.5126612483838	0.00033193400447768665	1.8823777093721739	0.008944280022476037	1.4894067400358901e-05	0.020500526678977053
126.80327296200693	0.0004535949617634811	1.8782198751522252	0.008886665576766295	1.74065026080871e-05	0.020435715838167293
127.09388467563011	0.0005752559190492757	1.8744765732956592	0.008829053685027033	1.9597358160109547e-05	0.02037090453823592
127.38449638925324	0.0006969168763350701	1.8709149733031303	0.008771444347233372	2.156486030722842e-05	0.020306092779207852
127.67510810364683	0.0008164759320918408	1.8673017202427906	0.008713838824059525	2.3335476551347177e-05	0.020241283148929163
127.96571982836818	0.0009078590062865787	1.8633890797289703	0.008656252414594959	2.4600458942813584e-05	0.020176507810419977
128.2563315530895	0.0009992420804813165	1.8589932116598789	0.008599967808473134	2.595313340274424e-05	0.020115018818257852
128.54694327781078	0.0010906251546760495	1.8541135680527714	0.008543862515301077	2.728440079449603e-05	0.020053985131074828
128.83755500253213	0.0011820082288707874	1.8488187098913917	0.008487762919346362	2.858058152243817e-05	0.019992968217209976
129.12816673991472	0.0012085656039398916	1.8431143862140984	0.00843169929821733	2.907661167853546e-05	0.019932024933633774
129.41877847816065	0.001230702325932444	1.8371114812110136	0.008375639259054803	2.9518663736557613e-05	0.019871089996841243
129.7093902164066	0.0012528390479249968	1.8308795580682165	0.00831958059927163	2.996013861311448e-05	0.0198101591239533
130.0000019546526	0.0012749757699175497	1.824484169174136	0.008263523318825178	3.0401045799653386e-05	0.01974923231501257
130.29061369062404	0.001241309981284943	1.8179148992933134	0.008207486525268943	3.0170706141922002e-05	0.019688338030961393
130.58122542609982	0.0011954827888597177	1.811285062954738	0.008151451417135356	2.9777732747545633e-05	0.019627442654981234
130.87183716157563	0.0011496555964344924	1.8046767906675494	0.00809541345117055	2.9366081958777343e-05	0.019566538868207275
131.1624488970514	0.001103828404009267	1.7981573336635612	0.00803937262746936	2.893499379338652e-05	0.01950562667054473
131.45306061813963	0.0010073776509224469	1.7917110226434063	0.00798333997078702	2.77938040312132e-05	0.019444713299887822
131.7436723327169	0.0008880175491972731	1.7854471838117525	0.0079273055758425	2.6236818713356713e-05	0.019383783398851395
132.03428404729414	0.0007686574474720995	1.7794751912217144	0.007872357151149286	2.4505797630353707e-05	0.019323334190608523
132.3248957618714	0.000649297345746926	1.773852764472453	0.007825581684872405	2.237102500702012e-05	0.01926663797372508
132.61550748038454	0.0005403063815227906	1.7686091639171857	0.007778806605235078	2.026820130701902e-05	0.019209950040476875
132.90611920183352	0.0004390501868687127	1.763741674866239	0.007732032115966444	1.8144791781594107e-05	0.019153269470551678
133.19673092328256	0.00033779399221463475	1.7592380505330256	0.007685259528637858	1.5804779053934275e-05	0.01909659635255152
133.48734264473157	0.00023653779756055684	1.755098168512835	0.007638488842817917	1.3132497773671217e-05	0.019039930686907815
133.77795437322612	0.00016623781252000978	1.751365449809941	0.0075917133548107545	1.093107558300651e-05	0.0189832664260001
134.06856611065868	0.0001352087028685118	1.7480415030531768	0.007544930314249556	9.787383965561787e-06	0.018926598221697254
134.35917784809124	0.00010417959321701377	1.7450627934238474	0.00749814785616601	8.528767297970873e-06	0.018869932301330244
134.6497895855238	7.315048356551576e-05	1.7424249147973598	0.007451365980430549	7.094104746891532e-06	0.018813268665028637
134.94040132349258	5.1728988363962095e-05	1.7401336921637567	0.007404582246205573	5.921237941131083e-06	0.018756604021632067
135.23101306257823	5.0317425380340096e-05	1.7381922215059542	0.007357793642910674	5.795921441763412e-06	0.018699933363820136
135.52162480166385	4.890586239671809e-05	1.736571939498317	0.007311005066158865	5.670506098339329e-06	0.01864326280986277
135.81223654074952	4.749429941309609e-05	1.73526795342731	0.007264216515944284	5.544972674479521e-06	0.01858659235976582
136.1028482798315	4.565971005483901e-05	1.734274914380711	0.007221902333134629	5.4109295002073046e-06	0.018531465611086453
136.39346001889825	4.205824228868405e-05	1.7335815152086207	0.007187756910501151	5.197206641379396e-06	0.01847915739500723
136.684071757965	3.8456774522529106e-05	1.7331710278216685	0.00715361141388542	4.973520687899185e-06	0.01842684914720075
136.97468349703178	3.485530675637415e-05	1.7330245897939334	0.007119465843296845	4.73847970630294e-06	0.018374540867657593
137.26529523609997	3.142077755410943e-05	1.7331234659380832	0.007085320158091387	4.502296969061938e-06	0.01832223247998033
137.55590697518562	3.001653272526225e-05	1.7334500357771183	0.007051173928773236	4.403733754212832e-06	0.018269923141959604
137.84651871427133	2.8612287896415075e-05	1.7339841317916362	0.0070170276706066495	4.3025538590535745e-06	0.018217613791570206
138.13713045335697	2.7208043067567895e-05	1.7347069878220651	0.006982881383595325	4.1985763956920225e-06	0.01816530442880847
138.42774219244265	2.5803798238720715e-05	1.7355998439372806	0.006948735067742905	4.091596521736262e-06	0.018112995053670724
138.71835393152952	2.678423942789497e-05	1.7366454926139103	0.006914588264677329	4.171405196908391e-06	0.018060684627606127
139.00896567061645	2.7902074324031608e-05	1.7378237569942017	0.006880441456705359	4.26036665454838e-06	0.01800837415099677
139.29957740970337	2.9019909220168252e-05	1.7391158112658227	0.006846294671642973	4.34767513192736e-06	0.017956063684288284
139.5901891487903	3.0137744116304893e-05	1.740502913187019	0.006812147909487253	4.433422420360595e-06	0.01790375322748358
139.8808008878788	3.0020438360856153e-05	1.7419654885637643	0.006778001356972406	4.427528326596037e-06	0.01785144329666717
140.1714126269676	2.964565084310257e-05	1.7434867122662683	0.006747197322082254	4.392540668341934e-06	0.017801704603728097
140.46202436605643	2.9270863325348987e-05	1.7450691611915714	0.006718717620896972	4.350604558421135e-06	0.01775375385647814
140.75263610514529	2.8896075807595406e-05	1.7467309515585387	0.006690237914719369	4.308683536151634e-06	0.017705803108338948
141.04324784422238	3.09769961689034e-05	1.7484922388536557	0.00666175790153239	4.446669338270427e-06	0.01765785134793876
141.33385958329444	3.412100830526161e-05	1.7503705938486531	0.006633277792549295	4.651712308996125e-06	0.017609899155757704
141.6244713223665	3.726502044161982e-05	1.7523838317302263	0.0066047977256272995	4.845471634245327e-06	0.01756194697085464
141.91508306143857	4.040903257797803e-05	1.7545504761161004	0.0065763177007721225	5.029267741642591e-06	0.01751399479322385
142.20569480050324	4.414106394863406e-05	1.7568894085178888	0.006547837661399028	5.239185331671382e-06	0.01746604238341593
142.49630653956254	4.830066473897633e-05	1.7594190338304188	0.0065193576336800745	5.462512108086924e-06	0.017418089808618892
142.78691827862184	5.24602655293186e-05	1.7621576159129562	0.006490877661631066	5.674155727391562e-06	0.017370137243428667
143.07753001768114	5.661986631966087e-05	1.7651236874424743	0.006462397745259588	5.8753969703370915e-06	0.017322184687837666
143.36814175675016	5.792379386568076e-05	1.768334278405671	0.006433918082999163	5.923041106857312e-06	0.01727423329145942
143.65875349583104	5.5741076209972964e-05	1.771807788640587	0.006405438657162667	5.791139630365056e-06	0.017226283297665016
143.9493652349119	5.3558358554265174e-05	1.7755646794977626	0.006376959202152479	5.657788337615851e-06	0.017178333298790847
144.23997697399275	5.137564089855737e-05	1.7796199544076594	0.006353399148540243	5.514154580901421e-06	0.01713458284055878
144.53058871305993	4.813911336312828e-05	1.7839640092358247	0.00633087711650112	5.309591983440337e-06	0.017091718901298493
144.82120045209936	4.276755432725646e-05	1.7885772504112911	0.006308355146827843	4.978168701651781e-06	0.01704885581682856
145.1118121911388	3.739599529138464e-05	1.7934414243996686	0.0062858331299516824	4.630347306025176e-06	0.017005992732925503
145.4024239301782	3.202443625551282e-05	1.7985372792336172	0.006263311065850141	4.262050178209303e-06	0.016963129649611816
145.6930356692248	2.7156251182995267e-05	1.8038457415278337	0.006240788939747408	3.903709835337844e-06	0.01692026636535672
145.98364740829953	2.4268763716891294e-05	1.8093480462715006	0.006218266721479711	3.6704479150485243e-06	0.016877402288466667
146.27425914737427	2.138127625078732e-05	1.8150241728697156	0.006195744477807616	3.4265129860733493e-06	0.016834538211911765
146.56487088644897	1.849378878468334e-05	1.820854860356175	0.006173222208719017	3.169395205387355e-06	0.016791674135704135
146.85548262552481	1.590361284960454e-05	1.826820940591438	0.006150699910728407	2.9229851102554882e-06	0.016748809940733737
147.1460943646129	1.6645292458903246e-05	1.832904116904927	0.0061281775656868	2.9739027892977836e-06	0.01670594441090916
147.43670610370106	1.7386972068201953e-05	1.8390840485715436	0.006105655227210769	3.0226123158693543e-06	0.016663078880958276
147.72731784278915	1.812865167750066e-05	1.8453415019247574	0.006083132895303431	3.0692307044099163e-06	0.016620213350878
148.0179295818773	1.887033128679937e-05	1.8516572454186082	0.0060606733225322725	3.1137689506077156e-06	0.01657757193986718
148.30854131953726	4.706871654676633e-05	1.858027340892094	0.006039168389220332	4.887598590452868e-06	0.0165383280217586
148.59915305712994	7.655985131766893e-05	1.8644495479195435	0.006017663674845745	6.195037886506957e-06	0.016499083551845206
148.88976479472262	0.00010605098608857153	1.870933580791574	0.005996159171887951	7.2459594475428165e-06	0.01645983904835227
149.18037653231534	0.00013554212085947412	1.8774894779044182	0.00597465488047613	8.14050817212548e-06	0.016420594511150605
149.4709882589114	0.00021746588648586916	1.884149271361726	0.005953152050995756	1.0246259832713574e-05	0.01638132876835645
149.7615999833087	0.00030987375007179515	1.890907551667342	0.00593165009712693	1.2153390575620408e-05	0.01634205869220036
150.05221170770596	0.0004022816136577212	1.8977696749602393	0.005910148806877088	1.3758942885782837e-05	0.01630278850966258
150.34282343210324	0.0004946894772436472	1.9047448602652208	0.005888648180650805	1.5159347530284192e-05	0.016263518220338512
150.63144739666183	0.029041185281637984	1.9258671103997156	0.005868379925933587	0.00011528058968616998	0.016212961900827355
150.91924925243808	0.06935588121387494	1.953479446768238	0.0058488617685523835	0.00017672851256639514	0.016157702821846278
151.20705110821433	0.1096705771461119	1.981362739614724	0.005829625527947185	0.00022043727006224772	0.016102402580958505
151.49485296399064	0.14998527307834889	2.008847367392207	0.005810671330165321	0.00025568055186712816	0.01604706105211671
151.7664453550053	0.24258169138907373	2.059522744333728	0.005795854164208133	0.00032193228090089275	0.015972557676428425
152.02657549682152	0.37214824654526935	2.122080454349174	0.005784665909755332	0.00039429312371628026	0.01588478718945733
152.28670563863778	0.501714801701465	2.176812869958392	0.00577618565994747	0.00045312488632235915	0.01579978910935954
152.546835780454	0.6312813568576605	2.2228026149884594	0.005768391052213177	0.0005029846463987186	0.015714674144995645
152.7907256899138	0.7859693827572298	2.2685156712898893	0.005763741835517618	0.0005548912666551361	0.015621204218137442
153.01565891099781	0.9699808741080143	2.3135677459332964	0.005762732127650768	0.0006088169242420582	0.015518013461819465
153.24059213208184	1.1539923654587987	2.3482189210978284	0.0057625207926504515	0.0006557012755931985	0.015414722793904687
153.46552535316584	1.3380038568095833	2.3740616189636907	0.005763107541907935	0.0006969949533496886	0.015311332503001854
153.682009522901	1.5311096974750735	2.3952774037518125	0.005765524331005132	0.0007356954412448711	0.015205198268430838
153.8820488124684	1.7419163992796893	2.4152321548638023	0.00577073604778552	0.0007737498006746187	0.015093838134771605
154.0820881020358	1.9527231010843051	2.4309885905079485	0.005776727692426396	0.0008075698348151425	0.01498240968563773
154.28212739160324	2.1635298028889207	2.4444541072108463	0.005783499087619773	0.0008377058973260962	0.014870913098337199
154.47905364922013	2.377099637264669	2.457832275567607	0.005791377446730035	0.0008650334677871389	0.014758622826520896
154.66463200562703	2.6007418884822875	2.473398798628345	0.0058012085051078075	0.00089090912463554	0.014643632595164475
154.85021036203392	2.824384139699906	2.490298852006294	0.005811786087027295	0.0009138727582524743	0.014528596206115034
155.03578871844087	3.0480263909175247	2.509346639760028	0.005823110210786997	0.0009341819471504772	0.014413513641074065
155.22105101563074	3.2719269049988733	2.531023031128103	0.005835210756741864	0.0009520825931211152	0.014298321214550032
155.40323240452807	3.4983449352787512	2.5554225873683136	0.005848343192029239	0.0009680173589997932	0.014182465393404654
155.58541379342535	3.7247629655586287	2.5821106407980188	0.0058622128682605315	0.000981803074146448	0.014066568410742336
155.76759518232268	3.9511809958385067	2.610508620437717	0.005876820051824466	0.0009935748779341122	0.013950630000174335
155.94977657121999	4.177599026118385	2.6397256546623398	0.005906768538959102	0.001047111276791944	0.013884639611324127
156.1328741568285	4.403276700794802	2.668664119974784	0.005939831484786829	0.001116555441759662	0.013891574603927166
156.3160009233772	4.628930795084695	2.6955497305040006	0.005972613389361791	0.0011843017049000795	0.013912800911228797
156.49912768992587	4.854584889374576	2.718492524390845	0.006005509680946403	0.0012473056900766037	0.013925033486435007
156.68225445647457	5.0802389836644695	2.7357353494655325	0.006038457098049797	0.0013058618539295917	0.013928335591036683
156.87683733779681	5.295996211856694	2.7478793890614637	0.006069465851625433	0.0013585620934958205	0.013927307726705952
157.07349478512398	5.509961235416936	2.75209842389582	0.006100078127731324	0.0014071364864725454	0.01391812006704016
157.27015223245115	5.72392625897718	2.7468824357959494	0.006130584879379081	0.0014519647184863794	0.01389999646125903
157.46680967977832	5.9378912825374215	2.731429264488595	0.006160926326980621	0.0014930851675699062	0.013872996688950647
157.67505931434386	6.140338716113519	2.7081094931711216	0.006188900764755761	0.0015290992042104776	0.013841973037250772
157.88775029064175	6.338373388577253	2.675260784282671	0.0062158095357069025	0.0015611543561992146	0.013803981261460327
158.10044126693964	6.536408061040986	2.6320356171454087	0.006242424861972936	0.0015898147750736569	0.013757232354995631
158.31313224323753	6.734442733504721	2.5790126330612253	0.006268692636459532	0.0016150513647314483	0.013701780424951012
158.5365335161602	6.919817964137098	2.5203647134570195	0.0062923294660165085	0.0016357230862886932	0.0136429046143612
158.76706577140374	7.096764459408184	2.4562005885482883	0.006314086137577747	0.0016524776264516437	0.01357908135664283
158.9975980266472	7.27371095467927	2.385705871538951	0.006335415065217407	0.0016660872535801622	0.01350692068878873
159.22813028189074	7.450657449950357	2.3104412352393413	0.006356270650589296	0.0016765070055213395	0.013426468209145084
159.46748211666454	7.614659686620835	2.235297743448835	0.006374478429218488	0.0016830518199318204	0.013343575804992609
159.71650945348068	7.764461450344278	2.1618183872018752	0.006389873484342878	0.0016860056061703316	0.013259318584974677
159.96553679029677	7.914263214067722	2.0878652116991367	0.006404786103913519	0.0016861669970886512	0.013167527945734147
160.21456412711288	8.064064977791165	2.0148517371799275	0.00639528897714385	0.0016906326973487858	0.013100381864632625
160.46844696556315	8.204797015318539	1.9455657348700306	0.006362909415457799	0.0017038410575851918	0.013075010591488273
160.73119249200153	8.328974192098327	1.881281685228113	0.006332232212553679	0.0017150311165590915	0.013050879903510018
160.99393801843988	8.453151368878112	1.8189775992720356	0.006301741908749401	0.0017265984422760187	0.01302787963146344
161.25668354487826	8.577328545657899	1.758959987984473	0.0062714407366838195	0.0017385458530096106	0.013006007542709684
161.52141654083263	8.696853859879061	1.7019893738023544	0.006241769679087275	0.001750189303637416	0.012985249717554511
161.79277625840888	8.800868698115325	1.6490018426478552	0.006213735334586242	0.0017598974829176907	0.012965487072051005
162.0641359759851	8.90488353635159	1.5979613526714005	0.00618586439769837	0.001769943704353624	0.012946700620958363
162.33549569356137	9.008898374587854	1.548920644468993	0.006158158478207927	0.0017803299257034629	0.012928888754492317
162.60733695865494	9.111565396525178	1.501987226353172	0.006130747337556384	0.0017908534250659113	0.012912031482811236
162.8831726167686	9.203052404397257	1.4575971132433434	0.006104555394032973	0.0018000026939105557	0.012895938305631044
163.15900827488224	9.294539412269337	1.4149163652308065	0.00607851183362242	0.001809461424238475	0.01288071562376614
163.43484393299588	9.386026420141416	1.3739614996676832	0.0060526179519590625	0.0018192311756634995	0.012866362141582186
163.71067959110954	9.477513428013495	1.3347464046500896	0.006026875076380122	0.0018293135454034042	0.012852876531741959
163.98833589216662	9.563313211602173	1.2973982550948904	0.006001812240006037	0.0018388060565964698	0.012840075360498481
164.26602070917846	9.64902391861984	1.2617098940460587	0.0059751806060997165	0.001846247293972271	0.012823773201294174
164.5437055261903	9.734734625637506	1.2274316265996055	0.005948982834930113	0.001853655045270695	0.012807360631796322
164.82139034320218	9.820445332655172	1.194240574553518	0.005923302362561805	0.0018611260199920803	0.012791010902195778
165.09946329964112	9.904886613170207	1.161820571321576	0.005898240955314461	0.0018684526723242978	0.012774677034223442
165.3775987996636	9.989123342235462	1.1298432004590655	0.00587370563068667	0.001875806613442855	0.0127583976274123
165.65573429968606	10.073360071300716	1.0980076344128968	0.0058496795278435085	0.0018832201787620443	0.012742180086170026
165.93386979970856	10.15759680036597	1.066035968330433	0.005826162727555376	0.0018906923998744031	0.012726024329726214
166.21210741030444	10.241495374546268	1.0336792101607297	0.005803178557799796	0.001898166785162197	0.012709917615227018
166.49038118960473	10.325274170493017	1.000717391499045	0.00578070975100013	0.0019056778366934827	0.01269386792138503
166.76865496890508	10.409052966439768	0.9669660661248078	0.005758747744831167	0.0019132440310325057	0.012677879692065313
167.04692874820537	10.492831762386517	0.9322794300486836	0.0057372925426634755	0.0019208641767396255	0.012661952923897303
167.32563035157068	10.575167539718494	0.8965697313471364	0.005716427265186695	0.0019282990203270678	0.012646032772029804
167.60459993308186	10.6565994467811	0.8597700590219599	0.005696109915011745	0.0019356353217970736	0.012630138931100023
167.88356951459303	10.738031353843704	0.8218437487159143	0.00567628576772422	0.001943020684655546	0.01261430561476804
168.1625390961042	10.81946326090631	0.7828060995098411	0.0056577403551359194	0.0019498147978298525	0.01259721157365735
168.44220874791628	10.898413968476664	0.7427924965073744	0.005640638560426576	0.0019557266247315916	0.012579005133600314
168.722600386719	10.974805799099501	0.7019268430467662	0.005624456857536365	0.0019611846905609716	0.01256060109833487
169.00299202552168	11.051197629722338	0.6602647912988926	0.0056090670663344125	0.0019666113148773	0.012542101289375013
169.2833836643244	11.127589460345176	0.6178829101258394	0.005594468427512358	0.0019720035801979834	0.012523506466029082
169.56437987565144	11.201660050093523	0.5748712024548577	0.005580721259082613	0.001976977700207924	0.012504736907643796
169.84641212097114	11.271752813602212	0.5312701328876236	0.005567826156723949	0.001981262223707431	0.012485741451593223
170.12844436629086	11.341845577110902	0.4870135281438397	0.005555658073302892	0.001985508333263467	0.012466661450237917
170.4104766116106	11.411938340619592	0.4420833248547727	0.005544216162164998	0.0019897131773646973	0.012447497750232319
170.69286729929385	11.48051884050294	0.3964594475796264	0.005533510867798878	0.0019936292346169385	0.01242820502271231
170.97635574808774	11.544467900674459	0.3501051028618958	0.005523526916337674	0.001996752850808512	0.012408693387716368
171.2598441968816	11.608416960845979	0.3028881863329117	0.005514205869255168	0.001999832587573914	0.012389108034987504
171.54333264567546	11.672366021017497	0.2547262964922936	0.005505546838416	0.0020028657400239167	0.01236944985266107
171.8269612725019	11.735665390642271	0.2055318410184171	0.00549754133461183	0.002005746172359324	0.012349702395049487
172.11159732883056	11.794295573432663	0.15522218167838545	0.005492989374824854	0.002008796637235675	0.012330312110022144
172.39623338515923	11.852925756223058	0.1038966950085001	0.005493601494936667	0.002013295301089208	0.012311731502567591
172.6808694414879	11.911555939013452	0.052005040610118326	0.00549495667253879	0.002017749324168506	0.012293119174876207
172.9655054978166	11.970186121803849	0.00010367747262566143	0.005497053109224521	0.002022153406235612	0.012274476925354699
