Q20	Q30	Q40	EHFB	M22	M23	M24	M33	M34	M44
0.0	0.0	0.0	13.618000000367113	0.118	0.0	0.0	0.126	0.0	0.61
0.5324265101719764	0.0	1.3109300478854794e-06	13.638192840563379	0.11959727953051592	2.287078597984812e-08	-0.019433573260393855	0.12613317094972556	2.2728731408544714e-08	0.5849758835091168
1.0648530203439528	0.0	2.621860095770959e-06	13.668191387523395	0.12119455906103185	3.871820948454672e-08	-0.03886714403425566	0.1262663171650007	3.847772371135078e-08	0.5599517747831932
1.5972795305159293	0.0	3.932790143656438e-06	13.710384957814219	0.1227918385915478	4.754227050335889e-08	-0.05830071232158542	0.12639943864582537	4.724697689774797e-08	0.5349276738222295
2.1297060406879056	0.0	5.243720191541918e-06	13.767162886007316	0.12438911812206371	4.934296906013768e-08	-0.07773427812238311	0.12653253539219958	4.903649099144117e-08	0.5099035806262255
2.6621325508614317	0.0	5.324798795413204e-06	13.840913063969866	0.1259863976525843	3.584199600287791e-08	-0.09716784081184683	0.12666559346949008	3.561937490969233e-08	0.48487954677739975
3.1945590610350205	0.0	5.355366485674997e-06	13.93402640951627	0.12758367718310507	2.1701951784017106e-08	-0.11660140336976578	0.12679864992121131	2.1567157052439357e-08	0.45985551537774805
3.72698557120861	0.0	5.385934175936789e-06	14.048892350673082	0.12918095671362584	7.3981398922755304e-09	-0.1360349658697049	0.12693170579618548	7.352188712820404e-09	0.43483148415915623
4.259412081382199	0.0	5.416501866198583e-06	14.18783785300298	0.13278867587908838	0.0	-0.15015057809657437	0.12771331571158526	4.3909563219411305e-11	0.43775908416524256
4.791838591555017	0.0	6.2914497696924046e-06	14.351665637268255	0.1385122506921865	0.0	-0.15866938776502248	0.12917747655758727	1.5568164764851474e-10	0.47010393161154584
5.324265101727772	0.0	7.234599705096052e-06	14.539599986471632	0.1442358225989473	0.0	-0.1671881936327477	0.13064163620827357	2.9939149732548173e-10	0.5024487673151722
5.856691611900526	0.0	8.177749640499698e-06	14.75079321034874	0.14995939164968428	0.0	-0.1757069958912121	0.1321057955137262	4.744862237826318e-10	0.5347935937916446
6.389118122073281	0.0	9.120899575903342e-06	14.984397680902461	0.1556829578443975	0.0	-0.18422579454041568	0.1335699544739452	6.809658270862765e-10	0.5671384110409633
6.920417064107439	0.0	0.03277037326719939	15.269738710063626	0.16112232758562092	0.0	-0.19232129535434395	0.13459271559679659	2.9907236652093702e-06	0.597405486009237
7.451583654948937	0.0	0.06937695067412653	15.578787773419101	0.1664235589232977	0.0	-0.20023469606753289	0.1355510007915564	7.483135905531644e-06	0.6270901602836644
7.982750245790435	0.0	0.10598352808105371	15.906797749759098	0.1716142014250964	0.0	-0.2080083416584583	0.1364959181050563	1.3190810078579817e-05	0.6564175475498703
8.513916836631932	0.0	0.14259010548798084	16.252280836449497	0.17407815076414018	0.0	-0.21528608395612484	0.1404560089651272	1.7823763185997657e-05	0.699265692379915
9.045760436011372	0.0	0.16709104031942842	16.602999434945627	0.17663939223245922	0.0	-0.22276434240072018	0.1446617831991064	2.0886380039928597e-05	0.7432603041572647
9.577696504877203	0.0	0.18993852103813774	16.967331111548646	0.17926171073584768	0.0	-0.23027816789906377	0.14886543078691927	2.374231512976721e-05	0.7871659379024591
10.109632573743038	0.0	0.21278600175684717	17.34563303023544	0.18192732572344789	0.0	-0.23779958927183065	0.15304249281425125	2.6598250219605935e-05	0.8308490125270565
10.641568642608872	0.0	0.23563348247555654	17.73687733291879	0.18463623719525993	0.0	-0.24532860651902066	0.1571929692811023	2.9454185309444547e-05	0.874309528031056
11.172817877767905	0.0	0.20663412269667453	18.09775290208301	0.18768143589950817	0.0	-0.25364613809033343	0.16220386113861762	2.5829265337084294e-05	0.9226891361406167
11.703962046447991	0.0	0.1697036364723022	18.46715191292546	0.19070908206212828	0.0	-0.2620721860388822	0.16738873809235333	2.1212954559037824e-05	0.9721758880461965
12.235106215128077	0.0	0.13277315024792985	18.850631759858388	0.18999733915190112	-2.04853640416834e-05	-0.26070516069777516	0.1721323952034609	0.00018925899784660847	1.0033735655862426
12.766250383808162	0.0	0.09584266402355764	19.246161699896746	0.18461818414231704	-4.819465749869361e-05	-0.24692530535205814	0.1760555647155022	0.0004181924462062194	1.0111440644570173
13.298118230841592	0.0	0.0723519321139151	19.66026291498936	0.17915324918422681	-6.163589388710682e-05	-0.23285211373985948	0.17956790222670932	0.0005285465257055682	1.0174344851525372
13.83015692978605	0.0	0.05203416744556499	20.082204476955642	0.1736544617586097	-6.249514171434729e-05	-0.2186631628193477	0.18287268552944458	0.0005332490368087654	1.023352662570033
14.362195628730507	0.0	0.03171640277721488	20.507091861454505	0.16813473027365092	-4.916647837460122e-05	-0.20440259672818345	0.18600721389817598	0.0004183677252187906	1.0292357080170207
14.894234327674962	0.0	0.011398638108864843	20.93238032969179	0.16259405472935043	-2.1649903867870282e-05	-0.19007041546636688	0.18897148733290353	0.00018390259093565767	1.0350836214934989
15.426556727001309	0.0	0.004947726501101029	21.36345861034491	0.1570165503923346	-1.1125843001246577e-05	-0.17560827230875173	0.19188989457168973	9.439342825171586e-05	1.0394797107991822
15.958981235480364	0.0	0.003487758533717283	21.792065025339294	0.15142925052519585	-9.061480698948391e-06	-0.16111118385773	0.19481991894010578	7.681130713642254e-05	1.0433590646487447
16.49140574395942	0.0	0.002027790566333542	22.212918870855486	0.153090142880949	-9.900474798528204e-06	-0.14919306078813627	0.1941723931035379	5.162652128076459e-05	1.0753665667090275
17.023830252438472	0.0	0.0005678225989497961	22.624420579466516	0.15535248268965376	-4.161129052213425e-06	-0.1374791372460888	0.19321894379375648	1.6431020844078334e-05	1.1097231310223592
17.556256035141956	0.0	0.0002815767785629372	23.025740393704744	0.15761505068411627	-2.7521458395452447e-06	-0.1257651883970695	0.1922826186071101	9.12711339326839e-06	1.143960604145621
18.088682458563902	0.0	0.0005855138461325947	23.415163958919145	0.1598796618279222	-7.154911891429623e-06	-0.11405720984064215	0.19135905744582843	2.101509158988485e-05	1.1781376507167356
18.621108881985855	0.0	0.0008894509137022524	23.791029138474016	0.1621450618643416	-1.304443709937892e-05	-0.1023516788741178	0.190437195437868	3.501689743014179e-05	1.2123144747796777
19.153535305407797	0.0	0.0011933879812719079	24.151962652698213	0.16441125079337437	-2.0420721463416946e-05	-0.09064859549749693	0.1895170325832288	5.113253091410596e-05	1.2464910763344463
19.68596173814945	0.0	0.0011496341175279388	24.496453472554368	0.16667523519855565	-2.2483839039815454e-05	-0.07893887605049262	0.18858719022825332	5.3255579125834233e-05	1.280703584231121
20.21838817710013	0.0	0.0008742399844664417	24.82321447834826	0.16402270722961532	-1.671232296350491e-05	-0.06661990391816734	0.18753851154277376	3.810297109412931e-05	1.2647690139186014
20.75081461605081	0.0	0.0005988458514049446	25.132206392300855	0.15430347224803864	-8.697771249287448e-06	-0.053434630170616476	0.186330859020587	1.9105580654424324e-05	1.1766855681518793
21.283241055001486	0.0	0.00032345171834344743	25.424830206505664	0.14458409063934452	-3.2125373132192315e-06	-0.04024920979594814	0.18512346309585595	6.541454998272843e-06	1.0885970729137964
21.81564114520467	0.0	0.004055155222867448	25.704221646130193	0.1349062475335656	-2.1654914627060595e-05	-0.02718213493337258	0.18404776101573686	3.4648756271011416e-05	1.000215924036569
22.348017923057576	0.0	0.011332183364919859	25.9718218480389	0.12526821620806947	-8.480387447534058e-06	-0.014222827715049324	0.18308322132784738	-3.552235137953765e-05	0.9116812295622289
22.880394700910486	0.0	0.018609211506972322	26.227730164389516	0.1156340590033679	7.152272343902942e-05	-0.0012673946175205866	0.18211190192856738	-0.0002756705088936372	0.8232799501227528
23.4127714787634	0.0	0.025886239649024784	26.473417465881575	0.10600377591946088	0.0002183544180326305	0.011684164359213623	0.1811338028178968	-0.0006857957162712891	0.7350120857181405
23.940243735921463	0.0	0.07831319614399082	26.728850104146154	0.09697902457355638	0.0010168657006884455	0.023134819833679307	0.18155646626614835	-0.002980921091019955	0.6460485428871623
24.46176556571347	0.0	0.18551846553885365	27.001407809804522	0.09884019930700634	0.002215376402508803	0.005676842900083413	0.1841654274436503	-0.0064615145073173424	0.6410506688999649
24.983287395505478	0.0	0.29272373493371645	27.268985474447227	0.10158521005651037	0.0029803389102312358	-0.01424725639662521	0.18742651172271485	-0.008692655154841104	0.6473161140291933
25.504809225297482	0.0	0.39992900432857853	27.530763108285257	0.10387595296391693	0.0033679096722111354	-0.03307062976825132	0.1913095935086514	-0.00982306987728248	0.6539449734320997
26.027729603988895	0.0	0.4996388288329652	27.782595912168777	0.1056923243400343	0.003325802188966593	-0.050757295121196346	0.19549950645392392	-0.009700256384485895	0.6611795446001507
26.552820231691662	0.0	0.5877173247008125	28.021815001766015	0.10707785786072326	0.002870547598545699	-0.06741976252201551	0.1997475496447102	-0.008372430495758289	0.669109822675035
27.07791085939443	0.0	0.6757958205686598	28.253369504152666	0.108087616690868	0.0021031109575188503	-0.08317169894190062	0.20451011510408784	-0.006134073626096646	0.6773407205023547
27.603001487097195	0.0	0.7638743164365072	28.477168734476457	0.10872160083046856	0.0010234922658860462	-0.0980131043808517	0.2097872028320567	-0.0029851857755009677	0.6858722380821098
28.129354296877317	0.0	0.8431131172563919	28.689142596041336	0.10899365554506249	0.0	-0.10943973702038261	0.21431711810074616	0.0	0.6907021915239172
28.658112020325717	0.0	0.905509099733552	28.88583272857207	0.10911647255548378	0.0	-0.11261395377870123	0.21566526734436078	0.0	0.6830543443934234
29.186869743774118	0.0	0.9679050822107118	29.074862515547863	0.10924341361061093	0.0	-0.11572012379937299	0.21696186602915213	0.0	0.6754539237770473
29.715627467222525	0.0	1.030301064687872	29.25580203808409	0.10937447871044396	0.0	-0.11875824708239799	0.2182069141551201	0.0	0.6679009296747885
30.245204780835852	0.0	1.0834882020592873	29.4243728909632	0.10955393940629055	0.0	-0.12183700715931656	0.2189241863206087	0.0	0.6605757970093135
30.776670935345273	0.0	1.1154524844162867	29.57601656697698	0.10983825012080689	0.0	-0.1251196932999166	0.2185086781682377	0.0	0.6536989400094361
31.30813708985469	0.0	1.1474167667732862	29.719881790934405	0.1101246843271015	0.0	-0.12836734182617562	0.21806662636863874	0.0	0.6468465031650085
31.839603244364113	0.0	1.1793810491302859	29.855766370030416	0.11041324202517434	0.0	-0.13157995273809373	0.2175980309218118	0.0	0.6400184864760307
32.37132151097792	0.0	1.203139546532831	29.980762121741396	0.10620445448917148	0.0	-0.12471791947799568	0.21665481584250096	0.0	0.6131473547316793
32.9037475310381	0.0	1.2038619719629586	30.09086690895722	0.10013552445918329	0.0	-0.1137538174609224	0.21453538325227714	0.0	0.5779476524844117
33.43617355109828	0.0	1.204584397393086	30.194084108119302	0.09406794066253303	0.0	-0.10279190307302327	0.21241400343168945	0.0	0.5427526860937079
33.968599571158464	0.0	1.2053068228232138	30.290131203832622	0.08800170309922063	0.0	-0.09183217631429813	0.210290676380738	0.0	0.5075624555595675
34.50099995621111	0.0	1.2034044233540455	30.378168283994768	0.08193775535083482	0.0	-0.08089061890108881	0.20805088161089336	0.0	0.4723890968532552
35.0333103086873	0.0	1.1922833900246768	30.45694643111986	0.0758649897750747	0.0	-0.06998547665566225	0.20542642777614284	0.0	0.43721568297582364
35.56562066116348	0.0	1.1811623566953076	30.528385401690485	0.06977150475521458	0.0	-0.05904666531357318	0.2028319431373229	0.0	0.40196938105396907
36.09793101363966	0.0	1.170041323365939	30.592141478267358	0.06474062482362404	0.0	-0.05010642665846974	0.2002789254831481	0.0	0.3735490237947675
36.63025457026353	0.0	1.1621107259250179	30.648327677626728	0.06451355058858077	0.0	-0.05016000112672779	0.19794020081255012	0.0	0.37573453747260216
37.162638738541226	0.0	1.1688253445218244	30.69776588273815	0.06432203972623089	0.0	-0.050192195837303256	0.19614418438988396	0.0	0.37796527254660706
37.69502290681891	0.0	1.1755399631186307	30.73890654691183	0.06413119913075047	0.0	-0.05022640134848699	0.19431398435687686	0.0	0.3801694203681245
38.2274070750966	0.0	1.1822545817154373	30.77203650267402	0.06394102880213945	0.0	-0.05026261766027904	0.19244960071352882	0.0	0.38234698093715463
38.75975406455673	0.0	1.190549581970198	30.79747825380928	0.06375570547939134	0.0	-0.050299500176630714	0.1905933442150209	0.0	0.384489880425953
39.29186502889114	0.0	1.2088774397482152	30.81552764732014	0.06359822590821794	0.0	-0.050331831412970846	0.1889379520441834	0.0	0.3865288373415469
39.82397599322555	0.0	1.2272052975262322	30.82612872127086	0.06344257492218384	0.0	-0.050369648404728976	0.18718930203123982	0.0	0.3884952603799473
40.35608695755997	0.0	1.2455331553042492	30.829590122346058	0.06404250625939145	0.0	-0.050549959976708865	0.1864220623113016	0.0	0.3968755120826479
40.88817293933743	0.0	1.2644764181775041	30.825893574681626	0.06502014588469221	0.0	-0.05082540115033742	0.18612349754176935	0.0	0.4084515734850411
41.420018575762555	0.0	1.2893402021047118	30.81464961045902	0.0660190047389567	0.0	-0.05114327825126547	0.18584633449392798	0.0	0.4199787282324494
41.95186421218769	0.0	1.3142039860319197	30.79573264160088	0.06702282247884121	0.0	-0.05150330587996362	0.1854749526193063	0.0	0.4315182801939078
42.48370984861282	0.0	1.3390677699591276	30.768917647985198	0.06803159910434574	0.0	-0.051905484036431894	0.1850093519179044	0.0	0.4430702293694162
43.015530131550776	0.0	1.364392233149084	30.733939727587252	0.06904681744292018	0.0	-0.052351779323788684	0.18445418328113666	0.0	0.45463023159536686
43.54689222605809	0.0	1.3980420958000086	30.690130535145684	0.07009471122277998	0.0	-0.05288357613507678	0.18387138793792546	0.0	0.46612642048878095
44.07825432056541	0.0	1.4316919584509329	30.637573045278643	0.07127986766387752	0.0	-0.053768893768401466	0.18309387213476738	0.0	0.4777513819543631
44.60961641507272	0.0	1.4653418211018567	30.576220136302084	0.07321934933679003	0.0	-0.05639289911708931	0.18183696449805034	0.0	0.4900012789328288
45.14097243957968	0.0	1.4990772317725019	30.50663983709601	0.07515126568950953	0.0	-0.059012897098885186	0.18051899891712758	0.0	0.5021965830635591
45.671762320890615	0.0	1.5407916253741032	30.42900713471037	0.07709841496447699	0.0	-0.061671042150347744	0.17916998448157048	0.0	0.5142429885908176
46.202552202201545	0.0	1.5825060189757045	30.34442989281136	0.07903587729905685	0.0	-0.06432365180730308	0.17774485837153958	0.0	0.5262229693839899
46.73334208351249	0.0	1.624220412577306	30.253559090196276	0.08096365269324919	0.0	-0.0669707260697513	0.1762436205870348	0.0	0.5381365254430761
47.26413196482343	0.0	1.6659348061789072	30.157036630553925	0.08288174114705393	0.0	-0.06961226493769229	0.17466627112805616	0.0	0.549983656768076
47.794228843361516	0.0	1.715666199749057	30.05492001450586	0.0848092082597062	0.0	-0.07228842215690937	0.17301484621450483	0.0	0.5616405343975014
48.32430349752142	0.0	1.765654695954546	29.948286059694215	0.08603404032549039	0.0	-0.07368215111580641	0.17080914925228927	0.0	0.5651847740668086
48.854378151681324	0.0	1.8156431921600351	29.837034358423303	0.08678705078623275	0.0	-0.07423623881807626	0.16826232873324692	0.0	0.5634881336855487
49.38445280584123	0.0	1.8656316883655244	29.720544654707354	0.08750197089689535	0.0	-0.07475554837462112	0.16567907396630216	0.0	0.5616291952909053
49.914137640971106	0.0	1.9195828036984495	29.597870007040065	0.08818331299060615	0.0	-0.07525620907626857	0.1630545620367942	0.0	0.5595310688980077
50.44379195496781	0.0	1.9738441748598485	29.468672028786933	0.08882381197635476	0.0	-0.07572051852317366	0.16039026723805846	0.0	0.5572513898499785
50.973446268964494	0.0	2.028105546021247	29.33237396071566	0.0894229975437073	0.0	-0.07614710702284755	0.1576864552565092	0.0	0.5547956797148702
51.503100582961196	0.0	2.082366917182646	29.188385706125754	0.08998086969266375	0.0	-0.07653597457529024	0.1549431260921462	0.0	0.5521639384926831
52.03301455301929	0.0	2.1340223879978386	29.03636628722623	0.09037238586527173	0.0	-0.0767981290987509	0.15218095529045705	0.0	0.5492006201684899
52.562962045513785	0.0	2.185341428659344	28.876019630202318	0.08882726387532487	0.0	-0.07580687332023411	0.14959835125945384	0.0	0.5427382766944144
53.0929095380083	0.0	2.2366604693208507	28.70876147116052	0.08724134729000425	0.0	-0.0748122179921028	0.14699534993076363	0.0	0.536134851911338
53.6228570305028	0.0	2.2879795099823563	28.53632544705415	0.08561463610930999	0.0	-0.07381416311435705	0.14437195130438668	0.0	0.5293903458192613
54.15344685454613	0.0	2.332054040439438	28.36117445912956	0.08395871209319554	0.0	-0.07279238274974019	0.1417536725048228	0.0	0.5227271132067863
54.68415645045027	0.0	2.374777728844133	28.184414056056923	0.08227040378527917	0.0	-0.07176393366846692	0.1391228797984501	0.0	0.515985877572664
55.21486604635439	0.0	2.4175014172488276	28.007549545126228	0.08054808467024967	0.0	-0.07073265035326758	0.13647508168852088	0.0	0.5091270212306088
55.74557564225852	0.0	2.4602251056535227	27.83219111346388	0.0787917547481069	0.0	-0.0696985328041421	0.133810278175035	0.0	0.5021505441806204
56.27746550092528	0.0	2.4815548987750913	27.662955492807757	0.07759518616246232	0.0	-0.06955553432272607	0.13058055008668823	0.0	0.4978843421953788
56.80965411181138	0.0	2.4974693946436104	27.499080258984264	0.07689581823269058	0.0	-0.07026858405765458	0.1267816252670936	0.0	0.4956752411667953
57.34184272269749	0.0	2.51338389051213	27.340501783784386	0.07620174374882459	0.0	-0.07098004575881137	0.12298270044749893	0.0	0.49346402275984946
57.87403133358358	0.0	2.529298386380648	27.18786556973822	0.0755129627108644	0.0	-0.07168991942619639	0.11918377562790444	0.0	0.49125068697454155
58.406364256736445	0.0	2.5280311391430725	27.045397443248316	0.07487222146342169	0.0	-0.07235930887922948	0.11546330618430817	0.0	0.4896649451360017
58.93874510346485	0.0	2.5210581360327664	26.91200099741973	0.07424430436746896	0.0	-0.07301619294032764	0.11176889039659449	0.0	0.4882888678606777
59.47112595019325	0.0	2.5140851329224603	26.78730467492922	0.0736140670882037	0.0	-0.07367377305641956	0.1080744746088809	0.0	0.4869137186586788
60.003506796921656	0.0	2.5071121298121537	26.672040172646366	0.0729932838006228	0.0	-0.07434925343478933	0.10439940855622365	0.0	0.4856578764677406
60.53522499627398	0.0	2.4822461760476644	26.571827947093546	0.07415148061167971	0.0	-0.07755015353354809	0.10369301821547174	0.0	0.50273753212713
61.066663273791264	0.0	2.449821711131468	26.483669224303686	0.07524658852431855	0.0	-0.08066212503105896	0.10293577133063568	0.0	0.5196788035152419
61.59810155130853	0.0	2.4173972462152715	26.404412588856424	0.0762641542289272	0.0	-0.08370301617120876	0.10209236643687726	0.0	0.5362119013360835
62.12953982882581	0.0	2.3849727812990755	26.332997620190152	0.07720417772550568	0.0	-0.08667282695399767	0.10116280353419638	0.0	0.5523368255896557
62.6615631264437	0.0	2.3671661253084615	26.262691177847	0.07812601147172726	0.0	-0.08968628791887989	0.10017564762372871	0.0	0.5679922255611943
63.19389290542334	0.0	2.357017472830516	26.19412651707928	0.07904547800032981	0.0	-0.09272918164057967	0.09916627763220857	0.0	0.5834393506166673
63.72622268440298	0.0	2.3468688203525705	26.128948797227704	0.079940633594245	0.0	-0.09574979033881603	0.09812989549103579	0.0	0.598758505613161
64.25855246338261	0.0	2.3367201678746254	26.0660641759112	0.07999831835146123	0.0	-0.09664533438863297	0.09613206273651194	0.0	0.6003090286702077
64.79005873685132	0.0	2.3567125318061652	25.989545673196524	0.07939146006033038	0.0	-0.0955703492613572	0.093297466212502	0.0	0.5873839118626012
65.32104021894185	0.0	2.395912715639774	25.902261824073555	0.07889211263103305	0.0	-0.09454002233980305	0.09054861989826046	0.0	0.5736842058885815
65.85202170103236	0.0	2.435112899473383	25.813567726717086	0.07836804789782988	0.0	-0.09337049796993703	0.0877815608337726	0.0	0.5591011815276109
66.38300318312288	0.0	2.4743130833069915	25.72365787666358	0.07781926586072083	0.0	-0.09206177615175909	0.08499628901903825	0.0	0.5436348387796888
66.91283977958702	0.0	2.525662914510758	25.624395291030552	0.07731150987854163	0.0	-0.09062489963290381	0.08224903666669736	0.0	0.5266936841849967
67.44179717728406	0.0	2.586342896030157	25.51634784672996	0.07681903508777796	0.0	-0.08899824071956758	0.07951902615880152	0.0	0.5080401673643183
67.9707545749811	0.0	2.6470228775495563	25.40577200203883	0.07628844496093812	0.0	-0.08715693228201268	0.0767609306664285	0.0	0.4880245287964954
68.49971197267816	0.0	2.7077028590689554	25.29294221792467	0.0765000561619553	0.0	-0.08951190334990398	0.07822231266741127	0.0	0.49515927355628087
69.02821798426706	0.0	2.7720964362398206	25.174520478489843	0.0766989906343129	0.0	-0.09200832041251249	0.08004921916444016	0.0	0.5034016396103017
69.55630947247357	0.0	2.8399003359762154	25.050103635134892	0.07683123320332996	0.0	-0.09438463354036591	0.08200417305550947	0.0	0.5111187581649532
70.08440096068009	0.0	2.9077042357126093	24.922480856689965	0.07688291078213154	0.0	-0.09665576459766025	0.08407326068271741	0.0	0.5185807542505891
70.61249244888658	0.0	2.9755081354490036	24.791611684222943	0.07685402337071763	0.0	-0.09882171358439537	0.08625648204606393	0.0	0.5257876278672089
71.14132843009585	0.0	3.0368621505683047	24.664642090720996	0.07673721864832093	0.0	-0.10093514757800906	0.08850065927582178	0.0	0.5333090692175539
71.67097995803734	0.0	3.091150709997405	24.543373389877573	0.07654351556621748	0.0	-0.1030163950358329	0.090784112870664	0.0	0.5412365644039041
72.20063148597882	0.0	3.145439269426505	24.4204232840659	0.0780227335731964	0.0	-0.10880998771976233	0.09168869188088832	0.0	0.5619930601683828
72.7302830139203	0.0	3.1997278288556057	24.295981549890147	0.08242433499509716	0.0	-0.12109125267806137	0.0901494788885237	0.0	0.6052894874024105
73.26057242285252	0.0	3.2466181948224753	24.1802295918209	0.0869432816631901	0.0	-0.13380302372654213	0.08845996465756797	0.0	0.650793828959843
73.79169967100975	0.0	3.283791236136645	24.07794607940127	0.09154386040179956	0.0	-0.1468559931940624	0.08662039902627977	0.0	0.6982393026592749
74.322826919167	0.0	3.3209642774508144	23.97708611691976	0.0962369873363724	0.0	-0.16019524508109612	0.08472036857362883	0.0	0.7469088804973154
74.85395416732422	0.0	3.358137318764983	23.878008262793944	0.10102266246690825	0.0	-0.17382077938764212	0.08275987329961534	0.0	0.7968025624739608
75.38508180328647	0.0	3.3953048180606205	23.78108532541495	0.10590084450838153	0.0	-0.18773251912482897	0.08073888488216874	0.0	0.8479202955128635
75.91621005350518	0.0	3.432463539180244	23.686693321053927	0.11087148474915373	0.0	-0.20193034322800468	0.07865740285777778	0.0	0.9002617231918615
76.44733830372388	0.0	3.4696222602998668	23.59521417971422	0.11114489511696743	0.0	-0.20200062630545929	0.077798179532462	0.0	0.8995118410976113
76.97846655394258	0.0	3.5067809814194897	23.507179806256328	0.1105250381267287	0.0	-0.19939822649974492	0.0771278639649796	0.0	0.8888723402658963
77.50951215558922	0.0	3.5450706766141864	23.421204347415227	0.10991221626206606	0.0	-0.19682425622647975	0.07640929726272098	0.0	0.8784870361261343
78.0403998459538	0.0	3.585521250837294	23.335882354793387	0.10931598676953555	0.0	-0.19430040333889645	0.07564160134351929	0.0	0.8684141144725944
78.57128753631838	0.0	3.6259718250604007	23.255582452427014	0.1087157307685194	0.0	-0.19178191912929393	0.07481887647501431	0.0	0.8585626507857629
79.10217522668299	0.0	3.6664223992835074	23.18100874885587	0.10811144825901761	0.0	-0.18926880359767204	0.07394112265720602	0.0	0.8489326450656388
79.63318367669208	0.0	3.7051676904776394	23.11623496182294	0.10748729678458221	0.0	-0.1867252042997472	0.0730094587784752	0.0	0.8394292140208908
80.16447380944216	0.0	3.739935255506641	23.066809583468245	0.10708095301327594	0.0	-0.184951321893852	0.07237587486470047	0.0	0.8313016492891755
80.69576394219223	0.0	3.774702820535643	23.025758261097202	0.1072641202627003	0.0	-0.1851060893396394	0.07246776643815728	0.0	0.8264905362090884
81.2270540749423	0.0	3.809470385564645	22.99350502583965	0.10746922261340923	0.0	-0.18531396282011584	0.07251578780904493	0.0	0.8218895383097276
81.7584797698373	0.0	3.8418384210504017	22.97557249541537	0.10767182953329214	0.0	-0.18551925444742323	0.0725279741488132	0.0	0.8173386043342996
82.29030514466413	0.0	3.867131887122402	22.982784749400427	0.1078206071416832	0.0	-0.1856044228123287	0.07252745151154838	0.0	0.8124901217935814
82.82213051949094	0.0	3.892425353194402	23.000751030518305	0.10798535865222514	0.0	-0.18572826483507313	0.07249498106998183	0.0	0.807794652420835
83.35395589431778	0.0	3.917718819266402	23.02986103990665	0.10816608406491793	0.0	-0.18589078051565644	0.07243056282411355	0.0	0.8032521962160596
83.88586055180942	0.0	3.940921417591881	23.075244198583174	0.10833886750642803	0.0	-0.18603710032052295	0.07234646394825353	0.0	0.7986985172213292
84.41807421705437	0.0	3.9559747648001142	23.151299294943616	0.10801819966533917	0.0	-0.18616767704666323	0.07296020228442417	0.0	0.7937285280609646
84.9502878822993	0.0	3.971028112008348	23.23958941510024	0.10759000614842265	0.0	-0.18635799940922843	0.07374299968007654	0.0	0.7888358082564624
85.48250154754425	0.0	3.986081459216581	23.339618302120048	0.10716631915487032	0.0	-0.18656083989224967	0.07451127605599986	0.0	0.7839856500615109
86.01474479305868	0.0	3.9995656739234304	23.45458637566904	0.10672817124837182	0.0	-0.18673233171467624	0.07527735926486218	0.0	0.7790457504323931
86.54714767371674	0.0	4.004581788219715	23.6004767490091	0.10619043175724688	0.0	-0.18667478185790537	0.07610104785781659	0.0	0.7734180107760389
87.0795505543748	0.0	4.009597902515999	23.75693054391961	0.10565419447507876	0.0	-0.18662140480379236	0.0769198959996879	0.0	0.7678044586487212
87.61195343503286	0.0	4.014614016812284	23.923371966047544	0.10511945940186751	0.0	-0.18657220055233725	0.07773390369047602	0.0	0.7622050940504406
88.14435800755123	0.0	4.018742263211792	24.101369068442732	0.10490063027903497	0.0	-0.18749595860643584	0.0785524119316304	0.0	0.7593788949167793
88.67677613851865	0.0	4.015755198973659	24.305587102686527	0.1054666135463677	0.0	-0.19088248306985942	0.07944112001005937	0.0	0.7635421720789839
89.20919426948609	0.0	4.012768134735526	24.51866210737335	0.10603070825269945	0.0	-0.1942634412482275	0.08033191544538426	0.0	0.7676903407531805
89.74161240045353	0.0	4.009781070497393	24.74034419399374	0.10659291439803018	0.0	-0.19763883314154	0.08122479823760498	0.0	0.7718234009393691
90.27402758118683	0.0	4.006491006080053	24.97112040782096	0.10714899416216642	0.0	-0.20099849522907343	0.08212313215890904	0.0	0.7759109746657608
90.80640293388734	0.0	3.999110452398285	25.219950734412972	0.10764449050743329	0.0	-0.20421100866526837	0.08307060494476422	0.0	0.7795614628499208
91.33877828658784	0.0	3.9917298987165166	25.476611858947717	0.10813532089816766	0.0	-0.20740976981442014	0.08402323483826055	0.0	0.7831746233978208
91.87115363928834	0.0	3.984349345034748	25.740820687750865	0.10862148533436952	0.0	-0.2105947786765288	0.08498102183939801	0.0	0.7867504563094609
92.40353030442216	0.0	3.9771030407832946	26.011941403908477	0.1080039849853807	0.0	-0.21031513249452968	0.08563675288509133	0.0	0.7803943631093275
92.93594819873864	0.0	3.9740740892769066	26.279606615774256	0.10709853671632397	0.0	-0.20908680477296923	0.08614488828037487	0.0	0.7713366124747643
93.46836609305512	0.0	3.971045137770519	26.553397836110594	0.10619419715650558	0.0	-0.207861400012128	0.08665413238489673	0.0	0.7622907552665757
94.00078398737162	0.0	3.9680161862641317	26.832675681987713	0.10529096630592547	0.0	-0.20663891821200597	0.08716448519865691	0.0	0.7532567914847617
94.5332018816881	0.0	3.964987234757744	27.11680171525524	0.10438884416458372	0.0	-0.20541935937260325	0.08767594672165542	0.0	0.7442347211293228
95.06558522818065	0.0	3.9717331841128285	27.38219056648136	0.10362420919294718	0.0	-0.20453242309972533	0.08805844299632422	0.0	0.736173965417038
95.59796841078136	0.0	3.978525504745784	27.651459441004768	0.10285774359464155	0.0	-0.20364051905378894	0.08843784461727232	0.0	0.7280911358475672
96.13035159338206	0.0	3.9853178253787402	27.92413849081136	0.1015371899499053	0.0	-0.20136239799661204	0.08865110297404465	0.0	0.7165096842031565
96.66273477598276	0.0	3.992110146011697	28.19961702083245	0.0985072674589916	0.0	-0.19481003415362397	0.08835881031707786	0.0	0.6941581654861689
97.19472391459844	0.0	4.013484006679288	28.444174252232536	0.09563904181375628	0.0	-0.18865115241786293	0.08786876236805917	0.0	0.6729053696686558
97.72669693561399	0.0	4.035454296782596	28.68963127830251	0.09274115279361658	0.0	-0.18242442965821684	0.08737133694378214	0.0	0.6514357495764638
98.25866995662952	0.0	4.057424586885904	28.936722685787917	0.08980600954338065	0.0	-0.1761115108367795	0.0868746419946051	0.0	0.629697314647499
98.79064297764508	0.0	4.079394876989212	29.184801033809762	0.08683361206304824	0.0	-0.16971239595355025	0.08637867752052793	0.0	0.6076900648817595
99.32216113082433	0.0	4.110376414369451	29.413672501037137	0.08390177262992599	0.0	-0.16341890734306685	0.0857617699374564	0.0	0.5859336082010413
99.8536424858048	0.0	4.142086949586664	29.6411726137966	0.08092312359695622	0.0	-0.15701806764672988	0.08513606038925507	0.0	0.5638360016295298
100.38512384078524	0.0	4.1737974848038775	29.868222705769888	0.07849353969139916	0.0	-0.1519119833032823	0.08414301373637413	0.0	0.5475084013865538
100.91660519576571	0.0	4.205508020021091	30.09409442405688	0.07625020981874069	0.0	-0.14725176428987694	0.08301828856898447	0.0	0.5332358784238688
101.44784970535599	0.0	4.240941102173055	30.310369037623055	0.07398732385332885	0.0	-0.1425587256298965	0.08185461485499003	0.0	0.5188361388771217
101.97906431522813	0.0	4.276844124246509	30.523169521065714	0.07168096974791734	0.0	-0.13777323747726855	0.08069548560625193	0.0	0.5041522666480653
102.5102789251003	0.0	4.312747146319963	30.732644349374336	0.06932812713096226	0.0	-0.1328876202228544	0.07954708447556229	0.0	0.4891644310743011
103.04149353497243	0.0	4.348650168393418	30.93793073563228	0.06692879600246383	0.0	-0.1279018738666547	0.07840941146292116	0.0	0.4738726321558304
103.57270928654458	0.0	4.384536293375628	31.138167592649562	0.06448292190246874	0.0	-0.12281583890270997	0.077282676254093	0.0	0.45827651090580546
104.10392524128126	0.0	4.420419411534645	31.332403352742883	0.06240416760064019	0.0	-0.1183987597321016	0.07607642957130573	0.0	0.44468027110239794
104.63514119601795	0.0	4.456302529693664	31.519894365649108	0.06199868141058811	0.0	-0.11708564198182358	0.07451687442183132	0.0	0.44038321218920584
105.16635715075465	0.0	4.492185647852682	31.70036966316852	0.061578898956882205	0.0	-0.11574274034893342	0.07297995502314215	0.0	0.4360015670493952
105.69781261745749	0.0	4.524273860057439	31.88058136994606	0.061137996414065046	0.0	-0.11434542476944903	0.07150831403775156	0.0	0.43148763474789964
106.2293247752496	0.0	4.55546384009603	32.0547964526867	0.06068286705111037	0.0	-0.11291600510470098	0.07006673478475466	0.0	0.4268877929221665
106.7608369330417	0.0	4.586653820134622	32.22112878312019	0.060215304297961826	0.0	-0.11146068254371572	0.068644841732898	0.0	0.42221438687111973
107.29234909083381	0.0	4.617843800173214	32.37935317123828	0.05973530815461943	0.0	-0.10997945708649326	0.06724263488218163	0.0	0.4174674165947594
107.82402041513018	0.0	4.646146937150217	32.534290951715676	0.05924000400982053	0.0	-0.10845844252571285	0.06588896761989092	0.0	0.41262438543101526
108.3557398004065	0.0	4.673578380003157	32.682065023666475	0.05916333986770061	0.0	-0.10755647562969853	0.06453960451289376	0.0	0.41043526996593355
108.88745918568283	0.0	4.701009822856097	32.82097273354955	0.059296366041010566	0.0	-0.10696745551993045	0.06319895966173339	0.0	0.40959483581721384
109.41917857095916	0.0	4.728441265709037	32.950893237726106	0.05942756898557916	0.0	-0.10637478895267963	0.06187837032672816	0.0	0.40876716426968385
109.95096441977752	0.0	4.754539823244631	33.073960178712646	0.05955595842850496	0.0	-0.105772713636322	0.06058924595767304	0.0	0.4079418264927567
110.48277508612294	0.0	4.780140680591047	33.188601662344304	0.059682259751707746	0.0	-0.10516504997432574	0.05932328374752386	0.0	0.40712462304266794
111.01458575246835	0.0	4.805741537937462	33.293848753014466	0.059806859223784974	0.0	-0.10455398261007837	0.05807604189975578	0.0	0.40631933255045793
111.54639641881379	0.0	4.831342395283879	33.38957772747919	0.05992975684473666	0.0	-0.10393951154357987	0.05684752041436869	0.0	0.40552595501612687
112.0781853692763	0.0	4.85738872132403	33.474920608548295	0.06005122458978472	0.0	-0.10327248305949838	0.0556422334036693	0.0	0.4049997203054667
112.60996451591603	0.0	4.88363615805091	33.55029177654386	0.06017107705892387	0.0	-0.10230664449276868	0.05449868215161844	0.0	0.40596352858411316
113.1417436625558	0.0	4.9098835947777895	33.61637742029415	0.06028918479812499	0.0	-0.10133644410119388	0.05337345056391669	0.0	0.40697095511121
113.67352280919552	0.0	4.936131031504669	33.67358759800546	0.06040554780738812	0.0	-0.10036188188477414	0.05226653864056413	0.0	0.40802199988675714
114.20526226462607	0.0	4.963164472915833	33.72102859375752	0.060520541470057046	0.0	-0.09938591141630981	0.051173454555427815	0.0	0.4091260908706955
114.73698036017896	0.0	4.990620903806756	33.759713235048935	0.060633926282542605	0.0	-0.09840700325893806	0.050096967251980304	0.0	0.4102805271048674
115.26869845573182	0.0	5.018077334697679	33.79075823404577	0.06074548620988514	0.0	-0.09742353288870888	0.04903964124253435	0.0	0.4114805854676141
115.80041655128466	0.0	5.045533765588602	33.81458059650395	0.060855221252084674	0.0	-0.09643550030562226	0.04800147652708994	0.0	0.4127262659589359
116.33212229989847	0.0	5.07322762124738	33.83120235166314	0.060880182681350065	0.0	-0.09517235031631445	0.046944990813283224	0.0	0.4140131040089366
116.86382018781424	0.0	5.101072633754848	33.841235907970066	0.06085345668957761	0.0	-0.09374053272762864	0.04588006248286495	0.0	0.4153457849277586
117.39551807573	0.0	5.128917646262315	33.84544659027831	0.06082488005601277	0.0	-0.09230223789266946	0.04482808864499351	0.0	0.4167275078540791
117.92721596364575	0.0	5.1567626587697815	33.844353548701484	0.06079445278065551	0.0	-0.09085746581143689	0.04378906929966889	0.0	0.4181582727878983
118.45895909382317	0.0	5.183718876395738	33.840026885406616	0.06076197481017069	0.0	-0.0894035643968778	0.04276608061491159	0.0	0.4196213222643182
118.99073618846592	0.0	5.210007854103914	33.83265178401887	0.060727577052939186	0.0	-0.08794147838965342	0.04175778849716958	0.0	0.42111868595350677
119.52251328310868	0.0	5.236296831812089	33.82162258510014	0.060691431811184325	0.0	-0.08647327618659731	0.040761728771090994	0.0	0.42266235798256413
120.05429037775141	0.0	5.262585809520265	33.807488903124444	0.06066174728218086	0.0	-0.08507038473059657	0.039792194201699875	0.0	0.42423948592763844
120.58617879804689	0.0	5.28640348604769	33.79519066771926	0.06070535034369615	0.0	-0.08428703261983223	0.038964292693344525	0.0	0.4256919318226124
121.1181657310172	0.0	5.3080342947349255	33.78460857512712	0.06075226468349094	0.0	-0.0834987726465396	0.03814826115419895	0.0	0.42713115908287025
121.65015266398751	0.0	5.329665103422161	33.77206342821651	0.06080277505690172	0.0	-0.08271123187997018	0.03733798326883897	0.0	0.4286041890591185
122.18213959695782	0.0	5.351295912109397	33.75778895666095	0.06085688146392851	0.0	-0.08192441032012393	0.03653345903726458	0.0	0.4301110217513571
122.71419203334341	0.0	5.371169518648663	33.74534975284519	0.06091362490189434	0.0	-0.08113366228568485	0.03573845592150401	0.0	0.4316069961793514
123.24631296830557	0.0	5.3892055744983764	33.73527107781639	0.06097251721204543	0.0	-0.08033868649000364	0.034952435296816534	0.0	0.4330858937116273
123.77843390326777	0.0	5.407241630348091	33.724375543158615	0.061034408698103323	0.0	-0.07954431052950375	0.03417121335357991	0.0	0.43459298349742737
124.31055483822993	0.0	5.425277686197805	33.71292417375888	0.06125993060986363	0.0	-0.07945999045156386	0.033494739150750436	0.0	0.4362059042463088
124.84272194626988	0.0	5.441811374174471	33.70416555129346	0.061604370866457765	0.0	-0.0798837075734973	0.03289508200151031	0.0	0.4378595255521762
125.37494617728592	0.0	5.456486409268644	33.69919085454022	0.06195262353622539	0.0	-0.0803086974548974	0.03230072906360049	0.0	0.43948448840628246
125.90717040830195	0.0	5.471161444362815	33.69460113353894	0.062306245862364815	0.0	-0.08074003329382781	0.03170832872800772	0.0	0.44113239433761375
126.43939463931798	0.0	5.485836479456987	33.69066084074691	0.0626652378448761	0.0	-0.0811777150902886	0.031117880994731985	0.0	0.44280324334617016
126.97163259540051	0.0	5.499990961139046	33.68873772734014	0.06302868611909798	0.0	-0.08161975804829162	0.030530153957729518	0.0	0.4444805452464679
127.5038906705212	0.0	5.513382383932599	33.68967221071587	0.06339583532726205	0.0	-0.0820648476981352	0.029945385493973947	0.0	0.44615520851745916
128.0361487456419	0.0	5.526773806726151	33.69215991665405	0.06376164151366559	0.0	-0.0825310090955286	0.029377023891394623	0.0	0.44774663978279783
128.56840682076262	0.0	5.540165229519703	33.696492960505935	0.064046426244467	0.0	-0.08321291082027274	0.02901068272018597	0.0	0.4479274706959957
129.10067026223192	0.0	5.5533384896763165	33.703468742552374	0.06433512975392684	0.0	-0.08390002336095084	0.02864551397269406	0.0	0.448118126216059
129.63294303691475	0.0	5.566132318932806	33.71378863469492	0.06462722019807236	0.0	-0.08459139850239801	0.02828169858784936	0.0	0.4483124970711699
130.16521581159762	0.0	5.578926148189296	33.72693910815671	0.06492356677159113	0.0	-0.08528873222496774	0.027918734428879276	0.0	0.4485234668308364
130.69748858628049	0.0	5.591719977445786	33.743243522425125	0.06522416947448312	0.0	-0.08599202452865998	0.027556621495783848	0.0	0.44875103549505846
131.22977015258792	0.0	5.604130377444369	33.76392857004248	0.06552783093142223	0.0	-0.08669911461152664	0.027195803892443644	0.0	0.4489809410671054
131.76206994084086	0.0	5.615746063454614	33.79033586546022	0.06583300716526434	0.0	-0.08740732123269515	0.026836706063203923	0.0	0.4491968729440197
132.29436972909383	0.0	5.6273617494648605	33.82094210771762	0.06594309652175864	0.0	-0.08772863279171142	0.026573799572108335	0.0	0.4481611391848776
132.82666951734677	0.0	5.6389774354751045	33.855846920617246	0.06589594396419106	0.0	-0.0877355655259591	0.02638848971250817	0.0	0.4461067095192907
133.35897288118164	0.0	5.650425024445536	33.895375529774086	0.06585163720850906	0.0	-0.08774338576164338	0.026203747106138316	0.0	0.4440481301855738
133.8912851357797	0.0	5.661454636422883	33.940075339293955	0.06580912369177584	0.0	-0.08775047783912598	0.026019827997408086	0.0	0.4419757106705312
134.42359739037775	0.0	5.672484248400231	33.988842176774355	0.0657699127237033	0.0	-0.08775940466586452	0.025836275838529044	0.0	0.4399054928545958
134.9559096449758	0.0	5.6835138603775786	34.04159584417919	0.06573400430429147	0.0	-0.08777016624185902	0.02565309062950119	0.0	0.4378374767377675
135.4882116713948	0.0	5.69499932406027	34.097087914315004	0.06570338566866729	0.0	-0.08778574725902502	0.02546981252194644	0.0	0.4357893877025476
136.0204829240504	0.0	5.707856319511846	34.15283498718684	0.06566705688195801	0.0	-0.08780286828113808	0.025299479587506918	0.0	0.43378123679575664
136.55275417670606	0.0	5.720713314963421	34.2122261821463	0.06524990145761432	0.0	-0.08758320001650119	0.025476143753015403	0.0	0.43136566171206475
137.08502542936168	0.0	5.733570310414996	34.27498831415851	0.06483360145940498	0.0	-0.08736096547346142	0.025650669353188126	0.0	0.4289244238443442
137.61727184463183	0.0	5.747312533056967	34.33845697692287	0.06442225201434236	0.0	-0.08714177518969095	0.025821938719293336	0.0	0.4264893892656329
138.14942662186058	0.0	5.764320819515911	34.39589218602632	0.06402703444964666	0.0	-0.08694021662277082	0.025986527359932832	0.0	0.42414124044892526
138.68158139908928	0.0	5.781329105974853	34.45567007052615	0.06363294826506247	0.0	-0.08673526391551636	0.026148287550293685	0.0	0.42175915022887434
139.21373617631804	0.0	5.7983373924337975	34.51753539217733	0.06323999346058967	0.0	-0.08652691706792753	0.02630721929037592	0.0	0.4193431186054797
139.74582935123843	0.0	5.816881890993213	34.577044903166595	0.06285549725291953	0.0	-0.08632431090595494	0.026460866216809563	0.0	0.41694242463141973
140.277637323516	0.0	5.842538651459966	34.61861719057255	0.06259219687578917	0.0	-0.08612529130821905	0.026711778120701815	0.0	0.4147164976465205
140.80944529579358	0.0	5.868195411926719	34.66146460190136	0.06240136508546216	0.0	-0.08588132010073152	0.027057350304026513	0.0	0.4124023359127757
141.34125326807114	0.0	5.893852172393472	34.705492241420714	0.06220200550153575	0.0	-0.08562114608540516	0.027393541914391858	0.0	0.40999948512559725
141.87303284556208	0.0	5.920055992667686	34.74910900683668	0.06199641348405123	0.0	-0.08534739655987991	0.027719091445330565	0.0	0.4075219491776883
142.40463930853414	0.0	5.949595072916767	34.784544091850734	0.06179555380008585	0.0	-0.0850720674811756	0.028026761979849026	0.0	0.40503346815870156
142.9362457715062	0.0	5.979134153165848	34.82098422809663	0.0615848796373888	0.0	-0.08477809089288113	0.028323636587762654	0.0	0.40244291656090564
143.46785223447824	0.0	6.008673233414931	34.858426837176005	0.06136439099596011	0.0	-0.08446546679499652	0.028609715269071426	0.0	0.39975029438430054
143.99946383831917	0.0	6.038118334558067	34.89714351061972	0.06113375565875073	0.0	-0.08413386193713816	0.028885283410591905	0.0	0.39695384183017823
144.5311203691008	0.0	6.066742136068168	34.93929015614685	0.0607257023498476	0.0	-0.08342805489560162	0.028868379144679535	0.0	0.3912279305615779
145.0627768998824	0.0	6.095365937578269	34.983325377885116	0.060308921986651554	0.0	-0.08271427725282687	0.02885308384446886	0.0	0.3854639550083353
145.59443343066403	0.0	6.12398973908837	35.03008295771471	0.05988358148101314	0.0	-0.08199289059454781	0.028839690798134254	0.0	0.37966478775838525
146.12609668070036	0.0	6.152484135281673	35.08071087576581	0.059449298706425	0.0	-0.08126350044896485	0.02882857193011014	0.0	0.3738282893890644
146.65785864616265	0.0	6.1790773829829915	35.140689045698785	0.05900116394290543	0.0	-0.0805209922785231	0.0288247478299897	0.0	0.3679264924941721
147.18962061162495	0.0	6.20567063068431	35.205600006547996	0.058545074710698905	0.0	-0.07977141346924853	0.028822691389577472	0.0	0.36199199389467784
147.72138257708724	0.0	6.232263878385629	35.27613675628032	0.058081031009805446	0.0	-0.0790147640211411	0.028822402608873456	0.0	0.3560247935905817
148.25314582429672	0.0	6.258830981769879	35.35301765416643	0.057496172453847444	0.0	-0.07806111885419866	0.02873311859183786	0.0	0.3494106467642115
148.78495896437508	0.0	6.284380400072422	35.43910648891014	0.056776326454053325	0.0	-0.07688898659425478	0.028549617526748245	0.0	0.34208504841844506
149.3167721044535	0.0	6.309929818374965	35.5317196347674	0.05604798825652496	0.0	-0.07571006057612344	0.028369513340752286	0.0	0.33474246567720944
149.84858524453185	0.0	6.335479236677507	35.63081148809622	0.05531115786126252	0.0	-0.07452434079980491	0.02819280603385	0.0	0.32738289854050634
150.38039838461023	0.0	6.36102865498005	35.73632636639521	0.05456583526826589	0.0	-0.07333182726529897	0.028019495606041372	0.0	0.32000634700833464
150.9121466299039	0.0	6.3878944314131525	35.8449626397913	0.053814045951863905	0.0	-0.07213500479594953	0.027846454338787643	0.0	0.3126294555425513
151.44389403760792	0.0	6.414777197931272	35.95991349658473	0.05305335131872237	0.0	-0.07093106923048756	0.027676945286148426	0.0	0.3052349159863351
151.97564144531196	0.0	6.441659964449391	36.08113606438149	0.052283722409700854	0.0	-0.06971998624432155	0.027511009943861183	0.0	0.2978225078783586
152.507388853016	0.0	6.468542730967512	36.2083079845524	0.05168057170975196	0.0	-0.06839375722603935	0.0272946490062198	0.0	0.29123957697352837
153.03897351541113	0.0	6.498463478696149	36.33292618017972	0.05107758901583517	0.0	-0.0670535560896081	0.027069962022891598	0.0	0.28470015838230617
153.57054966239195	0.0	6.528543184423849	36.460233022689664	0.05046277267513871	0.0	-0.06569958912601767	0.026845921794294368	0.0	0.2781285739753204
154.10212580937275	0.0	6.558622890151549	36.58889930250497	0.0498359640938875	0.0	-0.06433163121511343	0.02662288091907672	0.0	0.2715230115534298
154.63370195635358	0.0	6.588702595879249	36.717202274835806	0.04919716327208148	0.0	-0.06294968235689517	0.026400839397238623	0.0	0.2648834711166336
155.1651157828031	0.0	6.621514552000515	36.83728676264749	0.0485464010190305	0.0	-0.061554486929815265	0.026173967498303453	0.0	0.25823361753517765
155.69651424008686	0.0	6.654585208662573	36.95308793931037	0.04788251279021925	0.0	-0.060144044941775075	0.025947637691268677	0.0	0.2515488061096345
156.22791269737064	0.0	6.687655865324632	37.063443945285215	0.0475099258490637	0.0	-0.05870798215351646	0.025702815552338498	0.0	0.24574764824133175
156.7593111546544	0.0	6.72072652198669	37.16734377705794	0.047532741421018654	0.0	-0.05723897825985266	0.025429866184236306	0.0	0.24113475077252994
157.29064991151094	0.0	6.754741050635564	37.26265450770854	0.04754610796633529	0.0	-0.05574831110028103	0.025151524688469463	0.0	0.236489231013215
157.82198025595164	0.0	6.788888580738683	37.35110792462301	0.047550326991648004	0.0	-0.054236028233340255	0.024869492365484323	0.0	0.2318049191988601
158.35331060039238	0.0	6.823036110841801	37.43294559921951	0.04754547420749499	0.0	-0.05270219981891828	0.024584058113949522	0.0	0.22708091821809223
158.88464094483308	0.0	6.8571836409449185	37.50812821343189	0.04753154961387622	0.0	-0.05114682585701523	0.024295221933865074	0.0	0.222317228070912
159.41587084083542	0.0	6.892853534256368	37.57348922135158	0.04750667954666192	0.0	-0.0495667235875271	0.023999301068868852	0.0	0.2175197504894716
159.94708153162333	0.0	6.928814495426364	37.63160518105633	0.04747193831182058	0.0	-0.04796341957542611	0.023699108730349052	0.0	0.2126817822069266
160.47829222241126	0.0	6.964775456596361	37.68313485668064	0.047666791764672624	0.0	-0.04727433035078274	0.023499434543378737	0.0	0.20889365706717672
161.00950291319913	0.0	7.000736417766357	37.728529173286184	0.0478785530282007	0.0	-0.04667642560477648	0.023308830695866742	0.0	0.20518338849722736
161.54062026108375	0.0	7.038044623732127	37.76570457944608	0.04807834569337344	0.0	-0.04606248501851622	0.023112358871832293	0.0	0.20143200891915974
162.07171461441993	0.0	7.075684716585766	37.797329109229864	0.04826759153854479	0.0	-0.045435096063744004	0.022912541897491916	0.0	0.19763630897817677
162.60280896775615	0.0	7.113324809439407	37.8246729455074	0.048446842163329354	0.0	-0.04479521308348825	0.022710226118054823	0.0	0.19379563054545298
163.13390332109233	0.0	7.150964902293046	37.848349325373924	0.04861609756772709	0.0	-0.04414283607774902	0.022505411533521043	0.0	0.18990997362098871
163.66493152141248	0.0	7.189523664780753	37.867220649569205	0.048773222908355555	0.0	-0.04347456731202988	0.022295604224463986	0.0	0.18597844737023836
164.19593936608868	0.0	7.228365106926605	37.88315899634307	0.0486048710445791	0.0	-0.04315593894170101	0.022121995955951837	0.0	0.18232912799835566
164.72694721076488	0.0	7.267206549072457	37.896846317980135	0.04788302082271371	0.0	-0.043451372799820205	0.022015181990050744	0.0	0.17919817994808657
165.25795505544107	0.0	7.30604799121831	37.90773112922746	0.04714312362918009	0.0	-0.04374165038031991	0.02190836802414965	0.0	0.17602469260745662
165.78886361930742	0.0	7.346215372290807	37.91276512550431	0.046381113108573194	0.0	-0.044021254588775115	0.021797907726200282	0.0	0.17280431204730826
166.31973472500584	0.0	7.386883023688371	37.91291726789252	0.04559879330517415	0.0	-0.04429341291951702	0.021686071684856978	0.0	0.16953803325662575
166.85060583070424	0.0	7.427550675085936	37.90850523928619	0.0447975828808445	0.0	-0.04456017392999302	0.021574235643513677	0.0	0.16622722657374978
167.38147693640263	0.0	7.468218326483501	37.89891347863826	0.0439774818355842	0.0	-0.04482153762020311	0.021462399602170373	0.0	0.16287189199868013
167.91244974830093	0.0	7.5075249012779075	37.885922230964944	0.04314392177028095	0.0	-0.04508352632827877	0.021354306521485754	0.0	0.15947946352456382
168.44346923675687	0.0	7.5462068300771215	37.86766346525307	0.04216500304966432	0.0	-0.045748838575817664	0.02135250967301741	0.0	0.15876678099375535
168.97448872521284	0.0	7.584888758876335	37.84331186153731	0.04114603277132595	0.0	-0.04649618437252699	0.021372536806137533	0.0	0.15857915646453224
169.50550821366878	0.0	7.623570687675549	37.81346276951452	0.04011294065308274	0.0	-0.04724609777649169	0.021393847742885365	0.0	0.1583825453099152
170.03668173162765	0.0	7.660038973163829	37.78239915316961	0.03907615609725859	0.0	-0.048008247996955224	0.02142242599380568	0.0	0.158191227001322
170.56794117142275	0.0	7.695272428347987	37.74891027039681	0.038032096284651054	0.0	-0.04877817252113531	0.021455532287482697	0.0	0.15799954222182427
171.09920061121787	0.0	7.730505883532147	37.71143333389195	0.036975167774400026	0.0	-0.04955043680852332	0.02148980846276366	0.0	0.15779966827109893
171.63046005101296	0.0	7.7657393387163065	37.67047762274781	0.035905370566505605	0.0	-0.050325040859119194	0.021525254519648575	0.0	0.1575916051491459
172.16198466119266	0.0	7.796494780318593	37.63362288547126	0.03520027103884407	0.0	-0.05131717183374854	0.021613133237006213	0.0	0.15875021431477465
172.69368954420332	0.0	7.824205899354339	37.59871828835125	0.0353137123256528	0.0	-0.0527757326653857	0.021800682628199616	0.0	0.16300967484145581
173.22539442721404	0.0	7.851917018390084	37.561121472924064	0.03542715361246156	0.0	-0.05424166056567552	0.021990073786556173	0.0	0.16729215745767656
173.75709931022476	0.0	7.879628137425831	37.52106357713073	0.03554059489927031	0.0	-0.05571495553461785	0.02218130671207585	0.0	0.17159766216343636
174.28900923684847	0.0	7.902688114956222	37.48574806435172	0.035679719986165016	0.0	-0.05721275228542091	0.02238602657893163	0.0	0.17595157600123146
174.82108997163803	0.0	7.92187353654117	37.45397697428722	0.035840240534842575	0.0	-0.058730441131035954	0.022601851840986988	0.0	0.18034419530255955
175.35317070642765	0.0	7.941058958126119	37.4200996199476	0.03600076108352017	0.0	-0.06025323407325824	0.022818953127194147	0.0	0.18475276490578527
175.88525144121724	0.0	7.960244379711068	37.38435210248365	0.03616128163219774	0.0	-0.06178113111208754	0.02303733043755306	0.0	0.18917728481090787
176.41747759786026	0.0	7.973611995429118	37.35526077650767	0.03656020178533372	0.0	-0.0633314526826271	0.023270721784738435	0.0	0.19342810366178606
176.9498523784788	0.0	7.981033699881194	37.33282050013074	0.03705022620735249	0.0	-0.06490319707790802	0.02351884520294164	0.0	0.19765249044253708
177.48222715909733	0.0	7.98845540433327	37.30850548866147	0.03754197924799353	0.0	-0.06647741092836365	0.023767462512179774	0.0	0.20188453253432956
178.0146019397159	0.0	7.995877108785346	37.28238732391008	0.038035460907256874	0.0	-0.06805409423399403	0.02401657371245286	0.0	0.20612422993716384
178.54699971295713	0.0	8.000000029431053	37.259068679902555	0.03854699981528982	0.0	-0.06964099935488796	0.024273499873866806	0.0	0.21037599817244776
179.07942622313072	0.0	8.000000022104176	37.23963115492916	0.039079426298148756	0.0	-0.07123827882280466	0.02453971312388923	0.0	0.21463541011138643
179.61185273330432	0.0	8.0000000147773	37.21846399127179	0.03961185278222676	0.0	-0.07283555829657289	0.024805926374399292	0.0	0.2188948220673921
180.14427924347794	0.0	8.000000007450424	37.195666431910176	0.04010820945662079	0.0	-0.07418034910020714	0.02514427924696801	0.0	0.22236069820143708
180.6767057536515	0.0	8.000000003175925	37.1712719709338	0.040507529325157415	0.0	-0.07484588221050352	0.025676705754769335	0.0	0.22369176442012195
181.2091322638251	0.0	8.00000000351402	37.145193541638186	0.04090684920849272	0.0	-0.07551141534895564	0.026209132264652657	0.0	0.22502283069547033
181.7415587739987	0.0	8.000000003852113	37.11733117849426	0.04130616909176051	0.0	-0.0761769484871715	0.026741558774457223	0.0	0.22635389697006486
182.27398528417228	0.0	8.000000004190206	37.087584909804725	0.0417054889749608	0.0	-0.07684248162515107	0.027273985284183035	0.0	0.22768496324390558
182.80641177116706	0.0	8.000093732043771	37.055733787982334	0.04210506413550924	0.0	-0.07750842791220332	0.027806401094845924	0.0	0.22901667374904966
183.3388382162173	0.0	8.000357069777838	37.021582263861916	0.04250506560177469	0.0	-0.07817499707630117	0.028338755957745588	0.0	0.2303491520151874
183.87126466126762	0.0	8.000620407511907	36.98524967975251	0.042905014490050075	0.0	-0.0788413822174338	0.028871049479656855	0.0	0.23168104316043583
184.40369110631786	0.0	8.000883745245972	36.94666204407105	0.04310306524717638	0.0	-0.07890213586614818	0.02950418213965308	0.0	0.23119600477643634
184.93611579588674	0.0	8.001837088921079	36.90509686640398	0.043238299222282346	0.0	-0.07877193185888451	0.030168972163024978	0.0	0.23013349478781342
185.4685366884221	0.0	8.004282886849023	36.85980935497794	0.04337666209363993	0.0	-0.07864583615228118	0.030832295834577004	0.0	0.22907321263473854
186.0009575809574	0.0	8.006728684776967	36.812965913952105	0.04351453664227908	0.0	-0.07851868241312132	0.031494887022051346	0.0	0.22800943083551517
186.53337847349272	0.0	8.009174482704909	36.76483237110632	0.04365192286819981	0.0	-0.0783904706414049	0.032156745725448105	0.0	0.22694214939014318
187.0657931757939	0.0	8.012454855440197	36.714617144680886	0.043790425930521334	0.0	-0.07826318830262902	0.032816831645910864	0.0	0.22587159387643163
187.59819176904512	0.0	8.01790706964524	36.660888152969	0.0439322344156359	0.0	-0.07813918925026934	0.03347290275908171	0.0	0.22479537795298193
188.13059036229635	0.0	8.023359283850285	36.60666463294783	0.04400756385987056	0.0	-0.07788233667832727	0.034127627058843577	0.0	0.2233866962128104
188.66298895554758	0.0	8.028811498055328	36.55218349183409	0.04388049438474042	0.0	-0.07722172366229989	0.03478193737766333	0.0	0.22097341192322797
189.19538688637894	0.0	8.034326867594492	36.49754173041919	0.0437522491338328	0.0	-0.07655903241945046	0.03543504945269952	0.0	0.21855565672817054
189.72778271140044	0.0	8.040043005740586	36.4427349191024	0.04362299522934536	0.0	-0.07589441301734397	0.036086691578196335	0.0	0.21613304558318416
190.26017853642196	0.0	8.045759143886677	36.388191286835244	0.04349240990382106	0.0	-0.07522751117917424	0.03673719248566162	0.0	0.2137058695660712
190.79257436144346	0.0	8.05147528203277	36.33408493975304	0.04336049315725994	0.0	-0.07455832690494142	0.03738655217509527	0.0	0.2112741286768321
191.32495938171311	0.0	8.057948160797284	36.27962065479226	0.04322802171827098	0.0	-0.0738874438641172	0.03803315037077747	0.0	0.20883522816082176
191.85730137772424	0.0	8.06743436227925	36.22207157703231	0.043096784708005126	0.0	-0.07321569900545605	0.03867170368026286	0.0	0.20637962344406738
192.3896433737353	0.0	8.076920563761213	36.16547625172569	0.042962401752863845	0.0	-0.07254110333134554	0.03940671073151938	0.0	0.20373379814291268
192.92198536974638	0.0	8.086406765243177	36.11001721486949	0.04282519313380086	0.0	-0.07186333656083191	0.04017611505572847	0.0	0.20101706098068867
193.45431739306173	0.0	8.096376542292232	36.055254622268556	0.04268570960580558	0.0	-0.07118211081422127	0.04094272854416339	0.0	0.19829472614992474
193.98659786863595	0.0	8.108845866976878	35.998770229186874	0.042544532424609253	0.0	-0.07049684551516827	0.04170120720110812	0.0	0.1955572971063875
194.5188783442102	0.0	8.121315191661523	35.9439662369182	0.0424000366543763	0.0	-0.06980701715618991	0.042457611739905025	0.0	0.19281530500292476
195.05115881978443	0.0	8.133784516346168	35.8910266859515	0.042252222295106744	0.0	-0.06911262573728623	0.04321194216055399	0.0	0.19006874983953687
195.58344171172786	0.0	8.146146979536049	35.840273154406674	0.042101090883533955	0.0	-0.06841374631861953	0.04396450230386809	0.0	0.18731817849172785
196.1157417735984	0.0	8.157750119985028	35.79273088030975	0.041977428378959306	0.0	-0.06777173888756324	0.04469000447962399	0.0	0.18466190228091287
196.64804183546886	0.0	8.16935326043401	35.74755308047324	0.041961682717799764	0.0	-0.06734520677094342	0.0453163024207299	0.0	0.1823458372992121
197.18034189733942	0.0	8.180956400882991	35.70476837137137	0.041944006946521825	0.0	-0.06691635852218146	0.045941828317788556	0.0	0.1800309303835821
197.7126376866327	0.0	8.192739110780021	35.66416047923011	0.04192433069477595	0.0	-0.06648498271344111	0.04656604139824769	0.0	0.17771626326119438
198.24488723428232	0.0	8.206465281491225	35.62347038797683	0.04190177132813514	0.0	-0.06604877283896929	0.04718355315389424	0.0	0.17539293067329187
198.77713678193192	0.0	8.22019145220243	35.58522386798962	0.04187692891519683	0.0	-0.0656098233089405	0.04780015169102177	0.0	0.173070967913168
199.30938632958157	0.0	8.233917622913635	35.54943799178891	0.04184980345596101	0.0	-0.06516813412335465	0.04841583700963035	0.0	0.1707503749808224
199.84163419729708	0.0	8.24770591344166	35.516050000360096	0.04182034996270257	0.0	-0.06472360752002508	0.0490304135262297	0.0	0.16843084745560882
200.37384765789946	0.0	8.26276649408345	35.48352863856776	0.041890247379013056	0.0	-0.06447954253263953	0.049459240449413806	0.0	0.16679759587157827
200.90606111850184	0.0	8.277827074725241	35.45358567477925	0.0420024119542018	0.0	-0.06432201572394602	0.04981133623036001	0.0	0.16546370947546715
201.43827457910425	0.0	8.292887655367032	35.426320160543845	0.0421135745989228	0.0	-0.06416448891525252	0.0501634320113062	0.0	0.16413733755786417
201.97048730691483	0.0	8.307972085709322	35.4017943134371	0.04222371431958582	0.0	-0.06400692353399365	0.050515452712344505	0.0	0.162818384625623
202.5026214544169	0.0	8.32561401865038	35.376861672693316	0.042330514310308105	0.0	-0.0638452218560889	0.05085942228253023	0.0	0.16149735531551837
203.03475560191893	0.0	8.343255951591441	35.354873066657106	0.04243614081666214	0.0	-0.06368352017818418	0.05120339185271594	0.0	0.16018512713817554
203.56688974942097	0.0	8.3608978845325	35.3358980426669	0.042540593838647944	0.0	-0.06352181850027944	0.05154736142290166	0.0	0.1588817000935945
204.099023896923	0.0	8.378539817473559	35.31999815083111	0.04269221393448118	0.0	-0.06346031210954356	0.05189250238333321	0.0	0.1577627087818821
204.63097920316278	0.0	8.400920926432029	35.30111823916834	0.04304859727906274	0.0	-0.06382964329587915	0.0522282619062311	0.0	0.1574082794848326
205.16292952497687	0.0	8.423434119397747	35.28488155866927	0.04340259827064769	0.0	-0.06419950495094039	0.052564353771843764	0.0	0.15706617150404356
205.69487984679097	0.0	8.445947312363463	35.27121184680773	0.04375435378093707	0.0	-0.06457011509976683	0.05290119413122164	0.0	0.1567367879172629
206.22683016860503	0.0	8.46846050532918	35.259891728875225	0.04410386380993082	0.0	-0.06494147374235845	0.05323878298436468	0.0	0.1564201287244906
206.75859978514987	0.0	8.494881020741289	35.24579806814988	0.04444608331710627	0.0	-0.06530743001382942	0.05356510848271749	0.0	0.15610979814373854
207.29035735429198	0.0	8.52156203263535	35.233399863748815	0.044785319220289777	0.0	-0.06567385863361784	0.053891515584664804	0.0	0.15581404228812742
207.8221149234341	0.0	8.54824304452941	35.222899533129606	0.04512189490534322	0.0	-0.06604117399278293	0.05421880942598882	0.0	0.15553336100192006
208.35387249257624	0.0	8.574924056423471	35.21422681237804	0.045544278495410664	0.0	-0.0665608811115018	0.05446487969007324	0.0	0.15564651683555905
208.8855165059111	0.0	8.603770600416512	35.20497380275158	0.04600520860229597	0.0	-0.06715111640372168	0.05466486200373432	0.0	0.15595594208463806
209.4171482344844	0.0	8.632851417286492	35.197957338493524	0.046462898385524976	0.0	-0.06773807901698525	0.05486607263217637	0.0	0.1562719073837335
209.94877996305766	0.0	8.661932234156476	35.19372815827047	0.04691768936532755	0.0	-0.0683221428268224	0.05506921579623603	0.0	0.15659463655749056
210.4804116916309	0.0	8.691013051026456	35.19241118629241	0.0473695815417037	0.0	-0.06890330783323312	0.05527429149591331	0.0	0.15692412960590926
211.01199296830254	0.0	8.720999857113817	35.192893217828896	0.04781702630541724	0.0	-0.06947989956535364	0.05547872481904569	0.0	0.15726004429886298
211.54356649432998	0.0	8.751125845270261	35.195969172037564	0.04826123742161541	0.0	-0.0700532383145391	0.05568475973499952	0.0	0.1576028964846533
212.0751400203574	0.0	8.781251833426705	35.201537844891554	0.04866854482422359	0.0	-0.07060295492284883	0.055892796423172006	0.0	0.1579738145862623
212.60671354638478	0.0	8.811377821583147	35.20895991991578	0.048868062025559676	0.0	-0.07102384589146754	0.05610283488356316	0.0	0.1584745241989625
213.13821894387516	0.0	8.84267826636367	35.21557865447857	0.04906444899435219	0.0	-0.07143830314864738	0.05631169126233542	0.0	0.15897293713768176
213.66971039407184	0.0	8.874219146241062	35.22174356539301	0.04925935629126484	0.0	-0.07184808789547294	0.05652198334457145	0.0	0.15946920220109326
214.20120184426858	0.0	8.905760026118454	35.22745867073071	0.04945321585642835	0.0	-0.07225368171530189	0.056734370890305835	0.0	0.15996337180100648
214.73269329446526	0.0	8.937300905995846	35.232906327770834	0.04964602768984268	0.0	-0.07265508460813418	0.0569488538995385	0.0	0.16045544593742136
215.26341491275744	0.0	8.979516442343067	35.224912345564874	0.04981766091461481	0.0	-0.07302725051271	0.05713782277526238	0.0	0.16094118982213745
215.79393220461958	0.0	9.0245652133682	35.21541848147301	0.04998250413645511	0.0	-0.07338698105971288	0.057322357450467896	0.0	0.16142291586802787
216.32444949648175	0.0	9.069613984393333	35.21077150752704	0.05005389642096629	0.0	-0.07358935693668175	0.057650414535498413	0.0	0.16174462808233894
216.8549667883439	0.0	9.114662755418466	35.219463511904436	0.05006418655342093	0.0	-0.07369081563416997	0.05806830989979773	0.0	0.16195519541032663
217.37886209363688	0.0	9.205525303146143	35.20294633872279	0.04998046475854593	0.0	-0.07367047221964994	0.05836504883577152	0.0	0.16211456588495862
217.90042199015792	0.0	9.312545222210595	35.21126973292279	0.04985818384318426	0.0	-0.07359906704826326	0.058619058934631436	0.0	0.16223156490209284
218.421981886679	0.0	9.419565141275049	35.27114408095847	0.049728925765583465	0.0	-0.0735171961335179	0.05887306903349136	0.0	0.16231716668915103
218.94354178320003	0.0	9.526585060339503	35.388058969933795	0.04959269052574355	0.0	-0.07342485947541386	0.059127079132351275	0.0	0.1623713712461332
219.4262160854371	0.0	9.735787368400585	35.45386420897152	0.049230253792951144	0.0	-0.0730330646737816	0.05908674766443563	0.0	0.16224609669397094
219.88697120004042	0.0	10.002588255022939	35.5051302511369	0.04873038964229126	0.0	-0.07245758822501447	0.058880500562483076	0.0	0.16197500699641795
220.3477263146438	0.0	10.269389141645291	35.58825807884741	0.06129214928346454	6.227138107604594e-05	-0.07388935780296724	0.05570988736646528	-0.00012454276215209187	0.15437491963116587
220.80848142924714	0.0	10.536190028267646	35.67637297818719	0.07667367726253069	0.0001380434029712793	-0.07572884261757774	0.05190599997029713	-0.0002760868059425586	0.1450940842814102
221.2813292435205	0.0	10.77834369243658	35.777214664412995	0.09110131598071687	0.00020908315395294684	-0.07745496692029817	0.04841072777961479	-0.0004181663079058937	0.1363026796493433
221.77430489100885	0.0	10.9794730033762	35.897923011524306	0.1052401832818527	0.00027837330017348747	-0.07921910890163006	0.04512890689681969	-0.0005567466003469749	0.12770095164971787
222.26728053849723	0.0	11.180602314315816	35.96168464313697	0.11806528854015565	0.00034146645562594844	-0.080753962224543	0.042150738561660524	-0.0006829329112518969	0.11973131670843645
222.7602561859856	0.0	11.381731625255433	35.9531203974199	0.12957663175562473	0.0003983626203103251	-0.08205952688903678	0.0394762227741375	-0.0007967252406206502	0.11239377482549964
223.253231833474	0.0	11.582860936195054	35.861175633523274	0.13977421292825984	0.00044906179422661715	-0.08313580289511144	0.037105359534250607	-0.0008981235884532343	0.1056883260009075
223.78525815784678	0.0	11.599883486414068	35.96180416469998	0.15474713020340308	0.0005204867790164843	-0.08546570215704784	0.03422801180946558	-0.0010409735580329685	0.09704737791608053
224.3174346550203	0.0	11.616198037947893	35.96661836343842	0.15139763526774877	0.000504488662022098	-0.08469327831265402	0.03590488778694309	-0.001008977324044196	0.09794069944726899
224.84961115219383	0.0	11.632512589481717	35.88209660121478	0.13578403974146463	0.0004299776134697077	-0.08184283143974277	0.040627093121234484	-0.0008599552269394154	0.10521241687885545
225.3817876493673	0.0	11.648827141015538	35.733677971418174	0.12028385572553463	0.0003560092037228396	-0.07901083428621934	0.04531836804361107	-0.0007120184074456792	0.11242010293139043
225.9070146986478	0.0	11.58946508404087	35.65710375011637	0.10631751268966197	0.0002884745234438475	-0.07663754806013919	0.049900839068205444	-0.000576949046887695	0.11915258801820149
226.42731936208094	0.0	11.476500284455419	35.635170305373144	0.09277219514568316	0.0002223131380709173	-0.07448092362444754	0.054587719496444684	-0.0004446262761418346	0.1259241704663152
226.94762402551402	0.0	11.363535484869967	35.610864334101684	0.07845911463833904	0.00015247824569623907	-0.07219939995069648	0.059483989823783515	-0.00030495649139247814	0.13312922674063535
227.46792868894715	0.0	11.250570685284515	35.60996064632268	0.06337827116762618	7.896984631979648e-05	-0.0697929770388854	0.06458965005022296	-0.00015793969263959296	0.14076775684116355
227.98466571301117	0.0	11.124928832736966	35.67637824469149	0.047675926347447786	2.3361168865559852e-06	-0.0673216925153343	0.06991425613589809	-4.6722337731119705e-06	0.14882925658202628
228.48751851823806	0.0	10.949951562752808	35.873126866888256	0.04711855519306515	0.0	-0.06692214407448915	0.07130361505997751	0.0	0.14784087520198072
228.9903713234649	0.0	10.77497429276865	36.130058194138414	0.04700642212083577	0.0	-0.06653934076716331	0.07259132495341855	0.0	0.14651798276044528
229.49322412869176	0.0	10.59999702278449	36.431682296268605	0.046866792857649345	0.0	-0.0661125435543062	0.07390653103781666	0.0	0.14515109641337848
229.99673383383308	0.0	10.427312617369369	36.757348689194934	0.04669391414776312	0.0	-0.06563448779323587	0.07524139360647894	0.0	0.1437307778940562
230.5159550722097	0.0	10.309468252403285	37.03392434236484	0.046360290255011836	0.0	-0.06494565362165083	0.07641188899862088	0.0	0.1420476928825802
231.03517631058634	0.0	10.19162388743721	37.29402419045955	0.046007545331912564	0.0	-0.06422622580150902	0.07760150542111077	0.0	0.14033401422254738
231.55439754896295	0.0	10.073779522471128	37.51133135504052	0.0456356793784654	0.0	-0.06347620433281058	0.07881024287394857	0.0	0.13858974191395798
232.0736187873396	0.0	9.955935157505046	37.658076652723466	0.04557800443786645	0.0	-0.06330699921144307	0.0808858946128098	0.0	0.13927523183806423
232.60425149195106	0.0	9.913435931185003	37.64185869043867	0.047438409352864835	0.0	-0.06676282693865683	0.08798815852396023	0.0	0.15511616750912974
233.13508215388424	0.0	9.872243734263414	37.55085193787547	0.049317477878599754	0.0	-0.07026075938375125	0.0951721416759117	0.0	0.17117920200030032
233.66591281581745	0.0	9.831051537341821	37.4053975522946	0.05121704585542076	0.0	-0.0738024239911626	0.1024408558923523	0.0	0.18746226393312793
234.1967434777506	0.0	9.78985934042023	37.22493807862375	0.05313711328332753	0.0	-0.07738782076089035	0.1097943011732808	0.0	0.20396535330760987
234.72911056854738	0.0	9.789115126987529	36.99628549514394	0.054955366708813985	0.0	-0.08083059954425775	0.1168722844341139	0.0	0.22007875283467365
235.26153647155974	0.0	9.789919202303805	36.774905924374536	0.056768922081312845	0.0	-0.08426621082601327	0.12393641359267063	0.0	0.2361686407444322
235.79396237457206	0.0	9.790723277620081	36.58250740982634	0.05858207610019316	0.0	-0.08770096588671589	0.13099888382293737	0.0	0.2522542207920184
236.32638827758444	0.0	9.791527352936356	36.43814956721776	0.05922821582400337	0.0	-0.08751688298717891	0.13561809387137275	0.0	0.25684830629309024
236.8587637132373	0.0	9.798753197698048	36.337807390767594	0.059114925647373535	0.0	-0.08501525143393908	0.13861583685483447	0.0	0.25405125781298254
237.39113649173154	0.0	9.806317155255835	36.272412916445774	0.0590018987426093	0.0	-0.08251895990071074	0.1416052121919189	0.0	0.25125473675346593
237.9235092702258	0.0	9.813881112813622	36.228352134823716	0.05889038190475812	0.0	-0.08002996702422878	0.14459030900608308	0.0	0.2484662693841522
238.45588204872004	0.0	9.82144507037141	36.19181192179322	0.05878037513381995	0.0	-0.07754827280449322	0.14757112729732694	0.0	0.24568585570504134
238.98829748569216	0.0	9.824626339824205	36.15179661046049	0.058685851164742724	0.0	-0.07508865634566034	0.1506069156442092	0.0	0.2429993473366797
239.52071663280535	0.0	9.827426433202344	36.091899937339164	0.05859313955382672	0.0	-0.07263321128283678	0.1536461652254001	0.0	0.24032349031596453
240.05313577991853	0.0	9.830226526580482	35.99814797624793	0.05849985937091885	0.0	-0.0702468880621938	0.15656697056688804	0.0	0.23738807131063328
240.58555492703167	0.0	9.83302661995862	35.86513376224527	0.0583971719975682	0.0	-0.06846237116782675	0.15843283288113272	0.0	0.23208934171506637
241.11797274712603	0.0	9.83068627322238	35.714988308700875	0.05830904204561345	0.0	-0.06668820381562669	0.16037091584892177	0.0	0.22688048978250097
241.65039037757185	0.0	9.827611289300897	35.568828672798716	0.05822195837573214	0.0	-0.06491251646664827	0.1623196303576378	0.0	0.22167745022749108
242.18280800801764	0.0	9.824536305379414	35.45006355404906	0.05813385147106762	0.0	-0.06313386173679861	0.16426865183678865	0.0	0.21646745267595568
242.7152256384634	0.0	9.821461321457928	35.38254541529197	0.05804472133161991	0.0	-0.06135223962607777	0.1662179802863744	0.0	0.21125049712789473
243.24764989794653	0.0	9.820173387678105	35.389330280707114	0.057951019262486345	0.0	-0.05956841990311571	0.16814207663511185	0.0	0.2060055671307983
243.7800756890617	0.0	9.819298349933534	35.49499546362094	0.05785613739081995	0.0	-0.05778373438136643	0.17006038017268688	0.0	0.20075333411832388
244.31250148017682	0.0	9.818423312188962	35.71996074940894	0.05754434635037652	0.0	-0.05636750077677212	0.1711052062487232	0.0	0.19456518899984365
244.84492727129194	0.0	9.81754827444439	36.02702467196411	0.057079795148523294	0.0	-0.055210547738781944	0.17153515970675282	0.0	0.18771759704163687
245.37732953300966	0.0	9.821569790579254	36.33109641853979	0.05660869358444161	0.0	-0.05406260551684083	0.17189561494395977	0.0	0.180834716548257
245.90972232689046	0.0	9.827561598267817	36.549258470881725	0.05613691768356364	0.0	-0.052921677003520226	0.1722289968114672	0.0	0.17395136647475398
246.44211512077135	0.0	9.83355340595638	36.59826700825157	0.05566733490441014	0.0	-0.051784536609541854	0.17256337555248583	0.0	0.16708336825332173
246.97450791465218	0.0	9.839545213644941	36.39412130082085	0.055199945246981255	0.0	-0.05065118433490601	0.1728987511670156	0.0	0.1602307218839621
247.50675502967127	0.0	9.85197104541242	35.850798152710254	0.0547313711435639	0.0	-0.04954256879177628	0.17314604510864234	0.0	0.1533844400261676
248.03887342584375	0.0	9.870081848555449	34.886186302617695	0.05636406573203496	0.0	-0.052176319919237255	0.17281875983556103	0.0	0.15301126007936272
248.5709918220162	0.0	9.888192651698477	33.46315152607279	0.084593518062024	0.0	-0.10178633039836069	0.16615619452642785	0.0	0.23409236110479506
249.10311021818865	0.0	9.906303454841506	31.681774972292754	0.11275731770602035	0.0	-0.15110421654072764	0.15947013880671013	0.0	0.31460366909399706
249.63526728695646	0.0	9.918958114316936	29.669578537913335	0.14088994966220775	0.0	-0.20024969017298547	0.15284602088825713	0.0	0.39481752969541517
250.16758894254485	0.0	9.908391954783003	27.549523813190216	0.1691655696728757	0.0	-0.2498878409051339	0.14658412584848582	0.0	0.4761576888991111
250.69991059813321	0.0	9.897825795249068	25.446118663625374	0.19747950724063326	0.0	-0.29969648718947434	0.14033594076033465	0.0	0.5578304023138874
251.23223225372155	0.0	9.887259635715132	23.486623755359652	0.22583176236548047	0.0	-0.34967562902600663	0.1341014656238036	0.0	0.639835669939744
251.76455390930994	0.0	9.876693476181199	21.798622155839823	0.25422233504742187	0.0	-0.3998252664147387	0.12788070043889158	0.0	0.7221734917766938
252.29691408538272	0.0	9.868544218527965	20.5049952212615	0.266145229070915	0.0	-0.4202162103671326	0.1258761783903088	0.0	0.7533296969147184
252.829302091008	0.0	9.86214107851806	19.623118130166866	0.26498725485144914	0.0	-0.4169130750835027	0.1272121337903314	0.0	0.7437084776132321
253.36169009663325	0.0	9.855737938508156	19.079405288457146	0.2638277892141972	0.0	-0.4136031218899938	0.12854979366782374	0.0	0.7340661654030576
253.8940781022585	0.0	9.849334798498253	18.797734329829172	0.2626668321591592	0.0	-0.41028635078660564	0.12988915802278586	0.0	0.7244027602841938
254.42646610788378	0.0	9.84293165848835	18.701842718354264	0.26150438368633505	0.0	-0.40696276177333796	0.13123022685521787	0.0	0.7147182622566409
254.95827448873433	0.0	9.859383211329991	18.720938811503242	0.260036628992111	0.0	-0.4023983981952073	0.13212910105328374	0.0	0.7025191886254899
255.48965350009718	0.0	9.892764868249628	18.773775042257064	0.2583496089327204	0.0	-0.396946432322738	0.13269252806728085	0.0	0.6885549291800117
256.02103251146	0.0	9.926146525169269	18.779289630995187	0.25666109911962426	1.2659905895094428e-06	-0.3915244907805997	0.13325760218108212	-1.2659905895094428e-06	0.674740152746363
256.5524115228228	0.0	9.959528182088908	18.680192646977073	0.2547564716476794	3.3827060846310724e-05	-0.386008032930883	0.13406898038890885	-3.3827060846310724e-05	0.6619956412640747
257.0837905341856	0.0	9.992909839008545	18.483508487686024	0.2528607133316603	6.749677559383753e-05	-0.38053148628283245	0.1348714894408098	-6.749677559383753e-05	0.6493542337194241
257.61514101999245	0.0	10.02668086313156	18.21038849825674	0.2509689492055422	0.00010229298113992144	-0.3750750720322429	0.13565725252689925	-0.00010229298113992144	0.6367768269705667
258.1457114821762	0.0	10.071099028264328	17.882746901609863	0.2489542581783758	0.00013887440517720942	-0.36912451149970743	0.1362172486459675	-0.00013887440517720942	0.6232507964598105
258.6762819443599	0.0	10.115517193397096	17.52004640169	0.2469513506344113	0.0001769287646147378	-0.3632269766415806	0.13676546128183378	-0.0001769287646147378	0.6098617489412764
259.2068524065437	0.0	10.159935358529868	17.142816740008275	0.24496022657364852	0.00021645605945251075	-0.3573824674578619	0.13730189043449828	-0.00021645605945251075	0.5966096844149636
259.7374228687274	0.0	10.204353523662636	16.771320103622354	0.24298088599608808	0.0002574562896905161	-0.35159098394855276	0.13782653610396062	-0.0002574562896905161	0.5834946028808754
260.2679933309111	0.0	10.248771688795406	16.424969895465306	0.2407536692150078	0.0002622634668700856	-0.3456116994211596	0.13824923555156365	-0.0002622634668700856	0.5705730033216965
260.7985637930949	0.0	10.293189853928176	16.1102193574118	0.23828825784770866	0.00022942190711478378	-0.3394550233349218	0.13858622097205237	-0.00022942190711478378	0.5578470692632415
261.32428169919166	0.0	10.375902290406822	15.82240523132541	0.23541280355329983	0.00019866391373043714	-0.33159807206284286	0.1381371980215947	-0.00019866391373043714	0.5418638706693054
261.84916156216786	0.0	10.465228200297046	15.55217416339859	0.2324973580028785	0.00016569711160083203	-0.3235527953086818	0.13756527356039067	-0.00016569711160083203	0.5255647277818786
262.37404142514407	0.0	10.55455411018727	15.292340131401202	0.22961707648096474	0.00012979997376226407	-0.31562766231858813	0.1370080007777314	-0.00012979997376226407	0.5095468971225123
262.8989212881203	0.0	10.643880020077493	15.036098048696187	0.2267719589875586	9.097250021473316e-05	-0.30782267309256206	0.13646537967361705	-9.097250021473316e-05	0.49381037869120664
263.4238011510965	0.0	10.733205929967717	14.776681716575476	0.22396200552265996	4.921469095823946e-05	-0.3001378276306035	0.13593741024804742	-4.921469095823946e-05	0.4783551724879613
263.9486810140727	0.0	10.822531839857941	14.507387887080002	0.22118721608626887	4.52654599278292e-06	-0.2925731259327122	0.13542409250102266	-4.52654599278292e-06	0.46318127851277624
264.4735608770489	0.0	10.911857749748169	14.223090051064188	0.21848024743273337	4.309193468163654e-05	-0.2860552697967681	0.13756537043735423	-4.309193468163654e-05	0.4509168543767822
