Q20,Q30,Q40
0.000000000000000000e+00,0.000000000000000000e+00,0.000000000000000000e+00
3.052857661096866959e+00,1.625997095071864612e-16,1.360845934497999666e-03
4.071723855776582468e+00,8.204288878584075679e-17,2.876075259522505423e+00
5.225886293937989535e+00,2.102200894975232266e-17,5.700304016554874842e+00
7.253466132126534127e+00,3.098495955619899026e-17,8.000000003253237679e+00
9.865749567347208426e+00,3.469534703257546640e-17,9.663666040336535090e+00
1.216877675452004404e+01,1.176039394246357175e-18,1.179263454796458532e+01
1.446655502079357447e+01,5.366096626745744064e-17,1.399560993409651743e+01
1.680471306288703204e+01,1.090410449793791780e-16,1.623339917415782452e+01
1.874803767486660178e+01,1.356106076639489992e-16,1.889754344577970357e+01
2.001267943346838152e+01,5.158264105968030566e-10,2.201609606034905653e+01
2.237174728770571264e+01,1.403118594474115355e+00,2.350764390102077073e+01
2.505735089564851492e+01,2.943491925370660400e+00,2.409385558695642615e+01
2.803466478754769753e+01,4.000000001015683537e+00,2.423425267815909478e+01
3.119806422974734161e+01,3.994558028969044994e+00,2.400000000398653199e+01
3.427819572490029287e+01,3.425416427515440176e+00,2.337767941703193131e+01
3.746712061484324607e+01,3.128959248497138024e+00,2.293818894679982634e+01
4.071429892591869049e+01,3.051477775334941356e+00,2.349676153913526022e+01
4.393419918515200351e+01,2.406983562336060700e+00,2.423688719507074651e+01
4.619771139417290584e+01,1.560709304890547240e-09,2.507511256932078680e+01
4.835096668750050952e+01,1.722028271109932840e+00,2.630562331803876575e+01
5.015034781129014618e+01,3.359990387729363093e+00,2.818724770957615533e+01
5.200000901729887914e+01,3.324316892082607389e+00,3.059017544434233926e+01
5.361217544715362493e+01,3.460212461452589316e+00,3.309850817044373628e+01
5.546884421590672076e+01,3.568952254821858627e+00,3.539808314553054913e+01
5.764971868525971388e+01,3.999999995788134477e+00,3.731590906587017997e+01
5.979911603908175266e+01,2.155395003536054066e+00,3.808634267744456992e+01
6.204359635394946793e+01,4.697665464835670823e-01,3.892819759130146906e+01
6.478418760708116508e+01,1.825659890512208027e-09,3.980857945455754532e+01
6.759716448526039301e+01,8.976841048769528845e-17,4.055622686659487641e+01
7.000570690581461974e+01,6.091155377811501897e-17,4.217071586948955542e+01
7.215302348676122790e+01,1.222038140053672147e-16,4.409860729330804219e+01
7.433225137276666317e+01,9.393595913383847086e-17,4.597354969502578825e+01
7.662547233896280829e+01,5.604675963301355996e-17,4.769336591673856418e+01
7.938849869260118908e+01,1.399928772936811968e-17,4.843378741372487184e+01
8.184618611606902050e+01,9.123665247949345301e-16,4.988870154693616854e+01
8.418049936879056361e+01,4.713156277421458270e-09,5.152905612878200969e+01
8.675750612006838480e+01,5.136514199162766081e-01,5.263608522745361995e+01
8.909190250631712615e+01,1.697616577665263415e+00,5.376733729664990591e+01
9.142197890991182874e+01,3.091118590723091142e+00,5.464229871992594667e+01
9.379073916344853501e+01,4.026530277051437956e+00,5.593204831871990024e+01
9.624800764680689724e+01,5.013238201645253689e+00,5.700505891302285022e+01
9.843408236623533014e+01,5.891248961382582472e+00,5.862947314226325801e+01
1.005198843622054170e+02,6.481970027781790655e+00,6.049878820091257836e+01
1.027039176686913891e+02,6.933269885189811355e+00,6.229036971518233656e+01
1.049633196527208128e+02,7.066050914575209063e+00,6.403963928247968340e+01
1.068218554086851668e+02,7.279131412768449216e+00,6.620239196127964476e+01
1.082737814917083767e+02,7.504155909135466374e+00,6.865401103065656230e+01
1.103755454081764640e+02,7.856439643809735252e+00,7.055814606194108762e+01
1.128148493262916219e+02,7.480012181176630470e+00,7.200000000234065567e+01
1.152866877542977164e+02,6.343858716739131154e+00,7.287762173605645444e+01
1.178494662545874263e+02,5.531304970030765489e+00,7.384849844596502066e+01
1.204811797140735337e+02,4.946621601592599227e+00,7.480209314952082877e+01
1.225089314676333743e+02,4.000000003691417838e+00,7.659576751495137614e+01
1.239786447420517845e+02,3.999999997824229769e+00,7.907433927862582834e+01
1.267231619087353351e+02,3.999999999791886474e+00,7.999999999653029192e+01
1.296226650696466152e+02,4.000000001476869294e+00,8.007963036402648527e+01
1.310320083656953614e+02,3.999280921424740232e+00,8.261332061290129047e+01
1.327495340689935688e+02,3.999999998881975216e+00,8.493106266885239108e+01
1.348495540470461833e+02,4.024349169946473737e+00,8.689130992141799936e+01
1.373153168502779522e+02,4.291057080026499548e+00,8.832107928158703203e+01
1.398250734740433074e+02,4.660540325391528071e+00,8.962978631382999595e+01
1.424927879736083014e+02,4.844260008275830032e+00,9.060769784897874501e+01
1.452581496717493224e+02,4.864754123309335654e+00,9.125896945458799792e+01
1.480528419123671142e+02,4.753648698992098964e+00,9.172827906306540058e+01
1.508247679186615926e+02,4.486139343151730685e+00,9.224124558276476193e+01
1.535316219659246428e+02,4.176336102723144705e+00,9.299758857933170475e+01
1.560368394049533549e+02,3.999999999247215055e+00,9.428790005486312964e+01
1.582967888798877709e+02,3.955829399831180648e+00,9.597269501424278815e+01
1.603161559424019913e+02,3.999999030090350516e+00,9.793337887033871425e+01
1.622956731845332570e+02,3.999999997929911011e+00,9.992931483836233042e+01
1.642651774178582968e+02,3.999999997176190369e+00,1.019301577081599675e+02
1.663545410011048773e+02,3.999979604272140943e+00,1.038007590758666652e+02
1.685552609175507826e+02,3.999999995964394817e+00,1.055348980103667458e+02
1.707449048403555878e+02,3.999999997232777105e+00,1.072797670252770956e+02
1.728910436324976558e+02,3.999999998183715100e+00,1.090753076333005396e+02
1.751872807934805394e+02,4.002067257580184112e+00,1.106722735092372432e+02
1.775814783700579085e+02,4.468503717629657146e+00,1.120388727626632175e+02
1.800666868425424809e+02,5.086538535078980239e+00,1.131590131081362216e+02
1.825907922074214014e+02,5.584802965212833925e+00,1.142503724376511656e+02
1.851199469839080791e+02,5.922226954623313055e+00,1.153905729663557480e+02
1.876248655985007758e+02,6.110818397161774662e+00,1.166166052775660376e+02
1.901036709686499933e+02,6.173404953699168196e+00,1.179088524065361554e+02
1.925258087009305825e+02,6.130670313296931795e+00,1.193078936926282410e+02
1.948862458057494109e+02,6.006595952415441531e+00,1.208076845554145251e+02
1.972339986032972661e+02,5.869668876398949742e+00,1.223305668879691552e+02
1.995562915107080357e+02,5.727945074241496570e+00,1.238970216585213961e+02
2.018997224733082021e+02,5.603793063030351185e+00,1.254400410434011661e+02
2.043232342697875765e+02,5.560145444469862142e+00,1.268679669266552565e+02
2.067968906238793068e+02,5.591581340103449982e+00,1.282190916506170595e+02
2.092680883348842258e+02,5.554479492936429175e+00,1.295880226392189059e+02
2.117960249444797967e+02,5.519995944949748434e+00,1.308661570416410598e+02
2.143239720014763350e+02,5.477376066370585050e+00,1.321625607178448263e+02
2.167758775994713574e+02,5.082663206051712734e+00,1.335615147021245548e+02
2.193802888616731366e+02,4.510249413088371462e+00,1.346054925649194729e+02
2.221825622075359377e+02,4.764201197313004954e+00,1.352125056427802576e+02
2.246458567120629652e+02,5.998169205967028184e+00,1.361043805493077343e+02
2.268707132053644671e+02,6.912202480896931789e+00,1.377421537543233114e+02
2.292188862027854270e+02,7.675664087024760995e+00,1.393035604770466307e+02
2.311911600285092447e+02,8.235103959913434579e+00,1.413963238747795401e+02
2.329411696575740791e+02,8.395349770176043336e+00,1.437498194311851307e+02
2.350797801501412323e+02,8.000000003668155557e+00,1.457360104079210998e+02
2.371663732479308067e+02,8.000000002188402348e+00,1.478265117298897735e+02
2.394558377074168618e+02,8.134330151301231382e+00,1.497013205959117954e+02
2.419781533347712923e+02,8.032403159190256048e+00,1.512682206084111840e+02
2.442805524781957160e+02,7.499940812571126436e+00,1.530844402693178949e+02
2.459008741920390264e+02,7.340389396951555234e+00,1.555914958298250497e+02
2.479984503410229877e+02,7.614193040999523987e+00,1.577168215802828968e+02
2.505418957949082710e+02,8.169284232908745835e+00,1.592223077253795225e+02
2.531796472339184731e+02,9.404097308627980212e+00,1.600000000027703209e+02
2.560026417574432003e+02,9.606214664673927928e+00,1.610504718994013729e+02
2.588394008585169672e+02,9.787205917997695792e+00,1.620706261039707954e+02
2.617572801666652254e+02,1.015000285259738888e+01,1.627731619843069950e+02
2.645912499491079188e+02,1.041491288107318880e+01,1.637925964632616456e+02
2.667961071844115963e+02,1.044087870388063166e+01,1.658586159212512712e+02
2.688558845104536204e+02,1.038503695061833021e+01,1.680614121879513618e+02
2.710748636777415754e+02,1.042873854109586240e+01,1.700940743553952075e+02
2.735780080002638783e+02,1.080130843357417092e+01,1.717086841797487864e+02
2.759932408312858456e+02,1.114205859711594826e+01,1.734450428406566402e+02
2.783117886809282027e+02,1.113511920340179806e+01,1.753241891989628414e+02
2.803673077959517173e+02,1.096705908921488337e+01,1.774653663875763527e+02
2.811223984502203734e+02,1.297926012165271992e+01,1.795032496142035541e+02
