Q20	Q30	Q40	EHFB	M22	M23	M24	M33	M34	M44
0.0	0.0	0.0	13.618000000367113	0.118	0.0	0.0	0.126	0.0	0.61
0.21242713324213675	2.021764368179414e-08	3.057789240491719e-06	13.625037378569472	0.11863728133670319	5.8040949435121226e-08	-0.00775360522101422	0.1260532777909889	5.774410899383083e-08	0.6000157548454418
0.4248542664842735	4.043528736358828e-08	6.115578480983438e-06	13.63340700103706	0.11927456267877466	1.0950224260945822e-07	-0.015507208101137947	0.12610653252731552	1.0898834875533487e-07	0.5900315169150635
0.6372813997264102	6.065293104538242e-08	9.173367721475157e-06	13.643260601175665	0.11991184402621438	1.5438387969975597e-07	-0.02326080864037112	0.12615976420897992	1.537327194505805e-07	0.5800472862088641
0.8497085329685333	2.1002338940934088e-07	9.288159901064342e-06	13.654745854426587	0.1205491250278629	1.4416025186521938e-07	-0.031014395337947368	0.1262128678645518	1.4453263202610495e-07	0.5700632159658516
1.0621356662106418	4.981146392957186e-07	6.241930133580685e-06	13.668014382650714	0.12118640571041975	8.447870765651077e-08	-0.038767970501561444	0.1262658694167953	8.74402616793926e-08	0.5600793068270888
1.2745627994527502	7.862058891820961e-07	3.195700366097031e-06	13.6832223709588	0.12182368646947762	3.0688994821378816e-08	-0.046521547587984755	0.1263188933882173	3.6757716308488446e-08	0.5500953904587104
1.4869899326948586	1.0742971390684739e-06	1.4947059861337417e-07	13.700521580558169	0.12246096730503671	-1.7208888974302827e-08	-0.054275126597218	0.12637193977881445	-7.515006316027223e-09	0.5401114668607183
1.6980439977614996	0.023856046290034693	5.913114141295038e-07	13.723089193636016	0.12304191770181695	-0.0004495924967008558	-0.06182219775380349	0.13056687802162012	-0.00021109589128703258	0.5302115970846666
1.9090682199477418	0.048229486696479584	1.1089635222610464e-06	13.747835681789727	0.1236280045896582	-0.0009604620403687892	-0.0693329759125865	0.1348092156981458	-0.00043186103813987864	0.520311011173541
2.120092442133984	0.07260292710292453	1.6266156303925898e-06	13.774816665059973	0.12422052065889962	-0.0015234094139177845	-0.0768116075074828	0.13900847316538378	-0.0006577706421976931	0.5104078548099062
2.327778371268292	0.11370857648921301	9.804400066442885e-05	13.805876346161487	0.12477919058853724	-0.0025046588976344	-0.08399473027730951	0.14602785201535298	-0.0010411936853202668	0.5006661078532183
2.5319994354980704	0.1721808389222234	0.00029399717054399543	13.840916558317952	0.12530878557254999	-0.0039696534382580775	-0.09084057687769183	0.1559321074762961	-0.0015932517672771272	0.49108979665746544
2.7362204997278488	0.23065310135523392	0.0004899503404235625	13.878143043082982	0.12585325778749337	-0.005555873507854468	-0.09761162973417846	0.16573455038764281	-0.0021576012634604235	0.4815079500547454
2.9404233457512507	0.28918171344441324	0.0007304410906651559	13.917698786549622	0.12641244058208925	-0.007264408847678527	-0.10430663795492151	0.17544478096542257	-0.0027344936728439617	0.47191963336117726
3.1418777454575073	0.3562113822109867	0.007689987832962779	13.96785074682343	0.1269616698035104	-0.009275638311208033	-0.11073149036139088	0.18645715648156022	-0.0033719467841576128	0.4621957925175646
3.343332145163764	0.42324105097756004	0.01464953457526039	14.020161560735636	0.12752560930547832	-0.011432380795117273	-0.11706566419754726	0.19729395195564853	-0.0040330149514784695	0.4524783675580757
3.5447865448700213	0.49027071974413367	0.021609081317558017	14.074767022119966	0.12810416217349577	-0.013733446894211632	-0.12330882907305886	0.20795694268507064	-0.0047165616320649995	0.4427661294306758
3.744381138876123	0.5624585576966928	0.021168458533547242	14.123735159468907	0.1286951738576965	-0.01634939310039741	-0.12934373953136916	0.2194259799345025	-0.005492337442304524	0.4334171479668625
3.942309326804625	0.6392681711820993	0.014097203596459251	14.168235957834016	0.12930423956773734	-0.01926489192900197	-0.1351847851276019	0.23168228882696726	-0.006341371450879709	0.42437582853308187
4.140237514733126	0.7160777846675057	0.00702594865937126	14.215676707900593	0.13100677085741658	-0.02243087765656514	-0.13816240251029008	0.24433939781342662	-0.005444667518027363	0.42977423343843146
4.338065846252748	0.793145248254415	0.0002387042381635176	14.266354668406894	0.1331727781018656	-0.025832306679968386	-0.1399326082546346	0.25714500860080897	-0.003389413850161761	0.4409501772061225
4.533493374961264	0.8764120860776337	0.00027979715219261206	14.327144078934705	0.1353105832607217	-0.029593105361464783	-0.14149040756275155	0.27070118242311986	-0.000844277571585208	0.4515199681307915
4.728920903669779	0.9596789239008522	0.00032089006622170645	14.390542571161973	0.13746460710744565	-0.03355319136359691	-0.1429789995349299	0.28415352093124685	0.0022520615349779652	0.46187402027228974
4.9243484323782925	1.0429457617240705	0.0003619829802508007	14.456510862584418	0.13963485070776194	-0.03771256173994998	-0.14439838667875662	0.2975020258491559	0.005899595131800786	0.4720123384890672
5.119997460937506	1.125680374793629	0.0012729684473431278	14.525939613146676	0.14181923976269428	-0.04204737137371601	-0.14575462149256874	0.3106357225146165	0.010098760574217259	0.4819112902819314
5.3158292308736135	1.2079758928299633	0.0029016309801152785	14.598623655304682	0.1440164083421265	-0.0465587451384581	-0.14704571059356264	0.32357193398782136	0.014844373187516649	0.4915728436128271
5.511661000809722	1.2902714108662976	0.004530293512887429	14.673747634801126	0.14622759907659072	-0.051265365577818925	-0.148266472889976	0.33640166296238677	0.02013429712977708	0.5010160278247002
5.707352964735679	1.3728091778930365	0.006800155269922036	14.751913093326673	0.14844658495710852	-0.05617054312785202	-0.14940578263474008	0.34914264155811486	0.025969366782401884	0.5101993218038275
5.899528987494492	1.4614391951537815	0.025195352028509012	14.84889266269135	0.1505115108004042	-0.061349760499375856	-0.15018163172556165	0.3621971213060653	0.03238300460355787	0.5180852048912721
6.091705010253305	1.550069212414527	0.04359054878709599	14.94825403225685	0.15257064443908908	-0.06670926939999235	-0.15086688098264645	0.37509884142742533	0.03934851476209228	0.5256961001327232
6.283881033012118	1.638699229675272	0.0619857455456829	15.04994428156278	0.15462448522272157	-0.07224768927503979	-0.15146270534613196	0.3878486096935394	0.0468619905820476	0.5330342839746971
6.4767111829570165	1.7267972638226312	0.07367252921343732	15.146782176990428	0.15674650381350969	-0.07802293594322579	-0.15205569739025715	0.40061425367621095	0.0549422885936295	0.5405109835107997
6.670170590544256	1.8143835405521411	0.07890594984232582	15.238851251561115	0.158946166144896	-0.08404732333632665	-0.15265267674310157	0.41341381154754814	0.06359990223786048	0.54813803575904
6.863629998131497	1.9019698172816515	0.08413937047121434	15.332870280444213	0.1611572882427796	-0.09026843681065475	-0.15317483149915062	0.4260945951307507	0.0728163281654769	0.5555311038797153
7.057089405718737	1.9895560940111614	0.08937279110010282	15.428740819439135	0.16338001143631414	-0.09668588563266751	-0.15362249419758942	0.4386568330465084	0.08259046068368811	0.5626908321674968
7.249032704085811	2.079142085701733	0.07420607463815455	15.503701209682259	0.1658457334815509	-0.10368363722429674	-0.1541756635284677	0.4522674159949033	0.09310167704195013	0.5707216015255328
7.440877750111915	2.1688576700849604	0.05771731541130727	15.578946174573485	0.16836217245789478	-0.11094481206681091	-0.15468030256439907	0.4658805938750558	0.10423791323754623	0.5786330489652578
7.632722796138021	2.258573254468188	0.04122855618446	15.655860429434076	0.1709146498415058	-0.11844706714703443	-0.15512416055720515	0.47942146307331085	0.11599273232071695	0.5863529322663398
7.824888209582072	2.3480218308197713	0.02807800037817032	15.738008497489785	0.1734602314715962	-0.12612240534481728	-0.15547329143563923	0.4926962103450664	0.12833184010792373	0.5936911427108885
8.017726085461035	2.436909947957826	0.021934450511577983	15.82921983220742	0.1758326885068719	-0.13377379933501485	-0.15566541857152758	0.5059253998362578	0.14099491840136977	0.6004713850435449
8.21056396134	2.5257980650958807	0.01579090064498565	15.92168111364352	0.1771167171420908	-0.14053673074916734	-0.15557428513372232	0.5236363711719638	0.1521711688870306	0.6072860229226539
8.403401837218965	2.6146861822339353	0.009647350778393357	16.01533420221499	0.17840993852282494	-0.1474338715953287	-0.1554091683441183	0.5415307942329828	0.16378045815211956	0.6135368211406873
8.595423129800304	2.705453086992323	0.006873081067815249	16.11359631640939	0.17966176143774465	-0.15449292411889093	-0.1550760168188197	0.5597071094703255	0.17586631769309957	0.6189000752044077
8.787088216802516	2.797039546392961	0.005568540645965024	16.214456780156333	0.18090042683946794	-0.16169419450377445	-0.15462710065715835	0.5780994010980238	0.18840396102514503	0.6235411965496938
8.97875330380473	2.8886260057935993	0.0042640002241148	16.316368351330794	0.18214813177561207	-0.16902494486535657	-0.15410336720736104	0.5966630349745159	0.20137473989669405	0.6275978270446869
9.170870287968171	2.979148909533174	0.003595369782359024	16.419966114836427	0.1833963802000057	-0.17641189601240295	-0.15352702412167768	0.6152054764182106	0.21470630332194493	0.6310933942822788
9.368574006495031	3.056523239949188	0.010788395581606927	16.532627661408398	0.18454551207003025	-0.18300592392418072	-0.15315561215829016	0.6315111068507577	0.2275327576942199	0.6343340885374138
9.566277725021889	3.1338975703652006	0.01798142138085478	16.646038217061555	0.18569944519972814	-0.1896994631827945	-0.15271954655006245	0.6479377174201635	0.24071425556848777	0.6370602842096244
9.76398144354875	3.211271900781214	0.025174447180102682	16.760160827416055	0.18685776696496403	-0.196492338422987	-0.1522186983519523	0.6644849109756983	0.2542499098028578	0.6392731418042912
9.961891830689748	3.286140354243388	0.0409468095915321	16.88330437109858	0.18788144337501028	-0.20299954977968696	-0.15161447079153578	0.6802093920268261	0.26772859349068723	0.640549572431295
10.160067803764584	3.357788552546615	0.06774431549350901	17.017793150238074	0.18872368276948273	-0.20908437197648824	-0.15089916064400632	0.6947885632218833	0.2809730200248044	0.640790845393553
10.358243776839421	3.429436750849842	0.09454182139548593	17.152857486067038	0.18955870429836788	-0.21523030918843944	-0.1501231426823551	0.709412046575733	0.29448446657513305	0.6405538700560676
10.556419749914257	3.5010849491530687	0.12133932729746286	17.288456120427654	0.19038508109984925	-0.22143675499926857	-0.14928597101226443	0.724078468733876	0.30825986538876754	0.6398426594676976
10.754113073642628	3.575331261557934	0.11075156323752453	17.386380003193004	0.19183315209951562	-0.22899201114414502	-0.14877452678632294	0.7418313233194624	0.32366803770762725	0.6409966394824164
10.951662761022027	3.650350772199801	0.08903795031429812	17.474040898008685	0.19348467312368214	-0.237063660364629	-0.14831547740917625	0.7606860069179151	0.33989356765379364	0.6423575354737313
11.149212448401425	3.725370282841668	0.06732433739107156	17.562887076668936	0.19515612501191953	-0.24527807373553928	-0.14779376135661224	0.7797574748529003	0.35654993602259405	0.6432246656025705
11.346870674761664	3.8000735330419597	0.04583490913462915	17.653123997421382	0.19684473745018496	-0.25360881413369546	-0.14721695965527834	0.7989801278995244	0.37360560862748315	0.6436079831621114
11.554000021747502	3.8471798704271194	0.043907853816442036	17.76113279886063	0.19819989299667054	-0.25969574400646656	-0.1472171581113164	0.8125347419825079	0.38802155051824444	0.6447453697918116
11.761129368733338	3.8942862078122786	0.04198079849825492	17.869772967071633	0.19956050797767075	-0.2658555738372063	-0.14717594828586586	0.8261870702103751	0.4026812918504217	0.6455588171091593
11.968258715719173	3.9413925451974388	0.04005374318006781	17.979026529375382	0.20092665290248893	-0.27208833359236867	-0.14709335221308406	0.8399371804483308	0.41758498421901696	0.6460481268067385
12.175864896317998	3.9860355127711125	0.03988801812668741	18.09019711899397	0.1992031861589963	-0.27367659052417637	-0.14525951480500995	0.8476173902340505	0.4206478183151846	0.6367047612790315
12.385091602431864	4.022306684557422	0.045708197918902946	18.206442060915094	0.1963659285583885	-0.2720766937384614	-0.14329373454177236	0.8504016674911308	0.4162417544231778	0.6261390679758239
12.594318308545727	4.058577856343731	0.05152837771111847	18.323258816087606	0.19329635933159617	-0.26954822435973336	-0.1413121526273945	0.8521745319434215	0.4092730962040929	0.6158577480519531
12.803545014659592	4.09484902813004	0.057348557503334	18.440626341335115	0.1902588382054429	-0.26707360621483883	-0.13934319479089316	0.8542092419823234	0.4023538573817665	0.6056899278290939
13.011846834306928	4.133561446101543	0.06998630209861957	18.56472549890038	0.18710973857550117	-0.26443942030922307	-0.13723909767723672	0.8561855646446416	0.3950496245940206	0.5950752987967365
13.21880759864367	4.175813591682432	0.09250929403542817	18.698169762066325	0.18379675850489635	-0.2615638945986689	-0.13494331706783175	0.8579876456303764	0.3871864906037616	0.5838148218389052
13.425768362980413	4.218065737263321	0.11503228597223678	18.8318770300864	0.18053295972164451	-0.2587619763090994	-0.13267383979940503	0.8600879061108668	0.3794032798391392	0.5727413530294607
13.632729127317159	4.26031788284421	0.1375552779090454	18.965820533623127	0.17731800986735294	-0.25603322229599085	-0.13043026888832093	0.8624829763412977	0.3716998815140224	0.5618532121120847
13.83813779001614	4.306717474806595	0.16491626883473925	19.104259802338355	0.17403605291845606	-0.25325447770405024	-0.12804553753601827	0.865217567714885	0.36361449797586837	0.5506552648657284
14.042427122855251	4.3561080826045915	0.19576628174103905	19.24589312775531	0.1707278254974364	-0.2504703715748402	-0.12557256607997802	0.8683058349790913	0.3552904828653777	0.5393234590351721
14.246716455694358	4.405498690402587	0.22661629464733846	19.38756925102951	0.16747848897866674	-0.24777161274796616	-0.12313277067440992	0.8717162482715931	0.3470645294404686	0.5282217507721676
14.451005788533468	4.454889298200583	0.2574663075536382	19.529246840179475	0.16428751808417053	-0.24515750085279275	-0.12072552390395319	0.8754434818573513	0.3389364626084821	0.517347484504723
14.652904274181143	4.508958394557222	0.29511689268480235	19.67653111788846	0.1610260674494125	-0.2424710680367073	-0.11816509105126606	0.8794698688596991	0.3303764886535261	0.506167372558881
14.854114672753273	4.564373962374599	0.33472468606873873	19.825311113152132	0.15779378052742238	-0.23983268415604506	-0.11559015847455507	0.8838186507868636	0.32177678445702884	0.49509908339124303
15.055325071325404	4.619789530191978	0.3743324794526751	19.973894698809755	0.15462796344474788	-0.23728758112325252	-0.11305407058175243	0.8884884775031006	0.3132914384077419	0.4842969832056708
15.256535469897537	4.675205098009355	0.41394027283661156	20.12221870212037	0.15152787094340348	-0.2348347652610155	-0.11055593720359774	0.8934717929205005	0.3049202020863368	0.47375730430901514
15.45334427969036	4.738531492162383	0.462736905972721	20.277406495501577	0.1483332978303523	-0.23230565191296215	-0.10782047768861641	0.8989766750314827	0.29588347431209167	0.4628028091128334
15.650146853532986	4.8018690939773485	0.5115465573960711	20.43216703805306	0.14521294538010573	-0.22987739560928533	-0.10512994914532725	0.9047988831789769	0.28697706465163864	0.45215546142373325
15.846949427375613	4.865206695792313	0.5603562088194213	20.586396635953662	0.1421660201733722	-0.22754887267467247	-0.10248352061746058	0.9109277168498455	0.2782017476718944	0.44181106320232144
16.042921080970654	4.930089353593041	0.6103185589869811	20.740822604072356	0.139265288220352	-0.2248390620007185	-0.09939158079557234	0.9163550942524528	0.2688369962969874	0.4329403375675631
16.236176854496314	5.000022058940402	0.6640485289164442	20.897173162954516	0.13669033348704462	-0.22061547555921365	-0.09470294575978777	0.9188334378295955	0.2570798745828493	0.42832748540813215
16.42943262802197	5.069954764287763	0.717778498845907	21.052586791198124	0.1341711528508028	-0.21659490187670627	-0.09015387937974913	0.9220446254834471	0.24540385438303505	0.4237183300425152
16.62268840154763	5.1398874696351236	0.7715084687753702	21.206903095544046	0.13170699746415873	-0.21277417537071797	-0.08574193088192486	0.9259697998732237	0.23381053550804393	0.41911351820261594
16.815451921506114	5.210751126961033	0.8257701346186719	21.360317290487856	0.12928614011456857	-0.2091564797488072	-0.08144525123457393	0.9306912408336131	0.2222351401188194	0.4144488212609
17.00767567588958	5.282635591170882	0.8806148153344011	21.512723339949154	0.12690751448373314	-0.20574172920722533	-0.0772617824365904	0.9362082563583	0.21067376519138367	0.4097206652857367
17.19989943027305	5.354520055380732	0.9354594960501306	21.66362852581639	0.12458264554391763	-0.2025205555843745	-0.07321105808724657	0.9423933867425373	0.19920117262955184	0.4050015801651763
17.392123184656516	5.426404519590581	0.9903041767658598	21.81293264940131	0.12231075177427106	-0.19948965517847547	-0.06929052048193919	0.9492269518703491	0.18781903204605135	0.4002922408490448
17.58394577495432	5.499151748318111	1.0454118407271709	21.96066860561747	0.1200835513202635	-0.1966594742403611	-0.06548181973718151	0.9568140923048994	0.17647178586852139	0.39554171214850015
17.775617326566795	5.572223808762024	1.1006185181473014	22.106688803344515	0.11790528332524823	-0.19401958168723338	-0.06179345038658086	0.9650631035011791	0.16519703173259268	0.39078383359330193
17.967288878179275	5.645295869205937	1.1558251955674321	22.250896886244078	0.11577803027228104	-0.19156166506036687	-0.05822894436618322	0.9739078663662131	0.15401805525388207	0.38603888001237896
18.15896042979175	5.718367929649852	1.2110318729875627	22.393257726279447	0.11370099478274744	-0.18928235362289153	-0.05478569207325034	0.9833283014567101	0.1429365599230661	0.38130754005089806
18.350647755300557	5.791769554484872	1.2657443098046475	22.533321426794572	0.11167474330288789	-0.1871969836336298	-0.051453410101083015	0.9934180545175417	0.13193791591693124	0.37658443259351987
18.542335389699325	5.865177632965176	1.3204470682292146	22.67150607566974	0.10969697785175433	-0.1852842065157971	-0.04823690026809422	1.0040503028195327	0.1210388416782997	0.3718752516415
18.734023024098096	5.93858571144548	1.3751498266537818	22.807831097467893	0.1077668763142709	-0.18354030375422442	-0.045133713792166644	1.0152028755544593	0.11024134326456775	0.3671807924611988
18.925825668753784	6.0119131085231965	1.42955358497458	22.942096737544258	0.10588593861053967	-0.18196605403939267	-0.04214101983571288	1.02687386030004	0.09955409905379317	0.36251139994323756
19.118003856685547	6.084977056417689	1.4829810175177593	23.073837610883984	0.10405821016966056	-0.1805672364855365	-0.03925498963626955	1.0390876575584358	0.08899316863783853	0.3578878747461102
19.310182044617317	6.15804100431218	1.5364084500609398	23.203839718522502	0.10227520128692781	-0.179326916157747	-0.03647339902107954	1.0517677631014446	0.07853651411149831	0.3532782534728693
19.502360232549087	6.231104952206672	1.5898358826041201	23.33216352316634	0.10053613832843566	-0.17824182269451325	-0.03379371609736018	1.0648946954207115	0.06818578823811677	0.3486832042618879
19.69495746726903	6.303741952392982	1.642315462999087	23.45819982793158	0.09884766562183467	-0.1773164411982584	-0.031213649869021764	1.0784794039905108	0.05797235446957895	0.3441383290974255
19.888005657332304	6.375919494695933	1.6937750165068985	23.581987288137178	0.09720893091871877	-0.17654759532011796	-0.02872939086470535	1.092511046559526	0.047897318227341557	0.33964360155789325
20.081053847395577	6.448097036998883	1.7452345700147096	23.7043455735496	0.09560100763179026	-0.17462466822141293	-0.026395358166337552	1.1011762759396113	0.037489665133367156	0.3359578968894374
20.27410203745885	6.520274579301834	1.7966941235225213	23.825362321623874	0.09398850076521904	-0.17092967152498845	-0.024294987310219826	1.1018940289743508	0.026653646726149952	0.33338852232253763
20.468195172161735	6.590967994409652	1.8462201241953418	23.943828613800992	0.09239033075573781	-0.1671917702824109	-0.022376123514148277	1.102353066219807	0.016110741944246436	0.330940660355113
20.662698121782583	6.661079352400117	1.8949878083350011	24.060631976225853	0.09079600303343371	-0.1634255524016627	-0.020628503197608467	1.1026416549022557	0.0058015780049963835	0.3285485509339844
20.85720107140343	6.731190710390581	1.9437554924746605	24.176364278456592	0.08919910549235427	-0.1596410118998448	-0.01904620812204306	1.1028120308249247	-0.004309630672339443	0.32617294206593606
21.05170402102428	6.801302068381046	1.9925231766143197	24.291105689547898	0.08760013691127723	-0.1558407361918669	-0.01762580918335476	1.1028655656294535	-0.014224006340011228	0.3238159847344469
21.248005563914454	6.868080578532862	2.0386786025193175	24.40330631671711	0.0860314876662503	-0.15196322039532476	-0.016374568977253035	1.1023614349477309	-0.023760362864111602	0.3216755904152789
21.444417439438762	6.934654638969745	2.084673782449323	24.51457080002839	0.0844636682459741	-0.14807279646866958	-0.015273030394562265	1.101732402618573	-0.03309952532699985	0.3195632816501908
21.640829314963064	7.001228699406627	2.130668962379328	24.625069611055743	0.08289517271014696	-0.1441757879226905	-0.014317251800688078	1.1010073233589321	-0.04225394948029212	0.3174687943076857
21.837620267546352	7.066907843153753	2.176262027397182	24.734635208170847	0.08133430457482298	-0.1402545376450584	-0.013507032854086876	1.1000401496392187	-0.05117609806656466	0.31544181414696026
22.036511883354077	7.12762778788166	2.2196267644591794	24.84223556092055	0.07981766748616861	-0.1362227839545274	-0.012846911289705448	1.0981764830423157	-0.05965317838540312	0.3136966590289173
22.2354034991618	7.188347732609568	2.262991501521176	24.94922674505603	0.0783025166578198	-0.13219509171327581	-0.012313931651240714	1.0962434009416122	-0.0679600821297931	0.3119672748923333
22.434295114969522	7.249067677337474	2.3063562385831733	25.05566347086248	0.07678924486657365	-0.12817349845093884	-0.011905393598212431	1.0942419834732995	-0.0760976930475279	0.310255355587146
22.634305917483946	7.306280010206466	2.3490393797835374	25.161171238978916	0.07530922872446422	-0.12407938957284953	-0.011625615754395573	1.09151987950334	-0.08387771583941304	0.3087368370246858
22.83638133530952	7.357021689782201	2.3904651496771168	25.26536530321891	0.07389088999577303	-0.11985226531449844	-0.011467127757529316	1.0875490333783449	-0.09115208437935612	0.30755513354332403
23.038456753135094	7.4077633693579354	2.431890919570696	25.369037048349014	0.07247829627799111	-0.11564532788109054	-0.011409547323321195	1.0835467426307488	-0.09827574881543091	0.3063876313316856
23.240532170960673	7.458505048933671	2.4733166894642755	25.472219376721668	0.07107176614500636	-0.1114602298746694	-0.011450684256291354	1.0795138833387434	-0.10524942593888559	0.30523570423966245
23.444598609351416	7.49952543726827	2.5147446073904693	25.57456814106046	0.06976484260364776	-0.10708967690467305	-0.011591240888235887	1.0735009964767481	-0.1115414973974145	0.3045638434080496
23.650347982698825	7.532328782976707	2.5561743409680133	25.676052162228462	0.0685487446341593	-0.10258172421303857	-0.011806549630837895	1.0658550478920423	-0.11725388727636993	0.3042948534997979
23.856097356046227	7.565132128685142	2.597604074545556	25.776962346741726	0.06734648161045897	-0.09811834105623148	-0.01208606491948339	1.058238365511534	-0.1228426632193967	0.3040362028504454
24.061846729393636	7.597935474393578	2.6390338081230995	25.877303950728912	0.06656234528509425	-0.09389274120414866	-0.012560751150774676	1.0477611231385504	-0.1275941012376027	0.3041208513536478
24.269215575985772	7.608271913579982	2.6818140035939146	25.976123780666935	0.06697689288343453	-0.08975730452312526	-0.01333122363126087	1.0261418310492787	-0.12934552732976903	0.3060319141834938
24.477177439395696	7.6103814472252065	2.725088709620602	26.07419226548532	0.06748660852599879	-0.08553399469673788	-0.014084101657954018	1.0031348552449557	-0.13060970990568715	0.30830013211097873
24.685139302805617	7.612490980870433	2.768363415647289	26.17185163583068	0.06800069920075136	-0.081365809452845	-0.014829763056354143	0.9803896249464531	-0.13185525948155333	0.31054459518205385
24.893101166215533	7.614600514515658	2.8116381216739756	26.269065808309342	0.06851917825632609	-0.07725288227778564	-0.015568238973273703	0.9579065183650644	-0.13308217160782268	0.31276529449763
25.099680046144286	7.595477912142387	2.8569462461878077	26.36529597799647	0.0692512152375584	-0.07298180083266533	-0.016277120803419108	0.9321538433724477	-0.13307005705283395	0.31575874814596955
25.306162196925637	7.574870283778296	2.902396592817256	26.46147259068884	0.06999488293336034	-0.06879359396599137	-0.016978970376259978	0.90664471229079	-0.1329627093153324	0.3187187410655809
25.512644347706992	7.554262655414205	2.9478469394467046	26.55757972718021	0.07073516924516574	-0.06470329910743676	-0.017675103588117812	0.8816300999342723	-0.13284582557285618	0.32158744125075484
25.71902052797285	7.532685996600606	2.993272843027098	26.653490209938152	0.07148088772294944	-0.06070389002586518	-0.018363416992383	0.8569752434153145	-0.1326655327316399	0.3243966341098346
25.92482896228226	7.5059176755889006	3.0385677909147724	26.748990627169785	0.0722696307280804	-0.056774986562662985	-0.01903604664080631	0.8321379565175162	-0.1321885274890786	0.3272743980709737
26.130637396591666	7.479149354577196	3.083862738802447	26.84441184470372	0.07305236125072946	-0.05294943319345584	-0.019702350826795972	0.8078383315266521	-0.13170490614013458	0.3300436628194926
26.33644583090108	7.452381033565491	3.1291576866901214	26.939679567958596	0.07382890383555095	-0.04922547536478646	-0.020361920154545327	0.7840713972079256	-0.13121472716992308	0.3327045453256221
26.542116556690257	7.424400713635213	3.1743206871929806	27.034665420741	0.07460938560478236	-0.045598332041430704	-0.021011548510729693	0.7606989049797817	-0.13065307339956161	0.3352903957967355
26.747581944667523	7.394613176507615	3.219286940339611	27.129337148059957	0.07539789668585206	-0.04206753455567752	-0.021649518937269782	0.7376670470128684	-0.12998912439910634	0.33781198376037974
26.953047332644786	7.364825639380019	3.264253193486242	27.223732779913437	0.07617854579826422	-0.038636880722221725	-0.02227958667865959	0.7151762703439132	-0.1293202693110765	0.3402174605075131
27.158512720622053	7.3350381022524225	3.3092194466328735	27.31777993613053	0.07695113943687683	-0.03530443548964262	-0.022901300222900996	0.6932210923272237	-0.1286465726371862	0.34250695504156375
27.363674538870875	7.303355727799353	3.3542561528739085	27.411552306010552	0.07772995776175134	-0.03206945822172362	-0.023511560204980936	0.6716031536023553	-0.12786362626718623	0.3447194682347964
27.568685086259606	7.270729143021315	3.399327966370996	27.50496890243754	0.07850664032424737	-0.028932455481577204	-0.024111210184355775	0.6504333795922893	-0.12702493560647424	0.34682883082866944
27.77369563364834	7.238102558243276	3.444399779868083	27.597899838588823	0.07927358424100178	-0.025891339326597804	-0.02470107312315245	0.6298058520986821	-0.1261828350276994	0.34881445704149805
27.978706181037076	7.205475973465239	3.4894715933651708	27.69027745206071	0.08003057753664872	-0.022943990003126795	-0.02528065441218393	0.6097145651528345	-0.12533739518931714	0.3506764881901927
28.183160234236823	7.170169335052655	3.535044685230053	27.782508110389156	0.0812734665073716	-0.023537710035585562	-0.026012283425915307	0.5989084963513902	-0.12258156671296319	0.35287899478102563
28.387588296981242	7.134737527652442	3.580641188755439	27.87401331926394	0.08252244714084556	-0.024476465583069356	-0.026763432834256785	0.5894461406454409	-0.11973602834943527	0.3551329098936468
28.592016359725665	7.099305720252229	3.626237692280823	27.964573300188338	0.08371895783173518	-0.025352358277810145	-0.027514872556032355	0.580281608671543	-0.11702107100225692	0.3573987541304114
28.79674330738259	7.064637227501137	3.671032981983174	28.053571927982034	0.0848606995490755	-0.026168306354002826	-0.028262002825344766	0.5715202065233161	-0.11448657350339389	0.35968094086932006
29.002298600360906	7.03208422500024	3.7136077456771583	28.140069990171444	0.08594612879061123	-0.026932579184254932	-0.0289970432185825	0.5633324318934655	-0.11221266258462835	0.3619838764108415
29.20785389333922	6.9995312224993445	3.756182509371143	28.225042477217105	0.08698283135650928	-0.027638889544974496	-0.029729323514879863	0.5554187061230558	-0.11006759843469849	0.3643146293090438
29.41340918631754	6.966978219998448	3.798757273065127	28.308305570240385	0.08797075383053965	-0.028287237436161544	-0.030458082532958057	0.5477793630635246	-0.10805374472178586	0.3666776598191397
29.61968858834699	6.93693330527874	3.8395572103107676	28.38859561101978	0.08890718329245045	-0.028893201018261656	-0.031173331210547252	0.5406779662969167	-0.10630322107758175	0.36905970767461327
29.82645946670919	6.908590711201179	3.8791525151978785	28.46608044508488	0.08979720831205416	-0.02945669327670129	-0.031876602728659616	0.534004532870855	-0.10476612012047706	0.37146857118112236
30.03323034507138	6.880248117123619	3.9187478200849903	28.54132549480743	0.09064367551519027	-0.029968386856828358	-0.03257335149799782	0.5275741560923032	-0.10335367467397834	0.37391942558605196
30.24000122343358	6.851905523046059	3.9583431249721017	28.61416670502189	0.09144654139337668	-0.030428281758642914	-0.03326295752269075	0.5213871078892743	-0.1020678099884223	0.3764159038476646
30.44791779779822	6.82875139729717	3.995191640793088	28.68247652772647	0.09221038799420612	-0.030879551039630616	-0.03392689142802244	0.515873552412275	-0.10113995315773568	0.3788967042477998
30.655900287395745	6.805895779265455	4.031882125827	28.74795360817085	0.09293742052628944	-0.03128864488795073	-0.03458038486704233	0.5105905313987051	-0.10033914458377162	0.38141919491665405
30.86388277699328	6.783040161233741	4.0685726108609135	28.810561215775355	0.09362752474762726	-0.03165327906347233	-0.03522397069546494	0.5055124529649564	-0.09965317228683648	0.3839896500183684
31.072212814760157	6.762319437311689	4.10438586665065	28.869411281383133	0.09428547071709735	-0.03199401841551966	-0.03584979309069331	0.5007851908568388	-0.09916699607622942	0.3865736709888238
31.28130483117117	6.746279341465206	4.138275849613685	28.92348067400794	0.09492238818994704	-0.032340987864823346	-0.036447696263692785	0.49655241708535736	-0.09896799252068522	0.389121497587558
31.49039684758219	6.7302392456187246	4.172165832576722	28.974260188112073	0.09553056595406717	-0.03265203007075234	-0.037033082023155375	0.4924790986527634	-0.09886698271085934	0.3917122337429517
31.699488863993203	6.714199149772242	4.206055815539758	29.021613114060585	0.09610998269780972	-0.0329271450333066	-0.03760564667809842	0.4885653687568562	-0.0988649096871714	0.3943476589776048
31.90920320071921	6.7038961702928095	4.238039451907498	29.063522442555968	0.0966850184013867	-0.03323249359262486	-0.038143524711762286	0.4851134675850938	-0.09915134375269652	0.39689588578319007
32.11918845572628	6.696090762669872	4.269193187450412	29.100946741375754	0.0967457967976183	-0.03297153619516529	-0.03845564463304512	0.4803825129117951	-0.09934306574077005	0.39680342842064437
32.32917371073336	6.6882853550469346	4.300346922993326	29.13483465682447	0.09642169637830168	-0.032276697138608444	-0.038612125919273085	0.4745421581223058	-0.09934472810679768	0.3946892397472297
32.539187248135825	6.68123926963361	4.331399720815699	29.16531122231309	0.0961050406671908	-0.031595557930407955	-0.03876800887660998	0.4687720575625573	-0.09935570114554287	0.3925118607626046
32.74947407371113	6.681530390857077	4.361477173911326	29.190893408867048	0.09582266312859555	-0.031003702300431618	-0.038906269540106724	0.463354161615304	-0.09957737243261128	0.39013861107756814
32.95976089928643	6.681821512080544	4.391554627006952	29.213979094218534	0.09554734689918234	-0.03042212228817843	-0.039050457481501655	0.4579660395557055	-0.09977754872230969	0.3877536673111781
33.170047724861725	6.68211263330401	4.421632080102578	29.234921411826054	0.09527909077059125	-0.029850814613814326	-0.039200570974566376	0.4526077029494921	-0.09995622992832649	0.38535700892131625
33.38028954710443	6.68615357822925	4.451520970952144	29.253106882868877	0.09503403955737803	-0.029334612318988984	-0.0393501536443903	0.44743085569876295	-0.1002237643303753	0.38288932587763863
33.59048671925487	6.693914913725933	4.481222779619143	29.2689214807716	0.09481383160065128	-0.02887647545567134	-0.0395021817212042	0.4424307076594662	-0.10057414142785359	0.3803728617988334
33.8006838914053	6.701676249222614	4.510924588286142	29.2837044536114	0.09460300656215653	-0.028432946393187105	-0.03966399166212828	0.4374558155485247	-0.10089617133361052	0.37787321468386426
34.010881063555736	6.709437584719296	4.540626396953141	29.297832401222248	0.09440153264274183	-0.028003938819552283	-0.03983553803980258	0.43250648372924994	-0.10118985177627812	0.3753898439471471
34.22072170176777	6.7233807452914025	4.5705327375750056	29.310226703158126	0.09423897555354566	-0.027668932779090244	-0.040013874404941856	0.4278168155650044	-0.10162478693145323	0.3728655120801999
34.430530827695364	6.737870287033048	4.600457155772238	29.322647761723587	0.09409039383222718	-0.02735909521503947	-0.04020494571579284	0.42317089809177333	-0.10204006452496767	0.3703749400208477
34.64033995362295	6.752359828774693	4.630381573969471	29.335628520087045	0.09395320024151767	-0.02706739393482769	-0.04040906577315489	0.4185485006832667	-0.10242042327922281	0.3679231346502944
34.8499473222788	6.768875527608496	4.660534333756277	29.34914433686953	0.09383778304546633	-0.02682111170428212	-0.04062721769867521	0.41402266425294243	-0.10281796125116673	0.3654993484220753
35.059166343448666	6.7892912247232	4.6911266111946235	29.363249867178208	0.09375505206086059	-0.026647815274931742	-0.04086234774491039	0.40965946819080695	-0.10327670191640734	0.3631072617101652
35.26838536461854	6.809706921837903	4.72171888863297	29.37922844838915	0.09368545771696796	-0.026495612035851303	-0.04111328722971133	0.40531944512176726	-0.10369431261382206	0.36077096449191587
35.47760438578841	6.830122618952606	4.7523111660713155	29.397517775104408	0.09362891426134466	-0.026364269230407675	-0.04137991364958691	0.40100341581921395	-0.10407078721823629	0.358488998975783
35.68627681177186	6.854519002033956	4.783630758536315	29.41783512374456	0.09360818010562828	-0.02631159031104874	-0.04166908063665822	0.3968472046562159	-0.10449872697556506	0.3562635274662107
35.894785157013914	6.880110335090858	4.815168681480182	29.441210744766487	0.09360869377288754	-0.026299387726386732	-0.04197806973254075	0.39275586841561594	-0.10490819275982011	0.3541050225854009
36.10329350225597	6.905701668147761	4.84670660442405	29.46832028439226	0.09338701216175718	-0.026096654872137064	-0.04251016276960729	0.38875672069913936	-0.10524959587588295	0.35275683869942775
36.31163012739278	6.932225969758088	4.878543743387356	29.499130810567536	0.09292439680557286	-0.025684202411242345	-0.04326055526702629	0.3848223551302168	-0.10555369943243352	0.35218037734270435
36.519273314163016	6.962517775405521	4.911589173409413	29.533029829749324	0.092470951659991	-0.0253096148454981	-0.04402315721942231	0.38094287177276615	-0.10590459443416887	0.35160088338177076
36.72691650093325	6.992809581052953	4.9446346034314725	29.570332459586904	0.09200341700919282	-0.02491644479258486	-0.04478977709482335	0.3770066761583895	-0.10622005784966738	0.3510185016038639
36.934559687703484	7.023101386700386	4.97768003345353	29.610746074160776	0.09152179285317838	-0.024504653280248465	-0.045560590268373495	0.3730160384208964	-0.10649920306014521	0.3504325305084074
37.1417893677189	7.055406740781477	5.011366316224111	29.65375696187409	0.09103654457133309	-0.024101279909264552	-0.046340282277566563	0.3690235842299691	-0.10678231118751706	0.34984411955641825
37.34877420068443	7.0889043641254545	5.045432062940693	29.699196415143113	0.09054232547363818	-0.023693571398880134	-0.04712731559286651	0.3650055511430283	-0.10705025225844225	0.34925276745144485
37.55575903364997	7.122401987469433	5.0794978096572745	29.746863358037594	0.09003269248945713	-0.023265068874712906	-0.047919244904940594	0.3609334088373717	-0.107277325674382	0.348656811087359
37.76271655582795	7.156028342692993	5.113598110788679	29.7963957140573	0.08950824549433316	-0.022817350491214715	-0.048716540080301955	0.35681275514214356	-0.1074651175133562	0.3480557858090207
37.9692187091149	7.19180112057585	5.1482745580867935	29.847340191991183	0.088977896070392	-0.022375029020507118	-0.049523709803453816	0.35269116118803007	-0.10765257836217994	0.34745451805472577
38.17572086240186	7.227573898458706	5.182951005384908	29.89947949500845	0.0884312040639516	-0.021910316004079965	-0.05033651456607821	0.3485189671164346	-0.10779477909059551	0.3468469884153173
38.3822230156888	7.263346676341561	5.217627452683021	29.952418963256243	0.08786816947501207	-0.021423163411874523	-0.051155170503439984	0.34429897067828713	-0.10789062701476362	0.34623233234973544
38.588561946661734	7.299913622610437	5.252436481151304	30.005752639803667	0.08729192590309609	-0.02092259642126907	-0.05198134708760775	0.34005183275801165	-0.10795525430866251	0.3456142687825519
38.7947261518552	7.337330708096452	5.287387434750578	30.059105537441674	0.08670220092466971	-0.020408402226057033	-0.05281544238580435	0.33577956035331213	-0.10798807706686224	0.3449927058865144
39.000890357048675	7.374747793582467	5.322338388349852	30.112067648432006	0.0860954681208185	-0.01987053766240362	-0.053656153882568905	0.33146523615381907	-0.10797036548527919	0.34436199181980776
39.20705456224214	7.412164879068483	5.357289341949126	30.164208601677842	0.08547172749154253	-0.01930895217770602	-0.0545037090646144	0.3271118048486513	-0.10790096949219771	0.34372121663558014
39.4130190475305	7.450652899103113	5.392253148841899	30.21516210175251	0.08483447399957639	-0.01873448731530701	-0.05535978861639309	0.32274710956300273	-0.10780247905115183	0.34308096997717524
39.61896295967652	7.489251236078268	5.427218279752106	30.26446762695502	0.08418011986977034	-0.018136546567566872	-0.05622338942866294	0.31835009380928425	-0.10765206223491403	0.34243056618380385
39.82490687182254	7.527849573053425	5.4621834106623135	30.311683017801666	0.08350828290558657	-0.017513917871628742	-0.05709459967279846	0.31392114392741055	-0.10744607012663292	0.34176790992304173
40.030809354214036	7.56671367305704	5.497095898864408	30.356404081773015	0.08300067260942696	-0.01704700428072609	-0.05810906146339195	0.31025648293105534	-0.10732926269898872	0.34163470842695304
40.23662657520124	7.606124706762719	5.5319000496826245	30.398394927085395	0.08351231321832318	-0.0175907235185409	-0.05989931783576964	0.3110642338546798	-0.10794822411590364	0.34453917204300805
40.44244379618844	7.6455357404683975	5.566704200500842	30.437695428112654	0.08401886543399333	-0.018142389787657982	-0.0616963346268613	0.3118768498238681	-0.10849076165874978	0.3474051450311035
40.64826101717564	7.684946774174077	5.601508351319058	30.47446346672608	0.08451990578722912	-0.018701023815533204	-0.06350029710444559	0.3126921076252774	-0.10895635922442966	0.35023223038885704
40.854362003504306	7.7237650952669945	5.635276534106417	30.508774204556207	0.08501586362342017	-0.01926163847501965	-0.06530695488506211	0.31353020052402747	-0.10936018696955399	0.35305010756811456
41.06056068411624	7.762379358198365	5.668688055457445	30.540842823542604	0.08550585709040805	-0.019825893471969017	-0.06711899461748239	0.31437604182654166	-0.10969467947749283	0.35583956947770684
41.26675936472817	7.800993621129736	5.702099576808474	30.57087261485903	0.08598920626028485	-0.020394242619252736	-0.06893805909807096	0.31522007765145155	-0.10995442274103333	0.35859001927473566
41.473014799317184	7.839484233740854	5.735297665852556	30.599019378507975	0.0864657120975332	-0.020964932485944898	-0.07076328503739347	0.31606528493816616	-0.11014298090156052	0.36130748096460413
41.679573453807066	7.877314218854611	5.767355448502722	30.625360951516036	0.08693593774627724	-0.021533502189371327	-0.07259006544896607	0.31693289699558214	-0.11027956550524765	0.36401997569350913
41.88613210829695	7.915144203968367	5.799413231152887	30.650190526902303	0.08739850043569736	-0.02210355585261414	-0.07442391297251004	0.31779475665025303	-0.11034360383206084	0.36669340577821563
42.09269076278683	7.952974189082124	5.831471013803054	30.673689452470708	0.08785302441119397	-0.022674224543161724	-0.07626499200066275	0.31864889119053086	-0.11033463793108168	0.3693274189487864
42.29945695026431	7.9903118479849224	5.862748020533873	30.69593451730194	0.08830003529740485	-0.023241400725436866	-0.07810908250509277	0.3195135294693394	-0.11027044884336916	0.37194612168494645
42.506380512757744	8.02727616939468	5.893432954533507	30.717119687869282	0.0886281729271647	-0.0235967298496807	-0.0796593597232309	0.3202535026247312	-0.10996300875791379	0.37389225588183234
42.713304075251195	8.064240490804437	5.924117888533143	30.73749585844558	0.08890631122591787	-0.023883397217299682	-0.08109304167704785	0.32087982317316727	-0.10952728557741703	0.3755806309339776
42.92022763774463	8.101204812214196	5.954802822532777	30.757233549230822	0.08917334443567058	-0.024176593638563375	-0.08251291810682683	0.321429357265075	-0.10903098664096461	0.37724339064686985
43.126889944820704	8.140679589330407	5.984086403063742	30.777288361084356	0.08942150329631952	-0.02448730180843528	-0.0838765514541408	0.32202012367062044	-0.10856099962751047	0.37886157516934926
43.33354624390746	8.180212098420835	6.0133377572136055	30.797103118584133	0.08965721206717506	-0.024806610671033482	-0.08522235504127099	0.3225378591498489	-0.10803565605024837	0.380448132499216
43.54020254299423	8.219744607511267	6.04258911136347	30.81680909902005	0.08988037841581326	-0.025134456431831022	-0.08655102360167884	0.32297903225773983	-0.10745340902910251	0.3820019224392574
43.746802593527335	8.259955627893431	6.071286550602635	30.836790931106027	0.09008871228921785	-0.02547506346481905	-0.08784846301724042	0.3233848286610558	-0.10684631431207596	0.38352103373172314
43.95331233194344	8.301256059241771	6.099094629582963	30.85735567549705	0.09028041555208147	-0.025831875519016972	-0.08910468147474163	0.32378196970115936	-0.10623563212783142	0.3850024525947443
44.15982207035954	8.34255649059011	6.126902708563289	30.8782313699476	0.0902543208902151	-0.026073941688460844	-0.08976776550900487	0.32034678111222126	-0.10381853797327684	0.3842137339665804
44.36633180877565	8.38385692193845	6.154710787543616	30.8994231240834	0.09016865688056071	-0.026310505278465995	-0.0902500285499259	0.3159104412520618	-0.10091272954046485	0.38278109555806344
44.57275141731059	8.426344331028979	6.18136240094638	30.92138245070051	0.09008170132359108	-0.026588845406873673	-0.09069456227747133	0.31167590342957635	-0.09810293597377091	0.3813652622877601
44.77914668983477	8.469152236527052	6.207701756545239	30.943742422709093	0.08999610720072773	-0.026903296252991142	-0.09112102002602412	0.30758074009265945	-0.0953405862206819	0.37996133535947707
44.98554196235894	8.511960142025126	6.234041112144099	30.966336322919386	0.08991297566698543	-0.02725211900462594	-0.09153674999154886	0.30360340663867574	-0.09260766911617827	0.37856740228197006
45.19192733374811	8.555015215851794	6.260038365611858	30.989247391776132	0.08983198007364025	-0.027637341735263436	-0.0919362303171072	0.2997655100780529	-0.08992017650286613	0.3771858597287085
45.3982699919411	8.59913656635332	6.284559800859366	31.012855967610697	0.08975156485841551	-0.028064277570060914	-0.09230079126165588	0.29613310130180387	-0.08733145276631707	0.3758253720469241
45.60461265013409	8.643257916854843	6.309081236106875	31.03663556476657	0.08967423888676877	-0.028525986521284238	-0.0926565471135889	0.29261703707566905	-0.08476802916174458	0.37447092578566604
45.81095530832707	8.687379267356365	6.3336026713543845	31.06055882681632	0.08960020098717701	-0.0290228557812307	-0.09300385367123343	0.28921841618860056	-0.08222924641577771	0.3731217988836229
46.01731837483744	8.73210924221281	6.356781679277511	31.084972154036105	0.08952899778501608	-0.02955842720002748	-0.0933261048306805	0.28600163700268755	-0.07977162218956582	0.37179664873136675
46.223695854923875	8.777269064041613	6.379012584620892	31.109775666960484	0.08946097360588849	-0.030131130109673134	-0.0936294018515776	0.2829439262801675	-0.07737570477879385	0.37048769400262543
46.430073335010306	8.822428885870417	6.401243489964272	31.1346977564127	0.08939676355144988	-0.030738830573427904	-0.09392625712732779	0.2800002312247866	-0.07499997277071499	0.3691802137861051
46.63645081509675	8.867588707699221	6.423474395307651	31.159724307263527	0.08933655215151948	-0.03138188793883458	-0.09421700086918659	0.2771715716065983	-0.07264381430329686	0.36787353794719924
46.8429712217792	8.913393548773906	6.4428744619941005	31.185450775115534	0.0892814214217803	-0.03205995455579094	-0.094477215742924	0.2745578586317584	-0.070411980570818	0.36662110852594976
47.04949437730055	8.959210795195393	6.462220084513947	31.211319982100083	0.08923050302006248	-0.032772099445938584	-0.09473258210700872	0.27205411993902584	-0.06819758819771879	0.3653675625163415
47.25601753282189	9.00502804161688	6.481565707033795	31.237317785651715	0.08918394120918402	-0.033518635060773516	-0.09498387817716815	0.26965926956831293	-0.06599804180198465	0.3641112512034063
47.46264227737402	9.05090170579764	6.499567301010506	31.26365492052825	0.0891431219270467	-0.034296365843929	-0.09522375246691242	0.26740751362078824	-0.0638573179843577	0.36288310895248277
47.66943735521178	9.096869965056527	6.515315376118533	31.290516208966007	0.08910881076462744	-0.03510124573743548	-0.09544815979811268	0.2653139370166618	-0.06180263014627228	0.3617028430677621
47.87623243304954	9.142838224315415	6.531063451226562	31.317576454422777	0.08907899422670212	-0.03593853091978272	-0.09567054604750444	0.2633196591033769	-0.05975779317920503	0.36051661514062544
48.08302751088729	9.188806483574302	6.54681152633459	31.344847896273325	0.08889097347407914	-0.036396004108155924	-0.09538055107968423	0.2621950510542567	-0.05884817463272668	0.3586083780994692
48.290199400396126	9.23404101677864	6.5592772371213615	31.37252378194323	0.08847288052676214	-0.03623078105621185	-0.09433027593632284	0.2622841221662737	-0.05971265309198089	0.35573828125736146
48.497487686526725	9.279048902985021	6.570729029954695	31.40044506317395	0.08806501043919833	-0.036063456698537014	-0.09329124194893043	0.26237639553648	-0.0605999877593432	0.3529129360073116
48.704775972657316	9.324056789191403	6.58218082278803	31.428482276457533	0.08766586356281371	-0.03590039932482976	-0.09226598768722878	0.2624585290002367	-0.06147973123410792	0.3501025265258069
48.91212733263576	9.368892462757815	6.593067090782667	31.456591304719982	0.08727620404989234	-0.0357378844098784	-0.09125420769942054	0.2625373692307504	-0.06236737010423169	0.34732542200427513
49.119827028295774	9.412777063742496	6.600830154995816	31.484857543005248	0.08689901488669587	-0.035559009890831925	-0.09025441243848996	0.26264318962875255	-0.06333354445157942	0.34466473456482555
49.327526723955785	9.456661664727177	6.608593219208966	31.5130789401943	0.08652977306116545	-0.03538483586484202	-0.0892696303941282	0.2627402458850133	-0.06429010323331733	0.3420200639109814
49.53522641961579	9.500546265711856	6.616356283422114	31.5411814879863	0.08616848189012548	-0.035215402133800894	-0.0882999677047146	0.2628287303753452	-0.06523681758856507	0.33939148632970284
49.74311097600233	9.543792208766533	6.622366184957288	31.569178704110456	0.08581705926013032	-0.03503840321963408	-0.08734599193264561	0.26292679308993633	-0.06622041747845939	0.3368391643639145
49.95115157893402	9.586499041295156	6.626896188711241	31.59702155282676	0.08547465367891705	-0.034855938770841255	-0.0864081221492454	0.2630320530632608	-0.06723287057415336	0.33435414170231875
50.15919218186572	9.62920587382378	6.631426192465193	31.62457185197743	0.08513948597115502	-0.034678495314028716	-0.08548615043142256	0.26312954079836387	-0.06823424862239602	0.3318858449670406
50.36723278479741	9.671912706352405	6.635956196219148	31.65175361861653	0.08481155802346807	-0.034506095488682095	-0.08458013715113877	0.26321936571942595	-0.06922442144614509	0.32943431755042774
50.57553634181115	9.713518698903272	6.637747760162517	31.678662182550458	0.08449293282811794	-0.03431893361849574	-0.08369277367359385	0.2633273668255919	-0.07027451501243487	0.32709686699320994
50.783859268817594	9.75504360025308	6.639337602349994	31.705108217827608	0.08418105425778179	-0.03413551458037627	-0.08282198198579363	0.26342988868861095	-0.07131808140979082	0.32478362832284097
50.99218219582403	9.796568501602888	6.640927444537472	31.731003709414328	0.08387574811313953	-0.033957311133606824	-0.08196760043368698	0.2635250774941924	-0.07234981422168707	0.3224874590342344
51.20057964783063	9.837718353014205	6.641625134552808	31.756340432160435	0.08357743094705351	-0.03377780845923331	-0.08113082307316395	0.2636209755816661	-0.07339255498176753	0.3202405982026866
51.409134660896505	9.87807527231576	6.6404366328067805	31.781148215041675	0.08328614403447343	-0.03358980760658101	-0.08031311563851866	0.26372649395673814	-0.0744716587117946	0.3180789939986071
51.617689673962396	9.918432191617315	6.639248131060753	31.805219340595634	0.0830007905877351	-0.03340712721413062	-0.0795120610711856	0.2638246725474657	-0.07553870318438419	0.3159345276763619
51.82624468702828	9.958789110918872	6.638059629314725	31.828476053364458	0.0827213701379391	-0.03322976165508852	-0.07872764436638165	0.26391548415767946	-0.07659372075359984	0.31380718845126315
52.034932557584455	9.998324853728905	6.63493206389561	31.851051665543572	0.08245054821692051	-0.03301576384576293	-0.0779322582498759	0.26406363126656335	-0.07787092977371203	0.31188485200763555
52.2436742343755	10.037528026541848	6.631019192994936	31.87280210069564	0.08218992893176554	-0.03266184977732034	-0.07699549596218258	0.2644307864391695	-0.08006435135303686	0.31057336380427336
52.45241591116653	10.076731199354791	6.62710632209426	31.89364160341703	0.08192055406334867	-0.03231200999618256	-0.07606267738469806	0.26476123633858345	-0.08222705700939652	0.30924511977490515
52.661196250083044	10.115690591040917	6.622957387594957	31.913515315800787	0.08164269446189854	-0.03196315017731234	-0.07513538451794247	0.2650538543244858	-0.08436433576628963	0.3079124022850421
52.8703110654456	10.152540966630827	6.616766203411521	31.93199763349307	0.08135816477887818	-0.031592096507195286	-0.07422517233805806	0.2653033778322303	-0.08651842832233315	0.30667127972348746
53.079425880808145	10.189391342220734	6.610575019228085	31.949594814411252	0.08106475916438391	-0.03122535611574636	-0.0733188558756191	0.26552017787033255	-0.08864416287309315	0.30541485964380716
53.288540696170685	10.226241717810643	6.604383835044647	31.96631344947338	0.0807625111638165	-0.03086286414852402	-0.07241652682138779	0.26570405093002786	-0.09074145667324768	0.30414291617363537
53.49791827359173	10.261358985172032	6.59736310209891	31.981400222140515	0.08045446378697022	-0.03048545618603632	-0.07153069425933571	0.26583426168088575	-0.09282594474524004	0.30292278386997823
53.707561617580055	10.29472332736872	6.589503335054287	31.994839199116694	0.08014085125511192	-0.030092982385139397	-0.07066137105641944	0.26591408821539064	-0.09490009928340928	0.30175650999846065
53.91720496156839	10.32808766956541	6.581643568009666	32.00740547822886	0.0798187233336212	-0.029704732429468104	-0.06979602698918239	0.2659653160084916	-0.09694872731290605	0.3005760111193112
54.12684830555671	10.361452011762097	6.573783800965042	32.01911098955644	0.07948811867751424	-0.029320631585991186	-0.06893476771466878	0.2659877105530906	-0.09897173348469047	0.2993810269554213
54.337056362176135	10.390784087443963	6.565099414139741	32.02760357054477	0.07915919382216074	-0.028898887083150256	-0.06810843955300115	0.2659171390375502	-0.10097828446390325	0.29830178140265406
54.547332173585225	10.419632367732355	6.556316088603472	32.03491907870531	0.07882367859393208	-0.028476136914714147	-0.06728969940871332	0.2658147826147199	-0.10296371484447858	0.29722525682027173
54.757607984994316	10.448480648020745	6.547532763067203	32.041352329144715	0.07848043022455709	-0.028057313945870556	-0.06647493906738416	0.26568837372125625	-0.10492702349765189	0.29613566226893157
54.96807922904084	10.475753292150019	6.538745928568769	32.045796992334175	0.07813464719128757	-0.027626646955483437	-0.06567676390488378	0.2655073418321102	-0.1068635605670656	0.29507584275310683
55.17902624019192	10.499190160110906	6.529950551747056	32.0465919424665	0.07779443310646159	-0.027161422194150072	-0.06491281165912227	0.2652317274624023	-0.10876950581545147	0.29410898817413966
55.389973251342994	10.522627028071796	6.521155174925345	32.046447114437626	0.07744762003845965	-0.02669972776925756	-0.06415251351018514	0.2649372861064638	-0.11065741697622708	0.2931308549836278
55.600920262494064	10.546063896032685	6.512359798103631	32.045378840390924	0.07709423856182238	-0.026241504570027427	-0.06339595302848339	0.26462383227874864	-0.11252721863219232	0.2921412373129982
55.812307323053716	10.565237375991863	6.5043124739831635	32.039786113412234	0.07675237910824323	-0.025745104914835483	-0.06267764317513874	0.2641978596635064	-0.11434880681929263	0.29123911019633386
56.023890021893216	10.58251542812236	6.496597721025978	32.03157128785738	0.07640817681188566	-0.025267854087701543	-0.06195216183618193	0.26355726736632795	-0.11598120401508383	0.29031673956898263
56.23547272073272	10.599793480252856	6.488882968068793	32.02234012664084	0.0760210653135917	-0.02506377452977869	-0.06102715943990026	0.2616627296984129	-0.11633504513973765	0.28896122491055176
56.44710174491022	10.616463927309418	6.481350727223396	32.011545919219024	0.07563530134091728	-0.02485343298338087	-0.06010795095384856	0.25975365963600405	-0.11667827706513517	0.287622562739797
56.65916634098596	10.627421395100537	6.475534548266002	31.994264265226782	0.07527592101057407	-0.024588936877577454	-0.059236227515644335	0.25769958215116395	-0.11695375369457829	0.28639843114603497
56.87123093706169	10.638378862891656	6.469718369308608	31.97589814375844	0.07491547869463323	-0.02432416489061108	-0.05836513809298286	0.2556457252386678	-0.11722614350914726	0.28517692705592235
57.08329553313743	10.649336330682777	6.463902190351215	31.95647539633383	0.07455398009473646	-0.024059125891702185	-0.05749468838750571	0.25359218075829854	-0.11749549338900728	0.2839580263958608
57.29550287080907	10.65715881725799	6.459334829205394	31.932702642596798	0.07420832591621002	-0.023765078980563705	-0.05665112147448632	0.25145118562817936	-0.11771799733266966	0.2827923497357232
57.507851356909796	10.661881312754321	6.456002347571892	31.90451991676839	0.0738787374405025	-0.02344247079769702	-0.05583394027662234	0.2492231645857697	-0.11789491280983354	0.28167787476681483
57.72019984301052	10.666603808250652	6.452669865938389	31.87519322562039	0.07354864406343628	-0.023119772202527544	-0.05501713292500969	0.2469948118966707	-0.11806985927636873	0.28056403905184585
57.932548329111256	10.671326303746982	6.449337384304886	31.844745201745333	0.07321804719485929	-0.02279698538815204	-0.05420070082949626	0.24476615027509901	-0.11824284832435836	0.279450836638125
58.14496506930105	10.670630330150805	6.44872215901877	31.80687307232392	0.07291933744976098	-0.02242565632291371	-0.05343081527277399	0.24237217513268003	-0.11832430886962159	0.27840884139148764
58.357388407852184	10.669410534209867	6.448369620400586	31.767171972551825	0.07262378420879323	-0.022049606571173143	-0.05266545766099909	0.23996150119382725	-0.1183965850643296	0.2773729430797352
58.56981174640332	10.668190738268928	6.448017081782403	31.72626821363724	0.07232828055106383	-0.021673522765567905	-0.05190015013879325	0.23755006008722157	-0.11846840223139905	0.2763362563502566
58.78219573738405	10.665212029477628	6.448739506812207	31.68196078759246	0.07204438416277059	-0.021282048609440354	-0.05115015344039826	0.23508027610066423	-0.11850625399934704	0.27531649579333256
58.994497043928504	10.658537165725757	6.451720845476732	31.63174658856455	0.07178518970914238	-0.02085823382265456	-0.05043204733438475	0.23248875830393756	-0.11847457034459394	0.2743325592413085
59.20679835047295	10.651862301973885	6.454702184141254	31.58027905584191	0.07152659842659095	-0.02043433092416191	-0.049713647498308706	0.22989652760175405	-0.11844445487519195	0.2733469021031612
59.41909965701742	10.645187438222017	6.457683522805778	31.527581644056802	0.07126861209745475	-0.02001034268648888	-0.048994955714508445	0.22730361270956628	-0.11841592224592379	0.2723595168534612
59.63119150485305	10.634974024749386	6.463252819652527	31.46883269093044	0.07103702065632336	-0.019556072878670595	-0.04830704765167369	0.2245865970943431	-0.11831379362313013	0.27139515914121964
59.84320719115294	10.623473954911045	6.469763127120046	31.40707305367773	0.07081588762006036	-0.01909062180332067	-0.0476298618582844	0.22182468709240832	-0.11818813408261443	0.27043762133012766
60.05522287745284	10.611973885072707	6.476273434587566	31.34408170719193	0.07059777151943414	-0.01869564472956963	-0.04702533214457857	0.21908091867713997	-0.1178899925700272	0.269617521589007
60.26718390981335	10.599913739817268	6.483274729652425	31.279056176362985	0.07038849308715546	-0.01850051933111204	-0.04663343775895542	0.21636732179718282	-0.11707233787712347	0.26918929242080697
60.4788174076381	10.584497129433611	6.493218454787488	31.20786737505987	0.07020320336882548	-0.018285409844005444	-0.046270717069056846	0.21352898476388535	-0.11616260673344272	0.26876041972675524
60.69045090546285	10.569080519049955	6.503162179922553	31.13545090085691	0.07001511535942798	-0.018078339406372677	-0.04590756460381438	0.21069155833025657	-0.11524151170087667	0.2683197269950674
60.90208440328762	10.5536639086663	6.513105905057617	31.06181676009125	0.06982421537202783	-0.017879336912854517	-0.04554397884245744	0.2078551839279592	-0.11430906494558984	0.2678670971264098
61.11351155702708	10.536755286412646	6.524677907978014	30.98457095465417	0.06964294658899481	-0.01767847558302371	-0.045193029234880534	0.20495929838094784	-0.11332041620173346	0.26739736992283314
61.324769572435144	10.518623675877933	6.537584595085464	30.90414926624697	0.06946860804061343	-0.01747869252389663	-0.044852121653926866	0.2020158050602227	-0.11228288672624882	0.2669098570288585
61.53602758784319	10.50049206534322	6.550491282192914	30.82252819484659	0.06929084091046675	-0.0172885136524255	-0.044510471204029664	0.19907490467571348	-0.11123304066642589	0.26640809258835224
61.74728560325125	10.482360454808507	6.5633979693003655	30.7397152352244	0.06910962434173198	-0.017107982999680464	-0.044168075567764135	0.19613681274792127	-0.11017089656166247	0.265891898159609
61.95822126236847	10.462473395533692	6.578742962882922	30.65259098049263	0.06894083532603897	-0.016928301417719997	-0.04383993726970532	0.19312283618931955	-0.10903165116089025	0.2653408337729916
62.169140303682624	10.442495841045172	6.59421365370773	30.56413426609243	0.06876894905062282	-0.01675890235360744	-0.04351151548718658	0.19010923435225638	-0.10787655723239387	0.2647726328560226
62.380059344996795	10.42251828655665	6.609684344532538	30.474511179047752	0.06859310787632256	-0.016600324692220912	-0.04318202594259468	0.18710038834478007	-0.10670897457637879	0.26418807275677325
62.59087572871728	10.402121057339567	6.625937861773151	30.382869911312298	0.06841766635599135	-0.016451281351864237	-0.04285487588205615	0.18407482775777823	-0.10550939379395945	0.2635771332918571
62.80149751212299	10.38092828215902	6.643675324442929	30.28845842879161	0.06824629495484424	-0.016311120120095828	-0.04253289860512155	0.18101422458834965	-0.10426051798078992	0.2629302147543598
63.01211929552872	10.359735506978474	6.661412787112708	30.192905305985065	0.06807054450856	-0.016182699284969904	-0.04220951981172295	0.17796057343336574	-0.10299948902877737	0.2622652985234391
63.22274107893445	10.338542731797927	6.679150249782486	30.096210780536854	0.0678903816156055	-0.016066089360834188	-0.04188473579057892	0.17491421944200242	-0.10172633662817351	0.2615820988304228
63.43317226122816	10.316810123746	6.698404578449699	29.997013435558582	0.06771288571996253	-0.01596146217293343	-0.04156223228287724	0.17184078112954454	-0.10040674495879513	0.26085559713062245
63.64353317875524	10.294878507250122	6.718218097114097	29.896189439779434	0.06753330078931968	-0.015869284844705844	-0.041239381307228484	0.16876371568599968	-0.09906298824095386	0.2601006247531976
63.853894096282325	10.272946890754241	6.738031615778494	29.79424014995016	0.06734893048945632	-0.015789672144097554	-0.040914772618500225	0.1656964035188594	-0.0977078489777434	0.2593258959181185
64.06423759176866	10.25101685532525	6.758024063376883	29.6910677071342	0.06723263046964686	-0.01589296843284647	-0.04080593077612975	0.16325142459725653	-0.09630055562414491	0.258931874183897
64.27443208087541	10.229100342367943	6.779546845626538	29.585972807759386	0.06727774401861696	-0.016401423395667178	-0.04119351891386347	0.16219099230763326	-0.09475467215372786	0.2594073678219806
64.48462656998217	10.207183829410639	6.801069627876195	29.479761518783597	0.067313211822431	-0.016926902640538477	-0.04158750076548921	0.16114060332528157	-0.09317472169863736	0.25986879549619124
64.69482105908892	10.18526731645333	6.82259241012585	29.372429527229887	0.06733899205232961	-0.01746946658677947	-0.04198792745504631	0.16010024835492145	-0.0915604811721565	0.2603160038344113
64.90500587486493	10.16403739657661	6.844857712804446	29.264271702404255	0.06735569502884314	-0.018034505387017473	-0.042386703881807694	0.15907243794038367	-0.08990911390303798	0.26072186665304425
65.11517955972421	10.143597526230078	6.867977419543649	29.155352569751127	0.06736367275613103	-0.018622602050206417	-0.04278206311012815	0.15805768474741258	-0.08822142856510959	0.2610821586002546
65.32535324458351	10.123157655883546	6.891097126282853	29.045335902432214	0.0673622408762822	-0.019227581816000795	-0.04318321435212866	0.1570531318960456	-0.0865007298022209	0.26142776037573545
65.53552692944281	10.102717785537013	6.914216833022056	28.934221803143966	0.0673513574884705	-0.01984950520781617	-0.0435902088199301	0.15605877007498808	-0.08474679414329893	0.2617585183431243
65.74575573244331	10.084535501733045	6.938648975568733	28.82363114668184	0.06733109300302263	-0.020501195014180275	-0.04397598352998442	0.15509946733911847	-0.08297700065644278	0.2620129054130631
65.95599756156375	10.066886755388605	6.963391287251038	28.71236687241313	0.06730212615154336	-0.02117202293287539	-0.044360039704013615	0.15415597608256387	-0.08118107598879656	0.2622381439518216
66.1662393906842	10.049238009044164	6.9881335989333415	28.60005472331665	0.06726447667741514	-0.021858929462315733	-0.044748700089460414	0.15322238297741606	-0.07935501100123693	0.26244864922703853
66.37649378262101	10.032144665184047	7.01311043875801	28.48715540503796	0.06721816223195289	-0.022564461212446988	-0.045135097097341134	0.15230592445446917	-0.07750568624847332	0.26263152355043434
66.58682945526785	10.018644743921547	7.039604662372511	28.376198018006896	0.06716425004365896	-0.023301327243056114	-0.04548030319091595	0.15144578193475297	-0.07567486567025883	0.26271753227928607
66.79716512791467	10.005144822659048	7.066098885987012	28.2642750101537	0.06710295079306974	-0.024052720373513317	-0.04582821988930359	0.15059473689357802	-0.07381896369010296	0.26278959971152205
67.0075008005615	9.991644901396548	7.092593109601513	28.151397730649414	0.06703423274221426	-0.024818686447554462	-0.04617888598335749	0.14975278227806177	-0.07193781103882718	0.2628476094745825
67.21785099800948	9.98065340895637	7.119947024221346	28.039819156691088	0.06695956165313723	-0.025607446189709407	-0.04649901747493386	0.148954270361345	-0.0700740660242195	0.26284030504888134
67.4282198523049	9.972883948504183	7.148405196571883	27.930256521619185	0.06688079277329856	-0.026419570738119697	-0.046777144255211914	0.14820793737062865	-0.06824546003400313	0.2627544992507135
67.63858870660033	9.965114488051997	7.176863368922419	27.819875131521187	0.0667965520488216	-0.02724388716926133	-0.04705530205333541	0.14746924117053567	-0.06639910081798701	0.262656378280777
67.84895756089576	9.95734502759981	7.205321541272956	27.708693855739526	0.06670681985681055	-0.028080423827317125	-0.04733351485284363	0.1467381774004226	-0.06453488372072691	0.2625458701884539
68.05920258122349	9.955158742962679	7.235392880872866	27.602109461286666	0.06660226710338293	-0.02882435770369334	-0.04758734787151203	0.1465172713723416	-0.06313035771232574	0.2623899739131421
68.26939903083388	9.955162316725204	7.266096944207102	27.497016115862483	0.06645283662821125	-0.029282020580133027	-0.047947840299118326	0.14742705549572155	-0.06268971224034599	0.2623712116982712
68.47959548044429	9.955165890487732	7.2968010075413385	27.391391947437313	0.06629529395783725	-0.029742703853208388	-0.04830665660758218	0.14835831569184432	-0.06225410409217	0.2623593271868558
68.68979193005468	9.95516946425026	7.327505070875575	27.285303426135048	0.06612963910307249	-0.030206407524000528	-0.04866379681203979	0.1493110520342283	-0.061823533268878794	0.2623543202772671
68.89956930239677	9.962806872345183	7.36004325696146	27.186732907728565	0.06596489141157466	-0.030686092393716797	-0.048914533091305466	0.15040376540118805	-0.06156245174730725	0.26221969522755606
69.10933530245153	9.97065143593171	7.392631214706478	27.088201392371015	0.06579268457713919	-0.03116861471870143	-0.04916212222069224	0.15152627459513468	-0.061310565452969826	0.26208559227372963
69.31910130250627	9.978495999518232	7.425219172451495	26.989553813840587	0.06561280422699026	-0.031653618122578185	-0.049409459378822275	0.15267560166550356	-0.06106341014792665	0.2619554457351624
69.52874502141265	9.987907828539884	7.45802591605204	26.89259055614459	0.06542708138126999	-0.032142733807580016	-0.04963583191907749	0.15387916760895265	-0.060857554820864676	0.26180397968326113
69.73790657865179	10.003499476162572	7.491695344982924	26.80260288896717	0.06524126931186894	-0.03264040729532488	-0.04978108900670099	0.15522016926776075	-0.06080031768732019	0.2615553233855149
69.94706813589093	10.01909112378526	7.525364773913807	26.712810800406224	0.06504856600492097	-0.03313998859296211	-0.04992768406946237	0.15659333630514516	-0.06074731938502733	0.26130650361658414
70.15622969313007	10.034682771407947	7.559034202844691	26.62325130191019	0.06484902293003979	-0.03364148284745308	-0.05007568916482081	0.1579990187144789	-0.060698565060947396	0.2610570365621002
70.36509233459424	10.053412125850436	7.592740594351367	26.537725557491594	0.06464658795858988	-0.03414542543077852	-0.05018583056009474	0.15949931850482363	-0.06073420139894421	0.26076314838291026
70.57351049772548	10.07680715140589	7.6265019480428595	26.45820255087178	0.06444392298016667	-0.03465160261990732	-0.05024014965694368	0.161127804800904	-0.06089280881222584	0.2604003982738345
70.78192866085672	10.100202176961343	7.6602633017343535	26.37913621588221	0.06423561025879723	-0.035159029750353475	-0.050297734926987775	0.16279448655534184	-0.061055034186221956	0.26003125344656125
70.99034682398796	10.123597202516795	7.694024655425847	26.30053183127375	0.06402172695945665	-0.0356677145386145	-0.050358694401192214	0.16449988848996783	-0.061220885237430044	0.25965498855032476
71.19826121341389	10.151673069000664	7.72706216002407	26.228391139558788	0.06380911950078194	-0.036173103338201486	-0.050368543034845864	0.16634812540699806	-0.0615233976533097	0.2592196411098969
71.40579451707153	10.183289814737595	7.759552100140629	26.16134556741356	0.06359734291913816	-0.036675616619652324	-0.05034215645550142	0.16831796592508186	-0.06192960272643476	0.2587328709550984
71.61332782072915	10.214906560474525	7.79204204025719	26.094854372517908	0.06338168232335878	-0.037178522963863786	-0.0503213715851267	0.17033265819138604	-0.062338720570956074	0.2582314051634634
71.8208611243868	10.246523306211454	7.82453198037375	26.028878695748666	0.0631622376432758	-0.03768183236381911	-0.05030632832548671	0.17239288172876926	-0.06275076117985692	0.25771430439457027
72.02760925297363	10.284633095557924	7.854653616693552	25.97217939335796	0.06290644015946557	-0.037979150172439975	-0.05022859093199562	0.17445696279941322	-0.06358721323426084	0.25722087536060456
72.23401937146575	10.325538075896887	7.883755721675159	25.919786289615676	0.06235609623867042	-0.03704900295848383	-0.05012897978025931	0.17535265806276015	-0.06588425149721387	0.25724318362625076
72.44042948995786	10.36644305623585	7.912857826656766	25.867863108299677	0.0617857444124454	-0.03614071692473887	-0.05003512166771791	0.17634039069771268	-0.06816230485545498	0.2572241118280893
72.64683960845	10.407348036574815	7.941959931638372	25.81635139421289	0.061195223430356965	-0.03525459153629575	-0.049947005076483336	0.17742125490364108	-0.07042097018290061	0.25716247362364514
72.85272861911253	10.453793157029084	7.965653403966262	25.773240158461995	0.06059533481415298	-0.034372041502610105	-0.04981750408705907	0.1787804907168318	-0.07287979250716811	0.257078895933364
73.05847508286759	10.501753760068077	7.987867367035668	25.73270983548098	0.059978296514182995	-0.03351317318069559	-0.049681436095949195	0.1802956908365949	-0.07537004851642942	0.2569471261702893
73.26422154662265	10.549714363107071	8.010081330105075	25.692528006077715	0.05935043285836952	-0.03260038989285403	-0.049566571848255206	0.18183805268380904	-0.07792030016663733	0.25671833336325317
73.46996801037771	10.597674966146064	8.032295293174483	25.652658885140394	0.0587203398976834	-0.031629443317538246	-0.0494722423231962	0.1833902248387947	-0.08053505172191419	0.25637746326521793
73.67431105654119	10.649708890614107	8.057890827739914	25.618766161881457	0.05808680215820949	-0.03071650698320618	-0.04932530506697083	0.18512338403725556	-0.08314982973138883	0.2557879173848015
73.87834785368236	10.70263168145566	8.084224277356933	25.58647320997675	0.057442641271866116	-0.02985867013560836	-0.049166984700088984	0.18698804154319199	-0.08572163164031357	0.25508800517780134
74.08238465082354	10.755554472297213	8.11055772697395	25.554520983372893	0.05678569172086994	-0.02905432039095279	-0.04900826378246971	0.18896896559618712	-0.08824003378738875	0.25431747714175995
74.28642144796474	10.808477263138766	8.136891176590968	25.522892394106155	0.05611556696181518	-0.028303631027317915	-0.04884844920179916	0.1910663428034023	-0.09070578260125998	0.2534765865292535
74.48931652917267	10.864069732970945	8.166281460985848	25.495450120834366	0.055437131222261606	-0.027619653038085383	-0.04864923817446873	0.1933267628890773	-0.09313555926469107	0.25241526643122203
74.69191862038069	10.920347302506507	8.19645619797108	25.469386099290293	0.05474553809051149	-0.026996970466538983	-0.0484373716144415	0.19572151581628128	-0.09551447631752204	0.2512422665368635
74.89452071158871	10.97662487204207	8.226630934956315	25.443724652356792	0.054038914638203706	-0.026432938814006577	-0.04822161268380066	0.19823955326489212	-0.09783890619949112	0.24999609580018675
75.09712280279673	11.032902441577631	8.256805671941548	25.418489149253713	0.05331679317108999	-0.02592776773653045	-0.048001122758377014	0.20088110101833986	-0.10010975204431902	0.24867706064156156
75.29905011051439	11.090194992041368	8.289438956884894	25.395225068139826	0.05258174116914996	-0.025490101977714674	-0.04775606138312728	0.20364924713033375	-0.10231692238832024	0.247189221247233
75.50068333361908	11.147929892203468	8.323143727919733	25.37317011273708	0.051831326416681076	-0.025117949422518257	-0.04749540063848652	0.20654497436735408	-0.10446569999504961	0.24558593254375266
75.70231655672376	11.205664792365567	8.356848498954571	25.351740878592658	0.051063654280932305	-0.02480832753025522	-0.04722631466689129	0.20956771394421056	-0.10656156744081818	0.2439092617868673
75.90394977982844	11.263399692527665	8.39055326998941	25.331021601799343	0.05027819138872679	-0.024561475399246135	-0.04694784707505907	0.21271772335140232	-0.10860555468762265	0.24215955842796874
76.10570787149584	11.319920564088077	8.425501692878496	25.309220997022873	0.050231856705947237	-0.023881421805302405	-0.04714236451799668	0.21362479236379908	-0.10983705838340235	0.241273688257678
76.30758762713245	11.375258563553182	8.461661850872186	25.286451935606376	0.05081144604918611	-0.02274603056773431	-0.0476896119188877	0.21235801102721888	-0.11035924704838532	0.24106314112358082
76.50946738276905	11.430596563018286	8.497822008865878	25.264580047297773	0.05131413823508614	-0.021586574409907685	-0.04812643558485198	0.21103509490950384	-0.11087850716713304	0.24064589436701872
76.71134713840564	11.48593456248339	8.533982166859566	25.243624281186545	0.051740368791226565	-0.020403185883694323	-0.04845410422666376	0.20965700974572044	-0.11139500916348091	0.2400248073212293
76.91389969758174	11.538972593836252	8.56949268017613	25.21998607688897	0.05210164841128657	-0.01917582382593734	-0.04871291887301887	0.20813382205804626	-0.1118787271385576	0.23930640128498892
77.11904089703089	11.583161399920984	8.60250365792891	25.183312993032786	0.052438528461841896	-0.017850276040286293	-0.04902688925693943	0.2062159823589156	-0.11224468757420245	0.23880929699343165
77.32418209648003	11.627350206005719	8.635514635681691	25.147463474058533	0.05271439392765252	-0.016506309263497384	-0.04925449282209042	0.20425948795132204	-0.11260976364324286	0.2381505056535059
77.52932329592917	11.67153901209045	8.66852561343447	25.112438347033045	0.05292956742974069	-0.01514402168457731	-0.049396669377536624	0.20226505421231455	-0.11297408158868746	0.23733214534235778
77.73446449537835	11.715727818175186	8.701536591187251	25.07823157382021	0.053084371589128584	-0.01376351149253265	-0.04945435873234266	0.20023339651894215	-0.11333776765354502	0.23635633413713272
77.94128377003415	11.751624569546511	8.733805660506336	25.031970087762993	0.053245176633020135	-0.01231194667954852	-0.049595971881776876	0.19785686459632595	-0.11357652799810969	0.23561205307994496
78.14859640741804	11.78508341425043	8.765856604936038	24.982686842032845	0.05337819606405004	-0.010831906155833368	-0.04972081544027706	0.19536608578736722	-0.11377899763009738	0.23485774975672905
78.35590904480193	11.818542258954349	8.79790754936574	24.93413748074498	0.05346586212837585	-0.00933968173239431	-0.04978249611049315	0.1928538311162968	-0.11398193865977364	0.23398507404752053
78.56322168218584	11.852001103658267	8.829958493795443	24.88629267537226	0.05350841451420409	-0.007835346357815834	-0.04978171211459206	0.19032063206565955	-0.11418544487817575	0.2329955995575015
78.77081598193975	11.883144011936096	8.86212621126531	24.835621251093837	0.053530605437817555	-0.006309234873163875	-0.04977219581763373	0.18768663120022155	-0.11435151404435785	0.23200309218294177
78.97971371433249	11.903569595329857	8.894834312570868	24.769450755731295	0.053631935207551086	-0.004730606190150224	-0.04996054682574526	0.18467109712152208	-0.114342424429889	0.23143997025636545
79.18861144672523	11.923995178723619	8.92754241387643	24.703935172073255	0.0537063618349301	-0.0031477286831950945	-0.05011128653555478	0.18165366207564748	-0.11433480688076973	0.2308048501436848
79.39750917911798	11.944420762117382	8.96025051518199	24.639021836779218	0.05375403578396955	-0.0015606481456943194	-0.05022485325527979	0.1786346597001963	-0.11432872027422344	0.2300987196738678
79.60640691151073	11.964846345511143	8.99295861648755	24.57464922257718	0.05377510751868445	3.058962895634851e-05	-0.05030168529313795	0.17561442363276658	-0.1143242234874733	0.2293225666758823
79.81553833985532	11.979026847405489	9.026527828318791	24.50177007176656	0.05385666931782633	0.0016366010322251385	-0.05050889053126009	0.17240149526812656	-0.11421323107264138	0.22880965307467027
80.0250300496997	11.983579508890049	9.061424586430611	24.41561984253029	0.05421156878785124	0.0031833433829717445	-0.05113698121419445	0.16884470726932496	-0.11382290577249563	0.22910034666901705
80.23452175954407	11.98813217037461	9.096321344542432	24.330041852094745	0.055671282451479176	0.004188721241671406	-0.05308819771558323	0.1648376121890576	-0.11258777932554921	0.23177079364567404
80.44401346938842	11.992684831859169	9.131218102654248	24.244982969164706	0.05712494096411635	0.005193036945723677	-0.0550299634384471	0.1608372870118617	-0.11135370304894687	0.23441222396621397
80.65350517923278	11.997237493343729	9.166114860766067	24.160391765880256	0.058572517803688585	0.006196290495128611	-0.05696225498095586	0.15684377230090932	-0.11012070658500672	0.23702465635210096
80.86288806488598	12.004273565350346	9.20111537153869	24.079735977878624	0.060038683273867875	0.0072016771216790515	-0.058927581078907075	0.152979187269148	-0.10899956441048206	0.2398210494630846
81.0721030170762	12.015141944533731	9.236275989576324	24.00480336487889	0.06153145107065061	0.008207531841966341	-0.0609426278974215	0.1493303921728565	-0.10805849702980574	0.24290513299516336
81.28131796926644	12.026010323717117	9.27143660761396	23.930067910146782	0.06301039972477869	0.009207341198459578	-0.06293893951376604	0.14571792315817148	-0.10712999733549246	0.24594321193871277
81.49053292145666	12.036878702900502	9.306597225651595	23.85546462284944	0.06447557420766441	0.010200977772156521	-0.06491647470414563	0.14214175773938725	-0.1062139191704516	0.24893542120796983
81.6997478736469	12.047747082083886	9.341757843689232	23.780926424427566	0.06592701949072045	0.011188314144055191	-0.06687519224476574	0.13860187343079688	-0.10531011637759241	0.2518818957171725
81.90899699824143	12.05911522407488	9.376522505604823	23.706961657926904	0.06736454065139527	0.012171223837405263	-0.0688164870494311	0.13512137486428913	-0.10443945608441003	0.2548078762939996
82.11843675461228	12.073271307788927	9.409078314487855	23.63608602549607	0.06878634352635414	0.013158492312037627	-0.07074648547201436	0.1318090380034797	-0.10369930299219991	0.25782731904104167
82.32787651098312	12.087427391502974	9.441634123370884	23.564964640103703	0.07019327274967548	0.014138627968586453	-0.07265682842628454	0.12853796393024833	-0.10297322356891314	0.26079949527881807
82.53731626735394	12.101583475217023	9.474189932253914	23.493524917303727	0.07158538261553721	0.015111476973546971	-0.07454746614257815	0.12530812549750628	-0.10226104135847086	0.26372456788986254
82.74675602372477	12.11573955893107	9.506745741136944	23.421692838355014	0.07296272741811761	0.0160768854934146	-0.0764183488512321	0.12211949555816412	-0.1015625799047941	0.26660269975670986
82.95619578009563	12.129895642645119	9.539301550019974	23.34939304004722	0.07432536145159499	0.017034699694684814	-0.07826942678258339	0.11897204696513242	-0.10087766275180389	0.26943405376189494
83.16610466625883	12.136507570446623	9.570736248407062	23.26628141896941	0.07569812301099553	0.01799673932884662	-0.08013792742192163	0.11549780029989702	-0.0999452012592057	0.2721139188947403
83.37626814649167	12.13902532774979	9.60156252650551	23.177157040773626	0.07707510950886833	0.018960271315447065	-0.0820122732279733	0.11184688237506996	-0.09887780270678337	0.274703478057818
83.58643162672452	12.141543085052955	9.63238880460396	23.087558508083475	0.07844403289923559	0.019919374845570586	-0.08387339879188387	0.10821510571688102	-0.09781562130565423	0.27726247667251386
83.79659510695737	12.14406084235612	9.663215082702406	22.997412823547087	0.0798049023572802	0.02087402392286531	-0.08572129570306876	0.10460246573773907	-0.09675862723647369	0.27979094226437673
84.00675858719023	12.146578599659286	9.694041360800854	22.906645299287685	0.0811386818750201	0.02180315100935908	-0.087552605743203	0.10110271576730473	-0.09575717649679487	0.2824068165798901
84.21692206742307	12.149096356962453	9.724867638899303	22.815185326315643	0.0818859687756508	0.022096352355533932	-0.08927563664203897	0.10043643576067554	-0.09627826715360567	0.28857683339426987
84.42640071674421	12.137946462243635	9.757878516443112	22.707108134231728	0.08266123639198665	0.022390786761133347	-0.09104014441576345	0.09906283490943212	-0.09627620705148938	0.29448101698979257
84.63577258581536	12.124665478996736	9.791230021243816	22.59616108414152	0.08342486523242783	0.022683901213706056	-0.09281414972470786	0.0975890280897745	-0.09620352399969934	0.3004180386422548
84.84514445488651	12.111384495749839	9.824581526044522	22.484810137386024	0.08416957401270372	0.022975263156877618	-0.09459133006780902	0.09612658505006669	-0.09614334317521654	0.306439068680981
85.05451632395766	12.098103512502938	9.857933030845224	22.373022120736593	0.08489533230271896	0.023264829119083275	-0.09637181151260489	0.09467560577490748	-0.09609576021548343	0.3125447809152258
85.2638881930288	12.084822529256037	9.89128453564593	22.260768284736184	0.08560210967237822	0.023552555628758166	-0.09815572012663344	0.0932361902488961	-0.09606087075794267	0.31873584915424374
85.47326006209995	12.071541546009138	9.924636040446636	22.148024417079313	0.08628987569158604	0.02383839921433749	-0.0999431819774326	0.09180843845663174	-0.09603877044003697	0.32501294720728957
85.68218344089877	12.053597762800043	9.958517411075961	22.029821009057176	0.08697370495615685	0.024123076582854217	-0.10175348223144605	0.09015695723147936	-0.0958550962344226	0.3313119909730273
85.89097802363929	12.034314931025897	9.992550946945755	21.90983317561647	0.0876426674471654	0.024405733884144864	-0.10357503571329807	0.08845210524972696	-0.09563631491823812	0.3376954055131241
86.09977260637982	12.015032099251748	10.026584482815547	21.789492971525238	0.08829236484798174	0.02468605641270451	-0.10540276647646905	0.0867619554463088	-0.09543291765323575	0.3441847169564597
86.30856718912035	11.995749267477603	10.06061801868534	21.668795595149675	0.08894004477491221	0.024939008413590383	-0.10726801350177514	0.08527985444399613	-0.09536231940053527	0.3509612023000814
86.51736177186089	11.976466435703456	10.094651554555131	21.547741198550867	0.08962300698014344	0.025099376599784073	-0.10923113135233607	0.0844995846073609	-0.09571948301433603	0.3584190266730548
86.72615635460141	11.957183603929309	10.128685090424923	21.4263349044079	0.09027602044453352	0.025254304289728337	-0.11116983983260749	0.08374013481044398	-0.09608791817012838	0.3658794360360925
86.93494221950805	11.936243360790664	10.161676418866177	21.302564348775004	0.09091705552078932	0.02540010809814553	-0.11311124568374098	0.08299779859343119	-0.0964629360680221	0.3734278543787607
87.14371255579914	11.912350858622846	10.192811318446696	21.174965786200282	0.09155969783455663	0.025533241105339177	-0.11507295436655925	0.08227150829451033	-0.09684062622549201	0.3811206477646337
87.35248289209022	11.888458356455029	10.22394621802721	21.047211449773233	0.09217208156143131	0.025659984799034235	-0.1170045348169694	0.08156820875380953	-0.09722874137192482	0.3887987493949123
87.5612532283813	11.86456585428721	10.255081117607729	20.919328234766592	0.0927543522973219	0.025780353738821545	-0.1189057977602906	0.08088768885726147	-0.09762708495284404	0.39646133665271444
87.7700235646724	11.840673352119396	10.286216017188245	20.791347379873446	0.09330665563813687	0.025894362484292017	-0.1207765539218419	0.08022973749079887	-0.09803546041377342	0.40410758692115745
87.9787939009635	11.816780849951577	10.317350916768763	20.66330441527384	0.09382913717978464	0.026002025595036428	-0.1226166140269423	0.07959414354035448	-0.09845367120023638	0.4117366775833583
88.18756423725458	11.79288834778376	10.34848581634928	20.535237592847462	0.09432986744693393	0.026136790038445275	-0.12320508119019094	0.07976374306133602	-0.09929475576607645	0.41506405757447556
88.39561421291536	11.758728690628919	10.372440268690298	20.396027023769737	0.09492813038522135	0.02624686293230764	-0.12378738130024648	0.08001151936824549	-0.1001437429423861	0.4183742524690893
88.60320772442708	11.718063141887036	10.391844754526897	20.25027775217384	0.0955841184233908	0.02634088969848784	-0.12445884192279033	0.08025191033556134	-0.10096864725602755	0.42203209660333235
88.81080123593878	11.677397593145155	10.411249240363494	20.10520324096954	0.09622798293654172	0.026434784580884208	-0.12512565008753518	0.08048857299952707	-0.10178647580874355	0.42573612550900103
89.01839474745049	11.636732044403274	10.430653726200092	19.96083060033025	0.09685960874519994	0.02652857829402323	-0.12578782883037587	0.08072150736014264	-0.10259747431674579	0.4294882358081044
89.22598825896219	11.596066495661391	10.45005821203669	19.817185536293884	0.09747888066989122	0.026622301552431334	-0.12644540118720723	0.08095071341740803	-0.10340188849624599	0.4332903241226515
89.43358177047391	11.55540094691951	10.46946269787329	19.674292422419136	0.0980856835311414	0.026715985070635044	-0.12709839019392424	0.08117619117132333	-0.10419996406345586	0.43714428707465114
89.6411752819856	11.51473539817763	10.488867183709887	19.53217437888085	0.09867990214947614	0.02680965956316073	-0.12774681888642153	0.08139794062188842	-0.1049919467345869	0.44105202128611176
89.84735862627228	11.466374407204171	10.503171280988582	19.384083540119516	0.09934091694068733	0.026888705213825647	-0.12852723982974532	0.0816157379021278	-0.10576577469522672	0.4455011233318297
90.05240502637102	11.41180898305178	10.513363201339452	19.2317799975946	0.1000536592971682	0.026958339898287487	-0.1294241336163346	0.08183168122423416	-0.1065290189346634	0.4504508476390916
90.25745142646977	11.357243558899388	10.523555121690322	19.080861030954853	0.10075407969137279	0.027031073104114317	-0.13033057531820613	0.08204654144462818	-0.10729320400412624	0.4555257913559964
90.46249782656852	11.302678134746998	10.533747042041192	18.931340590479714	0.1014420979447423	0.027106926212255102	-0.13124658097107159	0.0822603185633098	-0.10805850095120706	0.46072727475614433
90.66754422666726	11.248112710594608	10.543938962392062	18.783231006704913	0.102117633878718	0.0271859206036588	-0.1321721666106427	0.08247301258027905	-0.10882508082349779	0.46605661811313587
90.872590626766	11.193547286442215	10.554130882742932	18.63654319831403	0.10278060731474117	0.027268077659274435	-0.1331073482726313	0.08268462349553586	-0.10959311466859045	0.47151514170057174
91.07763702686475	11.138981862289823	10.564322803093802	18.491286881485895	0.10343093807425313	0.02735341876005104	-0.1340521419927491	0.08289515130908036	-0.11036277353407713	0.4771041657920527
91.28196383745832	11.081838719640547	10.572600721048563	18.34566099959656	0.10409688810279472	0.027439562300779326	-0.13506453400604304	0.08310651972785893	-0.11113466152280446	0.48303628985229935
91.48350033866458	11.014700111426453	10.573456825851725	18.194790167482548	0.10486054794245502	0.027520962314068434	-0.1363201938946262	0.08332581267969962	-0.11191317478652842	0.4899565568570607
91.68503683987085	10.94756150321236	10.57431293065489	18.04591137555189	0.10561239372852951	0.027607833015226776	-0.1376001689675445	0.08354659210462927	-0.11269865747025541	0.4970697272855745
91.88657334107711	10.880422894998265	10.575169035458057	17.899028421543616	0.10635241731612265	0.02770017657622652	-0.13890446085377706	0.08376885800264788	-0.11349112694976272	0.504375935257122
92.08810984228339	10.813284286784171	10.576025140261223	17.754145301098404	0.10729445815746624	0.02777194997155189	-0.1402208646934809	0.08404616386424817	-0.11440719952509744	0.5121794940371602
92.28964634348966	10.746145678570077	10.576881245064385	17.611284714294555	0.10849686307081025	0.027816068564755037	-0.14151096293215362	0.08436879563561579	-0.11544366571176401	0.5203902689690895
92.49118284469591	10.679007070355983	10.57773734986755	17.470492808040937	0.10968313486752676	0.027866217870427652	-0.14277682541000092	0.08465798400616063	-0.1164360464138646	0.5285472406836179
92.69271934590219	10.611868462141889	10.578593454670715	17.331819191747964	0.11085328277849778	0.027922398974555958	-0.14401848579259158	0.08491373114785507	-0.11738434488935794	0.5366505460149931
92.89252379560725	10.540072479314857	10.574508438454352	17.192810126775658	0.11206662949183839	0.027993176790753402	-0.14538000274823776	0.08514178739317306	-0.11829872491796556	0.5451782147454446
93.09119537384451	10.465230278283459	10.567191615898459	17.054689309335675	0.11330138434414967	0.0280769586605583	-0.14681317718822456	0.08533826616718146	-0.11917193927521638	0.5539583220436172
93.28986695208178	10.390388077252059	10.559874793342566	16.91922653842227	0.11451836278716411	0.028168471910269593	-0.14822392958891917	0.08549892209055844	-0.11999639560795218	0.562675536688561
93.48853853031903	10.315545876220659	10.55255797078667	16.7864804932411	0.11571747812568864	0.028267706340452798	-0.14961194376785275	0.0856237347644351	-0.12077206331786941	0.5713285735515319
93.6872101085563	10.240703675189259	10.545241148230776	16.656512102340706	0.11689864366453027	0.028374651751673502	-0.1509769035425566	0.08571268378994247	-0.12149891180666486	0.5799161475037865
93.88588168679357	10.165861474157861	10.537924325674883	16.529384458343166	0.11806177270849591	0.02848929794449717	-0.15231849273056203	0.08576574876821161	-0.12217691047603496	0.5884369734165805
94.08455326503082	10.09101927312646	10.53060750311899	16.405162723052793	0.11920677856239252	0.028611634719489305	-0.15363639514940025	0.08578290930037352	-0.12280602872767621	0.5968897661611703
94.28322484326809	10.016177072095061	10.523290680563097	16.2839140232518	0.12033357453102712	0.028741651877215512	-0.15493029461660263	0.08576414498755934	-0.1233862359632854	0.605273240608812
94.48083736624869	9.939059533756636	10.512223391212443	16.164865226980464	0.12148096686345214	0.028894560166941263	-0.15630010690970944	0.08571513005199279	-0.12393091807921246	0.6138698621040233
94.67819100682468	9.861385797061548	10.500239313189835	16.048881351473497	0.12261868430125702	0.029059475657778208	-0.1576703920589239	0.08563091883581139	-0.1244281872322961	0.6224566789630546
94.87554464740066	9.78371206036646	10.488255235167227	15.936258661241439	0.12373699011034396	0.02923272911285788	-0.15901619515553303	0.08551001796740527	-0.12487452615080205	0.6309614246222051
95.07289828797664	9.706038323671372	10.476271157144616	15.827071715544387	0.12483573789978265	0.029414303309717893	-0.1603369823032028	0.08535239300184964	-0.12526988316734322	0.6393819290512138
95.27025192855263	9.628364586976282	10.464287079122007	15.721396180331624	0.1259147812786428	0.029604181025895824	-0.1616322196055991	0.08515800949421969	-0.12561420661453232	0.6477160222198196
95.4676055691286	9.550690850281196	10.452303001099398	15.619308637892498	0.12697397385599404	0.029802345038929284	-0.1629013731663879	0.08492683299959067	-0.1259074448249822	0.6559615340977611
95.66495920970459	9.473017113586108	10.44031892307679	15.52088638967209	0.12801316924090622	0.030008778126355953	-0.16414390908923526	0.08465882907303782	-0.12614954613130588	0.6641162946547784
95.86231285028056	9.395343376891018	10.42833484505418	15.426207252833938	0.1290322210424489	0.030223463065713337	-0.16535929347780698	0.08435396326963628	-0.12634045886611595	0.6721781338606099
96.06204657375632	9.324174725349632	10.415718645102437	15.335457742941301	0.1299503579345905	0.0304141457714937	-0.16650814959714566	0.08398051714174341	-0.12630208246235677	0.6788857530867346
96.26215325448423	9.254025415901049	10.403003392106047	15.248351513225774	0.13066932432932193	0.03046373265167408	-0.1676231682764299	0.08342198001030689	-0.12560658198657074	0.683123614037357
96.46225993521216	9.183876106452466	10.390288139109659	15.164884624438843	0.13137384968088847	0.030519984212190328	-0.16871517560266736	0.08284764819884993	-0.12486920211086985	0.687198831424805
96.66236661594009	9.113726797003883	10.37757288611327	15.08508752562601	0.13206398418915236	0.030582942286260975	-0.16978383691011	0.08225748824079777	-0.12409001813504758	0.6911108195840192
96.86247329666801	9.0435774875553	10.364857633116882	15.008992291945194	0.13273977805397577	0.030652648707104553	-0.17082881753300955	0.08165146666957557	-0.12326910535889721	0.6948589928499405
97.06257997739593	8.973428178106717	10.352142380120494	14.936632665861246	0.13340128147522087	0.03072914530793955	-0.17184978280561777	0.08102955001860856	-0.12240653908221215	0.6984427655575091
97.26268665812385	8.903278868658134	10.339427127124104	14.868044090717266	0.13404854465275012	0.030812473921984555	-0.17284639806218663	0.08039170482132187	-0.1215023946047857	0.7018615520416662
97.46279333885178	8.833129559209551	10.326711874127716	14.80326373649083	0.1346816177864256	0.03090267638245804	-0.17381832863696775	0.07973789761114065	-0.12055674722641115	0.705114766637352
97.66920797656942	8.784846767683206	10.316756883455346	14.740085297735845	0.13526282384246505	0.031069828137448692	-0.17455233132533246	0.0792037466882727	-0.11987955656048181	0.7072702741756707
97.87667828723346	8.740223463918179	10.307263838586541	14.679487534252116	0.13582810232750644	0.031253853016306135	-0.17523229542629792	0.07868137291510145	-0.1192265016126716	0.7091545699292336
98.08414859789751	8.695600160153152	10.297770793717735	14.621805245195398	0.13638413866425814	0.03144291273372203	-0.17589421592035084	0.07814845100895146	-0.11854681259880105	0.7109272228620094
98.29161890856156	8.650976856388123	10.28827774884893	14.567070180565883	0.13693095757085744	0.031637027888144216	-0.1765379280199082	0.07760496449106441	-0.1178405265960762	0.7125879445957274
98.4990892192256	8.606353552623094	10.278784703980126	14.515315424201013	0.13746858376544188	0.03183621907802054	-0.177163266937387	0.07705089688268205	-0.11710768068170338	0.7141364467521177
98.70655952988965	8.561730248858066	10.269291659111321	14.46657538079102	0.13799704196614893	0.03204050690179894	-0.17777006788520422	0.07648623170504601	-0.11634831193288868	0.7155724409529102
98.9140298405537	8.517106945093039	10.259798614242516	14.420885760030547	0.13851635689111602	0.03224991195792725	-0.17835816607577698	0.0759109524793981	-0.11556245742683831	0.7168956388198343
99.12150015121775	8.47248364132801	10.250305569373712	14.378283557868222	0.13902655325848054	0.03246445484485336	-0.17892739672152225	0.07532504272697989	-0.1147501542407584	0.7181057519746201
99.33312064631409	8.463799384839414	10.244959351876126	14.331528847177452	0.13948420731017627	0.032779910275290855	-0.17917761138102006	0.0749940510764386	-0.11451323971903594	0.7180183736850038
99.54548619750433	8.461567035878971	10.240357587800709	14.285356992681432	0.1399325609434013	0.03311348826834508	-0.17936846105631413	0.07470934681512957	-0.11438148664821916	0.7176957331356908
99.75785174869458	8.459334686918531	10.235755823725292	14.240997629888753	0.14038003944523791	0.03344765044582597	-0.17955491496860235	0.07442401753251017	-0.11424879596708552	0.717357879673916
99.97021729988481	8.45710233795809	10.231154059649874	14.19847871413934	0.14082664342925455	0.03378239731904057	-0.1797369690274283	0.07413806281953472	-0.11411516859598772	0.7170048061413804
100.18258285107504	8.454869988997649	10.226552295574455	14.157823157652599	0.14092072940380346	0.03395811920372347	-0.1798530622715989	0.0737495429561953	-0.11407847859545305	0.71547012721443
100.39494840226527	8.452637640037207	10.221950531499036	14.11902044831486	0.14095608445897345	0.034106945704071745	-0.17995368087945313	0.07334362251704522	-0.1140555830591293	0.7137308345039263
100.60731395345555	8.450405291076766	10.21734876742362	14.082047668018104	0.14099003134125115	0.03425480510662187	-0.180048786948633	0.07293691936816789	-0.11403042604465667	0.7119772526708587
100.81967950464578	8.448172942116324	10.212747003348202	14.046882277244753	0.1410225705619437	0.03440169935434065	-0.1801383789452174	0.07252943422539329	-0.11400300980178618	0.7102093822265355
100.99751012913222	8.55642164411367	10.221333735825887	13.98964875081485	0.14094491372340967	0.03476232321222398	-0.1793909981388997	0.07306627921561495	-0.11595368447473953	0.7058593807593927
101.17098963962714	8.678590041112637	10.23158210935385	13.931302117516623	0.14085827944498105	0.03514082937956182	-0.178548799253754	0.07372291724588237	-0.11815513636415298	0.7012821606671494
101.34446915012205	8.800758438111604	10.241830482881813	13.874912481309664	0.14077678686982795	0.035509868341023564	-0.17771730785966208	0.0743804295045783	-0.12035828267220539	0.6968078520543302
101.51794866061698	8.922926835110573	10.252078856409778	13.820533271188296	0.14070048690445686	0.03586963354133406	-0.17689637123710444	0.07503888726081183	-0.12256334738752536	0.6924365058274415
101.69142817111191	9.045095232109539	10.262327229937739	13.768211243636024	0.14062943045537432	0.03622031842521811	-0.17608583666656152	0.07569836178369217	-0.12477055449874172	0.68816817289299
101.86490768160684	9.167263629108508	10.272575603465704	13.71798678148397	0.14056366842908682	0.03656211643740056	-0.17528555142851351	0.07635892434232847	-0.12698012799448316	0.6840029041574822
102.03838719210175	9.289432026107473	10.282823976993665	13.669894191485067	0.14050325173210101	0.03689522102260623	-0.17449536280344097	0.07702064620582987	-0.12919229186337847	0.6799407505274251
102.21186670259668	9.411600423106448	10.293072350521628	13.62396200012296	0.14044823127092332	0.037219825625559935	-0.1737151180718242	0.07768359864330553	-0.13140727009405648	0.6759817629093243
