Q20	Q30	Q40	EHFB	M22	M23	M24	M33	M34	M44
0.0	0.0	0.0	13.618000000367113	0.118	0.0	0.0	0.126	0.0	0.61
0.7120526039002156	3.79249737134525e-17	0.00031740552581746356	13.647540082124095	0.12013615781170064	5.250676256596608e-06	-0.02599118384206917	0.12619257676962717	5.218063360592903e-06	0.5765167720305604
1.4241052078004313	7.5849947426905e-17	0.0006348110516349271	13.696015395329857	0.12227231562340128	8.22713261224126e-06	-0.051981562525539864	0.12637714433003794	8.176032409680753e-06	0.5430360584160425
2.136157811700647	1.137749211403575e-16	0.0009522165774523906	13.769132306194578	0.12440847343510193	8.929369066942276e-06	-0.07797113605041209	0.1265537026812323	8.873907147271827e-06	0.5095578591564461
2.8482104156008625	1.5169989485381e-16	0.0012696221032698542	13.872607608652707	0.12654463124680257	7.357385620679825e-06	-0.10395990441668584	0.12672225182321029	7.311687573346411e-06	0.47608217425177124
3.222362622163759	1.4919777230351198e-16	0.47961633944102977	14.53458168041775	0.12766708786649128	0.0018764932001195179	-0.11738130359679118	0.1274788579858139	0.001864837962851695	0.4399275608139153
3.4602324966193136	1.3039055214880976e-16	1.1507623252696297	15.55643881340407	0.12838069748985795	0.0031251312898296873	-0.12524721970784422	0.12363027150008249	0.0031057205364767083	0.4042126583402597
3.698102371074868	1.115833319941075e-16	1.82190831109823	16.72118775803824	0.12909430711322462	0.002767337427423972	-0.13254439904081894	0.11412425074820384	0.002750148996197736	0.37027381106832224
3.9359722455304227	9.277611183940528e-17	2.4930542969268306	18.005670137450263	0.12980791673659126	0.0008031116129023713	-0.1392728415957154	0.09896079573017795	0.000798123342014779	0.33811101899810303
4.187363428057815	7.592899336596314e-17	3.1590446186777448	19.378905238270914	0.13033097128749596	0.0	-0.14094750355292143	0.08821861027975397	1.8496544660720514e-05	0.31895730477987827
4.456729253589547	6.168754941644013e-17	3.818181223262072	20.817234330974	0.1299506947737289	0.0	-0.13988152726633002	0.08040655575756964	5.449609563031591e-05	0.30199719783771056
4.7260950791212775	4.744610546691713e-17	4.477317827846399	22.32175215878452	0.1285606090298046	0.0	-0.13753941843613338	0.07247243638338828	0.00010159245132691367	0.28177463030580424
4.995460904653007	3.320466151739413e-17	5.136454432430725	23.879327908712018	0.12616071405572307	0.0	-0.13392117706233145	0.0644162521572099	0.00015978561175051368	0.25828960218415914
5.29396194925762	2.135651335676838e-17	5.777515926232514	25.429344674050334	0.12265054079672241	0.0	-0.1290040843413079	0.056491800039971014	0.00023362143030546156	0.23259918845257302
5.764867179429946	2.3670407715037303e-17	6.311620106766323	26.734629410775984	0.1172953041486518	0.0	-0.12237219075887566	0.04991799583063404	0.000348099099233188	0.2091236522923738
6.235772409602275	2.5984302073306228e-17	6.845724287300135	28.066322125433537	0.11050959042943148	0.0	-0.11393255142718829	0.0431712768104987	0.00047829629641530746	0.18102657482538312
6.7066776397746	2.829819643157515e-17	7.379828467833945	29.40328259339582	0.10229339963906149	0.0	-0.10368516634624585	0.03625164297956508	0.0006242130218518183	0.1483079560516013
7.177582869946927	3.061209078984408e-17	7.913932648367756	30.717996249722844	0.09264673177754179	0.0	-0.09163003551604829	0.029159094337833133	0.0007858492755427218	0.11096779597102802
7.75727972680782	3.1700557116145905e-17	8.32086011942256	31.678979762524566	0.08957961941767163	0.0	-0.087570856954907	0.027240390943116508	0.0009016461435192198	0.10182585025849403
8.357875329054709	3.2553620137906175e-17	8.703357091997566	32.48117100037474	0.09739935926233731	8.652673931742219e-05	-0.0942833407577828	0.027761151138848587	0.0016278924796717061	0.10712427274366064
8.958470931301598	3.3406683159666446e-17	9.085854064572569	33.1644790838739	0.10875878741446199	0.00035776109755667027	-0.10432580544220851	0.031340416574395964	0.0038239282308063375	0.11616010235468475
9.559066533548485	3.425974618142671e-17	9.468351037147572	33.7454394807467	0.11671539919749245	0.0007869320805218084	-0.1110372431324154	0.037532815255408074	0.007326530604673333	0.12276945109492013
10.121624769345326	3.0971222688510186e-17	9.900202651789087	34.36188457253952	0.12101084304765214	0.001385833973153918	-0.11420989138484508	0.046416271712365745	0.012227101173708775	0.1267994910901188
10.644492919746344	2.3361161250594304e-17	10.38355336169191	35.03545008355769	0.1213801593102869	0.002166755933660949	-0.11358634168049175	0.058189022577462876	0.018627036735529092	0.1280626490826837
11.167361070147361	1.5751099812678442e-17	10.866904071594732	35.66602401023001	0.11800593182738338	0.0031214288696992903	-0.10929822594675072	0.07283656231044168	0.026464366731290243	0.12665636026935848
11.690229220548382	8.141038374762557e-18	11.350254781497558	36.279228345836664	0.11088816059894155	0.004249852781268951	-0.10134554418362197	0.09035889091130232	0.0357390911609923	0.12258062465014304
12.212344719537313	2.1712013258867052e-18	11.834404964181704	36.90469807691362	0.10198993991410327	0.004055720092339994	-0.0924909620700571	0.11380166991437868	0.04964034112573023	0.12012891285939478
12.726333538299018	1.391152717121128e-17	12.327187376261616	37.57151120317679	0.0949929065361984	0.0017437589015545085	-0.08674022811134793	0.13940138529517584	0.0667937376265469	0.12244125346907099
13.24032235706072	2.565185301653581e-17	12.81996978834152	38.25638482494147	0.0883758001331308	-0.000631523451703839	-0.08141691199933074	0.1607269222090538	0.08152509966277602	0.12402540071030915
13.754311175822425	3.7392178861860376e-17	13.312752200421428	38.95139793774418	0.08213862070490044	-0.003070126967435076	-0.07652101373400541	0.17777828065601295	0.09383442723441784	0.12488135458310926
14.26829999458413	4.9132504707184953e-17	13.80553461250134	39.646521637620225	0.07628136825150728	-0.005572051645639184	-0.07205253331537192	0.19055546063605308	0.10372172034147221	0.1250091150874713
14.782551992539037	6.114546340278543e-17	14.298042280641758	40.32917960041025	0.07080807566879263	-0.008139168587084383	-0.06801611372547334	0.1990633565127623	0.11119126367533755	0.12441523770519047
15.296969245525485	7.332961325420141e-17	14.79037743203481	40.98524406064133	0.06571721944248393	-0.01077077776482707	-0.06441000157968452	0.20330040534274083	0.11624160927126465	0.12309732724422282
15.811386498511936	8.551376310561739e-17	15.282712583427866	41.598457837191184	0.06100626176036763	-0.013465703366601843	-0.06123127529611212	0.20326359555055457	0.11887010164796503	0.1210512779068863
16.325803751498384	9.769791295703335e-17	15.775047734820921	42.151281999428896	0.05794706472565777	-0.014454349894210338	-0.05852287290439682	0.1935486807364997	0.11447955473843784	0.1154656648944835
16.833677779259833	1.0943705696963742e-16	16.273107508384676	42.651550016609136	0.060646315212567435	-0.013320757529920901	-0.05990506730868354	0.17627538607406013	0.10402842800276318	0.11033551066804188
17.253300803280787	1.151742354996085e-16	16.848377470384122	43.24050943355263	0.06759840210566122	-0.01223524148116752	-0.06522742490924958	0.1579043348320587	0.09300114576511889	0.10866721531349774
17.67292382730175	1.2091141402957962e-16	17.42364743238358	43.786678702409795	0.07391682313091322	-0.011164812714981782	-0.06996137848967682	0.14046869510925217	0.08250191841734264	0.1067726107204386
18.09254685132271	1.2664859255955074e-16	17.99891739438303	44.29535077183048	0.07960157828832323	-0.010109471231363718	-0.07410692804996509	0.12396846690564098	0.07253074595943473	0.10465169688886453
18.512169875343666	1.3238577108952187e-16	18.574187356382485	44.77348649691946	0.08465266757789136	-0.009069217030313317	-0.07766407359011446	0.10840365022122499	0.06308762839139509	0.10230447381877547
18.86521589069308	4.779517493156827e-11	19.186499926024563	45.30879955011784	0.08911588918677561	-0.00799263397567269	-0.08069931644811026	0.09371379172595845	0.05410937319889294	0.09983767145613742
19.13280380504387	1.5693982095646409e-10	19.846360304862948	45.9251900711493	0.09312657404232853	-0.006862227644359643	-0.08334512015755356	0.07970114591498609	0.045476106905898046	0.09732525198560046
19.40039171939466	2.6608446698135923e-10	20.506220683701333	46.52305790955794	0.09667376090819974	-0.0057428569793506	-0.08556053287673274	0.06637271142126329	0.037229088937949996	0.09464729751871248
19.66797963374545	3.7522911300625504e-10	21.16608106253972	47.106745753206766	0.09975744978438199	-0.004634521980683492	-0.08734555460562697	0.05372848824468062	0.02936831929507672	0.09180380805540661
19.935567548096238	4.843737590311509e-10	21.82594144137811	47.68101988137563	0.10237764067086805	-0.0035372226483962673	-0.08870018534421553	0.04176847638512893	0.021893797977306288	0.08879478359561604
20.395443660507716	0.22765924443977495	22.258103154507637	47.81145540972275	0.11012326906312102	-0.000318145476585487	-0.09731946570651716	0.05064896049066275	0.0071863482195432754	0.10012494501732838
20.93316529272964	0.5474835424941857	22.59808385408034	47.78328815131648	0.11886711173545368	0.006583324849082693	-0.10852780036734119	0.06861071971580986	-0.013960658888282438	0.11760143327082116
21.47088692495156	0.8673078405485966	22.93806455365304	47.76211932400493	0.12600367605891394	0.01561689495311661	-0.11870148167180516	0.08689867594971132	-0.037313716705437164	0.13454988524732336
22.00860855717348	1.187132138603005	23.278045253225734	47.72811378044446	0.13082585653638382	0.025601314954671613	-0.12682370287792924	0.10458920689574377	-0.06111054292708769	0.1494820905401097
22.56878462062805	1.5161326863255358	23.55065307288182	47.58012445716797	0.13348391659630507	0.03616691429511615	-0.13335901193194297	0.12394813635431726	-0.08493343071371501	0.1636905109427017
23.175666710696508	1.8642201642300988	23.683122873015762	47.20545828116231	0.13533472008040892	0.048538303773464776	-0.14066760702409184	0.14943493704314859	-0.11110782602198474	0.1814447671566985
23.782548800764964	2.2123076421346624	23.81559267314971	46.75881929103823	0.13475363689606373	0.06110302626500926	-0.14596819103305908	0.17485318339494366	-0.13713029091253892	0.19747833178667965
24.389430890833424	2.560395120039226	23.948062473283652	46.23798570874787	0.13777186423779747	0.06672662653551342	-0.14990013867423532	0.18832319713308393	-0.15041100497127388	0.20539252415560894
24.996312980901877	2.908482597943789	24.080532273417596	45.660349927783955	0.13826372365090173	0.06787506083616746	-0.14952861879242801	0.1936336913788674	-0.1544666108942099	0.20571470958259602
25.660318786124687	3.157456750300947	24.122288913432946	45.10781258684751	0.13898235277909154	0.06672417149396845	-0.14852870150526842	0.1926761694104062	-0.15262154203428627	0.20306732453178378
26.330712334614233	3.3953477566092305	24.15390173881393	44.5589330472036	0.1344254547865501	0.06436073599361954	-0.14268285180318716	0.18873350812059578	-0.14813197534978945	0.1951341390319027
27.001105883103783	3.6332387629175162	24.185514564194904	44.023986629045815	0.1239635866579764	0.06102784345135319	-0.13161004617801034	0.18245147322654773	-0.1415415435830246	0.1818986229340653
27.671499431593332	3.871129769225801	24.217127389575882	43.51565554933125	0.10765701165360757	0.05673849182525962	-0.11536487605371738	0.17386007819512486	-0.13287766060923656	0.16341867623340103
28.360093029304725	3.999440169281758	24.210154413846993	43.18793625337328	0.09955848942508741	0.05854624291359386	-0.10921746989554555	0.1815815048821572	-0.1376484120313497	0.16017660524635072
29.070200366687907	3.9982185770197747	24.157570304324647	43.07191662272999	0.10594818735791003	0.0667315618291874	-0.11834621885836363	0.20616239387277568	-0.1564195111035963	0.17663190211736945
29.780307704071085	3.996996984757791	24.104986194802294	42.99053749218455	0.11232331440502695	0.07501198202165094	-0.12751579236306276	0.23105683252042322	-0.17540786830841767	0.19323560225930475
30.490415041454263	3.9957753924958084	24.052402085279947	42.93541712549842	0.11868229044481515	0.08338736023232579	-0.13672489466714816	0.25626480371958826	-0.19461308594267182	0.2099866494068224
31.200441613316983	3.994118739966539	23.999519669059012	42.898795246907845	0.1250447445654631	0.09188266228109077	-0.14600517535359114	0.2818442489362824	-0.2140750511021751	0.22694030689852263
31.887217498218142	3.867217428257134	23.860761056814525	43.02595821928316	0.1340728100708229	0.10626902308449493	-0.16163162990505192	0.32364993144878224	-0.24272503116737962	0.2571728397738886
32.573993383119294	3.7403161165477288	23.722002444570045	43.16392521200265	0.16613237245860468	0.1755059451987061	-0.22465456764079145	0.48692088899661323	-0.3744698842727888	0.37934693072805603
33.260769268020454	3.6134148048383237	23.583243832325557	43.31170528246936	0.19922918654480196	0.24303598822891465	-0.28880501850127327	0.6520153561306157	-0.504105570692398	0.5028511479759782
33.947545152921606	3.4865134931289186	23.444485220081074	43.46978663123313	0.22790148714609124	0.2975300995304251	-0.34364041832055703	0.7938985972722259	-0.6105022692077281	0.6081179252797138
34.64242952200361	3.3915555722996547	23.327481532701633	43.59692283228615	0.25412983971191155	0.345356911337784	-0.39287820032370624	0.9217394287832434	-0.7057731866112305	0.7021758559849689
35.34484235040874	3.326256033175364	23.23067657337932	43.696804703459385	0.27896425896158716	0.39009011238497526	-0.4388107764832286	1.0415779718952556	-0.7962870800305321	0.7896309235889433
36.04725517881388	3.260956494051073	23.133871614057007	43.807233058194846	0.29852406545258153	0.4235273256593393	-0.47486976610829806	1.1404236861395285	-0.8671265893496759	0.8591363619009724
36.749668007219014	3.195656954926783	23.037066654734694	43.92707222084323	0.2808148800413849	0.39093317289028684	-0.4492587292968915	1.126996601494122	-0.8228587827804843	0.8244244703993547
37.452080835624145	3.130357415802493	22.94026169541238	44.05367671948582	0.2645046639202232	0.3592063065733039	-0.4256669258154493	1.1137471266630836	-0.7785948151335715	0.7920507142948999
38.153651300171724	3.11257782321819	23.056284470939595	44.146570312842606	0.25458823729188473	0.34642092717875356	-0.4163375119066144	1.1354343657937678	-0.76795416271195	0.7872105909069147
38.85520333372837	3.0958379709980326	23.176963934923865	44.24459041665009	0.2445466708856023	0.332987233626037	-0.4069329875275703	1.1592844968819995	-0.7573486140130897	0.7828610441525108
39.556755367285014	3.0790981187778748	23.297643398908136	44.35259669716041	0.23426787223715645	0.3184861187684884	-0.3971784482721252	1.1845642110786412	-0.7460254225526736	0.7784474951242861
40.258307400841666	3.0623582665577174	23.418322862892406	44.474629279310186	0.22002137891334134	0.29805134906490705	-0.37635310151047713	1.1642437097196463	-0.7146635636159516	0.7489040961790521
40.95270683484457	3.0037581240211213	23.551561935348772	44.64907201664508	0.19880030361619377	0.2627544551328611	-0.33509903087380266	1.0550536255747474	-0.6369659581227289	0.6712731504622202
41.63382430914244	2.8674258667412276	23.70812346733668	44.905292662768964	0.17708044484974794	0.2196812888001901	-0.2908341847822061	0.9326105724752327	-0.5410187517326568	0.5855771248411769
42.31494178344032	2.7310936094613334	23.864684999324588	45.17650638230321	0.1548789341571153	0.18152716723402632	-0.24491240447807994	0.8098573322808701	-0.4528037790796726	0.49760542841812305
42.99605925773818	2.5947613521814397	24.021246531312496	45.460000852689866	0.13228863369415417	0.14833764530712218	-0.19712577516003413	0.6849024929309933	-0.37190618888335714	0.40645931121699397
43.67717673203606	2.4584290949015455	24.177808063300407	45.749900457463184	0.10972494384782852	0.11949563592660471	-0.14782080323339927	0.5516302898660895	-0.29497844070679924	0.3105753824124361
44.22860002641798	2.093922301883594	24.345909913996763	46.18749761776239	0.10037373222856617	0.09219625774036198	-0.11620040683615117	0.43741140359825276	-0.21011680949933886	0.2370364011802251
44.701422265347844	1.5911305114361904	24.52100576574486	46.682022173049035	0.103402832532833	0.06610940367316255	-0.1034397544914238	0.3505498697025609	-0.12635629307717836	0.1909609193126834
45.17424450427771	1.088338720988787	24.69610161749295	47.12033729432956	0.1069451903055381	0.04394314852658435	-0.09378686882342488	0.2767674428026696	-0.054102924497714616	0.15307648736773377
45.64706674320756	0.5855469305413903	24.871197469241046	47.49001444311282	0.1107588559535165	0.0249131073292386	-0.08672272893068798	0.21456949879886766	0.008182798085882532	0.12235286836802951
46.119888982137425	0.08275514009398682	25.04629332098914	47.78524825242279	0.1146018798836037	0.008234895109735572	-0.08172831391174662	0.16246141359144162	0.06204037652044569	0.09775982533622284
46.62194336220473	0.33927209997889074	25.317546431311307	47.837271539156475	0.11431941894622871	0.010682779958713454	-0.0866981304893562	0.17597181043728027	0.038791736767272586	0.10943534444020135
47.129757025130885	0.7453871973999603	25.607744334231967	47.82147474373794	0.11367676425525829	0.01651667171132186	-0.09305110077733578	0.1978478333543109	0.005173177790296437	0.1254569217254343
47.63757068805703	1.1515022948210298	25.897942237152627	47.78070679880794	0.11383792791408133	0.023223231895207898	-0.09968928159702228	0.2179098051015828	-0.026198298632289407	0.14050134621311786
48.145384350983186	1.5576173922420993	26.188140140073283	47.71982289382096	0.11463714862205882	0.032025500039923445	-0.10737743675753186	0.2409906115663798	-0.058349789335005064	0.15704877702077372
48.598878491128815	1.9477003853926238	26.56486628246123	47.66256461356358	0.11436625231469764	0.043390355918123825	-0.11487607716484056	0.26960897832286873	-0.09330016139313296	0.1750524333852637
49.01542366723285	2.326878097828569	27.000450246954472	47.59021599682466	0.11375680128502014	0.05588426849125585	-0.12089917992890138	0.29429445910756546	-0.12783109882201188	0.18996564354065654
49.43196884333689	2.706055810264514	27.43603421144771	47.491382901529306	0.11233197732127032	0.0672975543253955	-0.12434189059816601	0.3122264432451298	-0.15876771210128152	0.19980072703156715
49.84851401944092	3.085233522700459	27.871618175940945	47.37461748051142	0.10943067314783152	0.07588553519562276	-0.12428833372738991	0.3217215258678942	-0.1832398281807037	0.20319999525782684
50.269949007691714	3.357683698944781	28.342623748718296	47.328836210348705	0.10466705807343218	0.07858515761689285	-0.1200423684756898	0.31869734845561315	-0.1932482162931397	0.19828400913000171
50.70425029122147	3.34930754611363	28.906832262173648	47.48945122678002	0.09859452996046941	0.07432408793336177	-0.11290297212450753	0.30207099200594945	-0.18354670172955195	0.1863398111518518
51.13855157475123	3.34093139328248	29.471040775628992	47.64777756956193	0.0907789429808301	0.06779322131558892	-0.10314619619935791	0.2803506779895102	-0.1704064321900943	0.17042920366791253
51.57285285828098	3.3325552404513292	30.03524928908434	47.8050312329401	0.0812400200213363	0.059044606942943945	-0.0907993641141801	0.25358662761078987	-0.15391303386633604	0.1505926907530729
52.006336330741945	3.3248502451204853	30.600019966026718	47.96340840035072	0.07017786415875178	0.04835359471405777	-0.0761382600453065	0.22239636946818966	-0.1345746285786211	0.12727845075190936
52.39092869789418	3.3572689816365484	31.198398398223507	48.088016220490914	0.06961021176963411	0.04939723595108008	-0.07534314239848505	0.22270738363009704	-0.1381891802119513	0.1265816710784269
52.77552106504642	3.3896877181526115	31.796776830420292	48.22624575005672	0.07014889019780064	0.04942919494658049	-0.07513470254513133	0.22320486921071084	-0.14055725701955935	0.1262785036927693
53.16011343219866	3.422106454668674	32.39515526261708	48.3821826306258	0.0732371060979127	0.0469413785805523	-0.07528408567342319	0.21985934697574377	-0.13610922545014503	0.12343932237173294
53.54470579935091	3.4545251911847377	32.99353369481387	48.553815390476615	0.07680225296352268	0.044079987896576175	-0.07555157123764997	0.2144639863834866	-0.1293821258791384	0.11972769398094522
53.98076370393757	3.481799624201033	33.55502273334042	48.74292279939152	0.08050802375689159	0.04151963928049218	-0.07639004770998996	0.20878775275496675	-0.12348045307482383	0.11698995492648404
54.42777119199084	3.507979577622705	34.108663345227306	48.93923831557929	0.08364623441116546	0.03943401693693348	-0.07731415864936245	0.20275967464176814	-0.1183583443942478	0.11480374893821305
54.87477868004412	3.534159531044377	34.66230395711419	49.13596300793045	0.08598339403115385	0.03782374889701687	-0.07813811682176294	0.19631765091516457	-0.11394964469588441	0.11298773260228927
55.32178616809741	3.560339484466049	35.215944569001074	49.3273766302929	0.08745025772592913	0.036617464330181	-0.07877992169846139	0.18936965875958112	-0.11016962010004593	0.11144168305026488
55.82375615142933	3.6391002574688773	35.71018699146401	49.38135245346844	0.08778098948801524	0.03622224109580384	-0.0793616195129904	0.18328102346324193	-0.10825233941698237	0.11095706124818053
56.35267293370122	3.7436401506911983	36.17530790007119	49.34708006012126	0.08330361796669969	0.03632261938704148	-0.07591234786784115	0.17906175339098013	-0.10572569919478332	0.10711422146220818
56.88158971597311	3.8481800439135183	36.64042880867835	49.304191152329096	0.07720942331762895	0.03522334772368875	-0.07030079622329381	0.17528008429598346	-0.1020515908500353	0.10082920573308514
57.410506498244985	3.95271993713584	37.105549717285534	49.277597388941466	0.07162256207367662	0.03281690452759549	-0.06459103846477818	0.17100920267859604	-0.09837319182534975	0.09413873156857935
57.9353086230122	3.754907749825129	37.41827640468759	49.79187044925185	0.07215814508607198	0.02783992261759194	-0.06182034922594107	0.1648116675409575	-0.08703360236597285	0.08838037176032085
58.45671323101017	3.307440211453936	37.605169551511786	50.655412540138336	0.0752731925451101	0.023295821218006697	-0.06020561965090625	0.16318710774053669	-0.0683675977430093	0.08421215383557352
58.97811783900815	2.859972673082743	37.79206269833599	51.31179724667279	0.0754224549810271	0.02101773693210212	-0.05670631057057052	0.1693682503337482	-0.04822359928296878	0.0806772462933866
59.49952244700612	2.41250513471155	37.978955845160186	51.703137862482194	0.07227072398453031	0.02095661487071347	-0.050972905899634796	0.1838170288602271	-0.026219387641109086	0.07753855050279698
60.03112050724143	1.9811571939625996	38.17336242106326	51.84871286920028	0.06590449435735352	0.022870737797590926	-0.04301863304474552	0.2060084655192141	-0.0026981846138993864	0.0746267521018609
60.57648656253659	1.5715815179245802	38.37791716385147	51.886405373415606	0.06746484820230131	0.024298380971406346	-0.04177883403624298	0.21721791026652423	0.015115529960736345	0.07460803580273534
61.12185261783174	1.1620058418865609	38.58247190663968	51.96180435600059	0.0683995253515785	0.0261953954597182	-0.039794169483250166	0.22705922437707618	0.033380993816752254	0.07353419129406259
61.66721867312689	0.7524301658485415	38.7870266494279	52.151072935088635	0.06866569037924804	0.02882307736074249	-0.037023945731126814	0.23536534968971573	0.05165057675310635	0.07133025658045276
62.25091925689475	0.4342291916760008	38.99479757164587	52.47108962924235	0.06871475181065462	0.03182336554726135	-0.03406258096725582	0.23979197327343899	0.06571469405350197	0.06806085888382549
62.9200000389574	0.3195416158737301	39.20973169759699	52.915854251495894	0.06960765726559254	0.03452992830249552	-0.032110082142457176	0.23820060469332754	0.07005529762969037	0.06439074704629688
63.589080821020055	0.20485404007145935	39.42466582354812	53.4350161457431	0.07048382553099516	0.03836668790807925	-0.02997426224917811	0.23572477305730316	0.07258478854732539	0.06027042178879928
64.2581616030827	0.09016646426919023	39.63959994949924	53.88059749170111	0.06970744580486951	0.037711712054071575	-0.029342014599546183	0.22716054043587877	0.07418028565537843	0.05771295682767683
64.93132188093048	1.7301677692786381e-09	39.847685555968745	54.14215098773105	0.06652839498136456	0.02639241415808034	-0.03205786625012975	0.2085126717263631	0.07667653944966214	0.0587835591628911
65.61948285218548	1.283542049953746e-09	40.030588505941424	54.18291393884942	0.06435580480971557	0.012179541521385139	-0.03668605057999792	0.1865107931204513	0.0761049993579705	0.061262624713783013
66.30764382344051	8.369163306288538e-10	40.213491455914095	54.09607603318898	0.06303987041227083	-0.0033265813672839523	-0.042376943929279445	0.16148416332370594	0.07333782212429336	0.06406724926023975
66.99580479469552	3.9029061130396155e-10	40.396394405886774	53.92793422016896	0.060811402645656217	-0.017495370874797352	-0.04729690391546111	0.13803873358529967	0.06983117819472197	0.0666280071304059
67.67176901034037	8.887457026642829e-17	40.60623561224948	53.7475282498575	0.05772088186585989	-0.029971275685205363	-0.051322674972033265	0.11651621275098668	0.06521298055640869	0.06882124128213461
68.26323404439127	8.178820068843001e-17	41.00270518858859	53.666749441242814	0.05586390086512729	-0.027514266110240687	-0.05319454766233052	0.10785696966182745	0.048056541612109274	0.07018218243431722
68.85469907844217	7.470183111043172e-17	41.3991747649277	53.60991237760942	0.056200961415176144	-0.0122588497646163	-0.0543376948423188	0.10957989173835286	0.02137425639320132	0.07164519352402096
69.44616411249308	6.761546153243345e-17	41.79564434126681	53.58893576603844	0.05636214854662287	0.0016628598232752928	-0.05529031248548811	0.11048207119473485	-0.0026699275466746074	0.07275645777652044
70.03430315511218	6.172779520661313e-17	42.19638998958128	53.61297518662924	0.05633250220880958	0.014187643191646084	-0.056024567974408454	0.11054869036523365	-0.023992658935053587	0.07348243211020705
70.56414320324394	7.685136589808334e-17	42.672087934566406	53.690980292796205	0.05585782327017025	0.024218000537645175	-0.05607292255563959	0.10950247574798108	-0.04111225984148971	0.0732548365362162
71.0939832513757	9.197493658955351e-17	43.147785879551535	53.81169303794467	0.05519411146498057	0.03281485864563764	-0.055916491531441195	0.10757410775349363	-0.05539636774967095	0.07264917522912472
71.62382329950748	1.070985072810237e-16	43.62348382453667	53.97339672500368	0.054341366793240566	0.039978217515623665	-0.05555527490181329	0.10476358638177127	-0.06684498265959761	0.07166544818893256
72.15367533837724	1.2219535851202573e-16	44.09916812691446	54.16567678263901	0.053111356972271206	0.04193438243691363	-0.05415939423482392	0.1001974955937188	-0.06960067770242649	0.06914231566912123
72.6934443779812	1.1519374432855566e-16	44.56356924163359	54.37274258448847	0.05134327344062771	0.0350245490993946	-0.050875686749262745	0.09363281016453145	-0.058365589756509136	0.06404499616271736
73.23321341758515	1.081921301450856e-16	45.02797035635271	54.58298420694059	0.04951252257306346	0.029556064488052498	-0.04788964910932507	0.08778879909843261	-0.049402192737718495	0.059543016347560464
73.77298245718912	1.0119051596161553e-16	45.49237147107183	54.78315118503719	0.0476191043695785	0.025528928602887257	-0.04520128131501089	0.08266546239542216	-0.042710486646054376	0.05563637622365057
74.31275149679307	9.418890177814545e-17	45.95677258579096	54.95948189557578	0.045663018830172764	0.02294314144389907	-0.04281058336632019	0.07826280005550024	-0.03829047148151718	0.05232507579098766
74.88132586643235	8.486400604341215e-17	46.385331740914424	55.090910050028484	0.0437460606207864	0.02157905907760487	-0.04078332185578948	0.074517222312913	-0.03569389078030656	0.04964480393331602
75.4509798702347	7.545203287786385e-17	46.81254752645992	55.17780649542828	0.04177204343245894	0.021606852811674352	-0.03904767812968739	0.071469315420082	-0.03528720190601914	0.04754417536550573
76.02063387403707	6.60400597123153e-17	47.23976331200545	55.2229841207453	0.03976150666961634	0.023006265762706025	-0.037613798530722116	0.0691898705368232	-0.03708948662476244	0.046035287493570165
76.59028787783944	5.662808654676674e-17	47.666979097550964	55.23940953923066	0.03836091580964333	0.0252641970532727	-0.03676923842388407	0.06949553242620878	-0.04146559553238119	0.045415040577350185
77.27077718223606	4.622657198583884e-17	47.86629136764485	55.206360765026744	0.03780769789656721	0.02682734056491943	-0.03652748781722281	0.0703404787736826	-0.04444295446580825	0.04533693959470321
77.95856284313842	3.575991530178604e-17	48.05060060811969	55.187006268344746	0.037565541622964126	0.02830816594182212	-0.03647079652932322	0.07182474214668844	-0.04716805719860805	0.0453853424798295
78.64634850404083	2.5293258617733244e-17	48.23490984859454	55.19157256022033	0.03801395189890202	0.02839973662648857	-0.03656400633096078	0.07404084322623322	-0.04710806237713812	0.045172340762370734
79.3341341649432	1.482660193368044e-17	48.41921908906937	55.22298704497642	0.03846236217483986	0.02940243256544229	-0.03664137047600204	0.07623317582088335	-0.0478641188703777	0.044951416216613846
79.95280239575234	2.2027123013547284e-16	48.76784675149844	55.29878243536956	0.03913997072618573	0.03173738652279135	-0.03660654225613262	0.07951128949246974	-0.049327856819897424	0.044357658768475784
80.56553849666759	4.442468393904661e-16	49.1305773431261	55.39268275924065	0.04018451969100416	0.024055741077918975	-0.03694182663333457	0.08289578130099373	-0.035160937025835	0.04462869623122378
81.1782745975828	6.682224486454591e-16	49.49330793475376	55.489480940742496	0.04101763997019217	0.015091631187035876	-0.037176337152761245	0.08552171784611873	-0.019828387462933188	0.044908343770393676
81.79101069849801	8.921980579004524e-16	49.85603852638142	55.57553880689049	0.04160071985493399	0.005738569571458718	-0.03727193634194006	0.08735585980883084	-0.004704204895403183	0.045118535644439635
82.37631755065831	1.0703764552400902e-09	50.26123232304138	55.644063821089965	0.041933783909474324	-0.003460951722160508	-0.03716059138740998	0.08854558685194995	0.0094462813962988	0.04510792172007992
82.95891004311045	2.246674849742292e-09	50.67062821848459	55.6819869429224	0.041999348784147815	-0.013022902380823317	-0.036893901995355055	0.08890280994421806	0.02329811376639342	0.04500802439608344
83.54150253556259	3.422973244244493e-09	51.080024113927784	55.682974517099126	0.04179658881285773	-0.023002247238515745	-0.036478143244109494	0.08841033769153957	0.036926342088878086	0.04483359239162878
84.12409502801475	4.599271638746695e-09	51.48942000937099	55.644906967723706	0.04258000739401397	-0.03278346650367939	-0.03654304450710041	0.08687114279041269	0.049429964487507395	0.04477506713495228
84.7617322477222	0.11585189011383719	51.77874181926883	55.514251798336964	0.04953982217872782	-0.03901021349248786	-0.039945911157802015	0.08494835484549641	0.05648526013254765	0.046094159833776564
85.40526994531788	0.2441224307100835	52.05519237842134	55.34394656766848	0.05706491032475703	-0.045188050191284905	-0.04375090557326174	0.08272213340539324	0.06295547756516809	0.047734258673957884
86.04880764291357	0.3723929713063298	52.331642937573854	55.14821016568177	0.06490673655543645	-0.051475465624021874	-0.04781557993800771	0.08004257927619876	0.06903789427899838	0.04962629832667
86.69234534050926	0.5006635119025762	52.60809349672637	54.935182528435696	0.07294977388922098	-0.05785748407086881	-0.052083240455540934	0.07685727743850829	0.07472609210839719	0.051755303072083
87.28141296780943	0.7793678412084963	52.88997128941996	54.6972274773347	0.07990032529268756	-0.059229540742013004	-0.055849913437646864	0.07467414067022374	0.07337791984995104	0.05364385500815251
87.86434391826029	1.0750202585840978	53.1724605220887	54.46319801861441	0.08583685088459907	-0.05953174742360868	-0.05920288551736552	0.07189936425001037	0.07023702612699943	0.055531893914448426
88.44727486871113	1.3706726759596994	53.45494975475744	54.23991000729979	0.09459580702961493	-0.05422451855279749	-0.06378695919123077	0.06984500317776106	0.06071164569082724	0.05746238070160499
89.03020581916198	1.6663250933353009	53.73743898742619	54.02931929585457	0.10270958270232936	-0.0475613118595918	-0.06783592517891801	0.06822571613154732	0.0498028082845614	0.05886215858928392
89.61198831536083	2.008653855561875	53.9626334762106	53.80255438256877	0.10715402385394784	-0.039692106978238675	-0.06974224399651836	0.0668880897880475	0.03754978190225858	0.05903630915625109
90.19363487302364	2.356507534411557	54.181046185403794	53.576212314748936	0.10830498042768638	-0.03208583252197827	-0.06965696489970183	0.06544388332248374	0.02559037765171649	0.05802476335219934
90.77528143068645	2.704361213261239	54.39945889459698	53.347693364542764	0.1059784448899542	-0.024985589721677585	-0.06743667942670392	0.0637745708058595	0.014174061287183298	0.05571496884244072
91.35692798834921	3.0522148921109107	54.617871603790164	53.109452155632944	0.09985334212506305	-0.018449379243396475	-0.06286181362744114	0.06179936559616321	0.00333811895112621	0.05195156670002943
91.94673804312275	3.2983433721167064	54.928021127042385	52.931449584280315	0.09448691912682886	-0.01567006447362967	-0.05851999124503102	0.05881659116711983	-0.003072996608196134	0.04822343425704624
92.5375760644007	3.5316623789707497	55.249722362850314	52.75356354598493	0.08679794306029584	-0.009673063249993369	-0.0533838174036473	0.05931858641007892	-0.011523533195720335	0.04475121128056158
93.12841408567866	3.764981385824793	55.57142359865824	52.55864348235669	0.07571291192966377	-0.003915600805825406	-0.046252762201018156	0.06046539128267732	-0.019448267630974368	0.04024103016733101
93.71925210695659	3.9983003926788365	55.893124834466164	52.33982246329534	0.06091188572581461	0.001116829413643848	-0.03684229380113631	0.06185915175903138	-0.02650336480709546	0.03443221013601984
94.32904531781548	4.242685309343872	56.167109408106775	52.05522644009602	0.06246755687431703	0.0011960219576537525	-0.03694679772316098	0.06221832003447442	-0.02592881865129423	0.033871008493350035
94.94144765198453	4.488593414321686	56.43452593055416	51.73588942134821	0.06466582119803008	0.002074841684115067	-0.037518876734206515	0.06340853430680599	-0.025912050421592208	0.03366068294781464
95.55384998615361	4.734501519299501	56.70194245300155	51.39155857996233	0.06708534042954847	0.0029634010090128808	-0.03829683463099925	0.06457435255987376	-0.026076870063275998	0.03368575747210567
96.16625232032267	4.980409624277316	56.969358975448934	51.02940388297923	0.0713052754822299	0.0028041074527269086	-0.039809873259682514	0.06556459598878948	-0.025788333714276822	0.03403966943101994
96.7193566347753	5.202549884063765	57.35530586304209	50.77205786760581	0.07767278504868277	0.0013348913363815877	-0.04199948925660534	0.06665021768064502	-0.024695376637522613	0.03448603949586376
97.26332506625567	5.421028297245398	57.75951439832277	50.536354747613665	0.08191840781100229	0.0006149612011787604	-0.04349095145573865	0.06697447861477453	-0.023837157770863322	0.03476033763775443
97.80729349773607	5.63950671042703	58.16372293360345	50.305401091965294	0.08442009205415149	0.00041494503957473965	-0.04442636879524099	0.06657855384438108	-0.023100803969687035	0.03491982023583284
98.35126192921643	5.857985123608662	58.56793146888414	50.07377801999615	0.08542103171633729	0.0006650371841214499	-0.04487779873828479	0.06566510498463755	-0.022470552663924948	0.03498700524734037
98.87393536292112	6.015819956981936	59.023673469947944	49.938312558700574	0.08521434748209714	0.0010516560297612674	-0.044769408723589754	0.06470637323595634	-0.021845542448270642	0.03481498257766844
99.39278429550404	6.162763432607935	59.48867068670932	49.80179332711118	0.08413020518332842	0.001510547978119601	-0.044349804664232585	0.06351161270780709	-0.02117407522374739	0.03457852783035698
99.911633228087	6.309706908233933	59.9536679034707	49.629192667254685	0.08235288944282747	0.002017027929136021	-0.04370423327049225	0.06217047345905533	-0.020450878360435742	0.03432607968308717
100.43048216066994	6.456650383859932	60.418665120232085	49.407207291371265	0.08073365896834023	0.0024313999434339654	-0.04277556890338828	0.06146124560877127	-0.020133964875622894	0.033552361347800604
100.9698422520023	6.57494751622114	60.86789257087157	49.1446976635446	0.07925223844969391	0.0027683049751208813	-0.04204254489351579	0.06061594009434287	-0.020065267090822365	0.03292467889816066
101.51347235545879	6.68728105410448	61.31383707229505	48.8493605342933	0.07765839973646936	0.003398449792350588	-0.0415744303734497	0.05966701497083665	-0.020367869660608127	0.0326536690331334
102.05710245891527	6.79961459198782	61.759781573718556	48.53790996322374	0.07604359955967724	0.004365783403225742	-0.041441191180738086	0.05873226552100949	-0.021112502312292093	0.03280911855639746
102.60073256237175	6.91194812987116	62.20572607514205	48.22833555941576	0.07457251180718677	0.005624350304154802	-0.041732185239030925	0.05789339041791262	-0.022328525506502012	0.03345740763980705
103.15958883002865	6.960048867545002	62.643158506577834	47.983434305644394	0.07370157734242003	0.00658623504227743	-0.04254116815398813	0.056431468183494315	-0.023512587014441096	0.03445152788794409
103.72201220227767	6.993101487152091	63.07859677562696	47.78055254658244	0.07305435239088202	0.0077678273604154975	-0.04379332322352178	0.05468634071464014	-0.024979367821646805	0.03586631552387376
104.28443557452667	7.026154106759182	63.51403504467609	47.615108267570456	0.07235512828118747	0.008468402980164446	-0.04433497524234375	0.05347243912133519	-0.02573332185827955	0.03654553786031324
104.8468589467757	7.0592067263662726	63.94947331372523	47.48011368561902	0.0700575945738093	0.00962378902522579	-0.04355155300172749	0.05164801780514641	-0.025643573746325254	0.03606885868790597
105.33028043890079	7.108122845064402	64.46666653809118	47.45003475194798	0.06892295455438156	0.00943848838904458	-0.04202416501942569	0.050768137975757806	-0.024558178524277878	0.03445463880441526
105.7930710230477	7.16118162960094	65.00520962093209	47.45123182851532	0.06816454945661458	0.008744512621339424	-0.04062477387644907	0.04923174448516376	-0.023014100105114635	0.032778621228482754
106.25586160719462	7.214240414137478	65.54375270377302	47.45697647759696	0.06749051435722309	0.007776828737723876	-0.03944006378813382	0.04664459196609038	-0.021092833369429662	0.03118239819918928
106.71865219134153	7.267299198674016	66.08229578661395	47.46622721509212	0.06691262686555467	0.006542255354135999	-0.038486151483060886	0.04300544067018534	-0.0187980975622801	0.029679606948411028
107.10290813418175	7.3226899304829045	66.67695759474017	47.570523470858596	0.06654192115014367	0.005384534917726827	-0.0378215258004958	0.038867463646782854	-0.01642376512568132	0.028359800880695854
107.46462427611675	7.378749941814379	67.28772573344793	47.70948200374601	0.06631808522958757	0.004096896111901992	-0.037410973211456394	0.033913679273452686	-0.013796155146370013	0.02716751371402589
107.82634041805176	7.434809953145854	67.89849387215565	47.855342388523454	0.0662235523195681	0.002592401000781515	-0.037254852681022174	0.027993784861073342	-0.01083919243313229	0.026091914197513468
108.18805655998675	7.490869964477328	68.50926201086341	48.00153363893151	0.06704691366632327	0.0002463601267306915	-0.037046717209391684	0.024347732782546157	-0.008222892236220277	0.024990635334800983
108.67334480579837	7.5711280630598665	69.01600340173762	47.96085834201035	0.06771213438752219	-0.0030315191757258066	-0.03601894152711322	0.024027558086781996	-0.006278347777480679	0.023492260909563908
109.19701547023601	7.6589022683176395	69.490433307589	47.83106628459849	0.06670075728349541	-0.005574601019102596	-0.03439401049444389	0.02324753799009595	-0.004553262287375995	0.02175937977758037
109.72068613467367	7.746676473575413	69.96486321344037	47.65617965277677	0.06382819080675177	-0.006995837816626693	-0.03222051700501073	0.021635542033388164	-0.0030757328948361065	0.01984156099608097
110.24435679911132	7.834450678833186	70.43929311929175	47.43688413083425	0.05899732537303753	-0.007234919405445569	-0.029466772668162625	0.019183392567458008	-0.0018651815167117542	0.017733693534315552
110.83095915389467	7.786161299452628	70.82733765340267	47.19783825808004	0.05414560310778006	-0.006882747054576987	-0.026976111698202514	0.016620509008398194	-0.0008980672645433213	0.015925504741932734
111.43859666381326	7.692392153115137	71.18650755080837	46.98494855367663	0.04880974407006165	-0.00568960937194445	-0.024611670261310017	0.01357098281079037	-0.0002301041183671225	0.01432702504893657
112.04623417373185	7.598623006777647	71.54567744821405	46.807989798912224	0.04353253889892597	-0.003598808133193621	-0.022663975229111066	0.01036208164266424	-3.3744136698933254e-05	0.01316151096935895
112.65387168365046	7.504853860440155	71.90484734561973	46.663495616946385	0.05003352118486408	-0.001892355154732581	-0.02667921223378324	0.013429799975185501	-0.002097763606497231	0.01631126358098438
113.2674608736456	7.271974239964811	72.16069890821899	46.61505387744438	0.06344333977382594	-0.0021693520122861632	-0.033723764694135405	0.018853341472290366	-0.0041782863595648265	0.02112702157291492
113.88319506814793	6.988958760340299	72.3793142129916	46.59264877196793	0.07731067368114787	-0.0026134726071911428	-0.04096836076366986	0.02454923997720877	-0.006331185505173871	0.02604017311298527
114.49892926265025	6.705943280715786	72.59792951776423	46.5506125252409	0.08900741052567691	-0.0023697080598494	-0.04728993317183881	0.029550179389866198	-0.008585722794556288	0.0304334074261878
115.11466345715256	6.422927801091273	72.81654482253684	46.485454332490264	0.09874069952404484	-0.0014505587540232425	-0.052786699219631444	0.03385973124848041	-0.010949041304147639	0.034358511816680405
115.74673238682489	6.197997109982733	73.05190391424259	46.35135406532555	0.10670515520517568	-0.0001704822466759678	-0.05739692892316786	0.03776521321529876	-0.01335167143867548	0.03775562619824412
116.38513421858795	5.995585625632476	73.29375449553615	46.21045008912803	0.11338912006934607	0.0002815990819342879	-0.060838750634728725	0.03864444876647764	-0.014112166144281539	0.03966876386431737
117.023536050351	5.793174141282222	73.53560507682973	46.11544796760939	0.11934589501448284	0.00018766679557952616	-0.0635660616854847	0.03759377841699079	-0.013732293310387406	0.040646642901146286
117.66193788211406	5.5907626569319655	73.77745565812329	46.092886696986625	0.12453547214865052	0.0002208151084939472	-0.06593087987970038	0.03632240680948116	-0.013252957345577247	0.04141641050708817
118.31228534519505	5.428481228373571	74.01619977071111	46.11204224671145	0.12877877453004466	4.073883335634727e-05	-0.06768127290406509	0.03518845494033411	-0.012608740277910707	0.041820968922856146
118.96760126395482	5.282890789038115	74.25365183337114	46.18029101401872	0.132082931662124	-0.0002520955058747838	-0.06890471036955433	0.03408206289315973	-0.011829610823494683	0.04193010753046303
119.62291718271459	5.137300349702663	74.49110389603118	46.27481512298752	0.13444008647595337	-0.0006274761620892674	-0.06967078973141917	0.032870066116080954	-0.010899400930681367	0.04179620648638199
120.27823310147436	4.991709910367206	74.72855595869119	46.32796570497663	0.13111853697787998	0.0012170103698154811	-0.06872841658464578	0.031682647044348276	-0.011350193560868953	0.04146884039706073
120.82871406714335	4.784381068918434	75.10950921221858	46.57243556569218	0.12206082593956175	0.005475867873031704	-0.06617900368474405	0.029445416569783164	-0.012955934690495637	0.04089759360010136
121.33216288823044	4.549354504822373	75.55484145917873	46.88262251855585	0.11256781090502074	0.008676427774735488	-0.06302662924104445	0.026710531187173717	-0.013818824281836405	0.03972731679564845
121.83561170931753	4.314327940726312	76.00017370613887	47.11233706555446	0.10166347968974562	0.011021672255456593	-0.05876646503277942	0.02398200814985044	-0.014243978258000337	0.037784422258970975
122.33906053040462	4.0793013766302515	76.44550595309899	47.249535299440886	0.08901191171265413	0.01262769151601029	-0.053195970709590625	0.021180807321088103	-0.014231396618987466	0.03493305975507245
122.74956676474625	4.000000002730786	77.0015826240266	47.30735950439537	0.07693731064229892	0.012476467960748538	-0.0467466180931396	0.018686564066703833	-0.013195052765875756	0.031049683315573427
123.11274298986692	4.000000001280965	77.61405469765481	47.29285255075054	0.06519345964854932	0.011119703116992409	-0.03979493739950138	0.016105435723522438	-0.01139350071638275	0.026535455949904044
123.47591921498758	3.999999999831142	78.22652677128303	47.21460175397754	0.052671085113993286	0.009123436796906042	-0.03217595081435194	0.013176752232425759	-0.009119273662643227	0.021479042548203413
123.83909544010825	3.9999999983813197	78.83899884491125	47.093259271842435	0.03937018707813425	0.006487668995688418	-0.02388965835752558	0.009900513606809888	-0.0063723716025017845	0.01588044312273082
124.3940996579239	3.9999999981220866	79.21446239403262	46.58657977398834	0.02890153567337423	0.0061390619022308815	-0.018071707993959525	0.008771538833637628	-0.00580334122596225	0.012479592152376635
125.06880977739705	3.9999999986058135	79.44202615685056	45.92097808125056	0.02096386750739142	0.007881484591449177	-0.014466711640068318	0.009392835413781867	-0.007121949508685907	0.011017185382313839
125.74351989687021	3.9999999990895407	79.6695899196685	45.34176097097108	0.012863063542318101	0.009969371322416818	-0.010909696401712573	0.010234845130862476	-0.008728444492754086	0.009689125738475633
126.41823001634336	3.999999999573268	79.89715368248642	44.84391812153025	0.004599123778394891	0.012402722095332165	-0.007400662279052617	0.011297567984987354	-0.010622826178337317	0.008495413220983945
127.1132588225135	4.0000000000185825	80.01071340461417	44.33702627815129	-0.0026312894607911992	0.01554485436053478	-0.004740567595875419	0.013106625872768316	-0.013211994843797929	0.008035702720313459
127.82504311922276	4.0000000004322205	80.03026145887705	43.823920630603155	-0.008912430779516874	0.019052540075347575	-0.0027457552872032593	0.015391600600597187	-0.01619099219879321	0.00809276979733082
128.536827415932	4.000000000845858	80.04980951313998	43.36119820091913	-0.0002518473893679006	0.02015475268558693	-0.00781847773752501	0.0174136364967148	-0.017568154433602354	0.011349503106087401
129.24861171264126	4.000000001259496	80.06935756740289	42.93720588970312	0.01319694092923046	0.020486093454795972	-0.015154973791618526	0.019357259454293913	-0.01843447909219748	0.015632086205863746
129.78689825767574	3.999916205846847	80.37488562810427	42.818137041051344	0.02607649818471923	0.02022738870299856	-0.021903979952998653	0.020545169759177914	-0.01861950574763341	0.01932316462698396
130.13302764795353	3.999739602502082	80.99715038322425	43.024576719056036	0.03734185422260148	0.01943485050486815	-0.027505793835632106	0.02096024335126889	-0.018151216060175456	0.022129196337356244
130.4791570382313	3.999562999157317	81.61941513834424	43.23939717901574	0.0471666054667158	0.01881758553075988	-0.03238052383543695	0.021469309419038622	-0.01783122361618182	0.02459855085746356
130.8252864285091	3.9993863958125524	82.24167989346424	43.453129073497905	0.055551217282787085	0.018375590214652862	-0.03652842135688525	0.022072369745497544	-0.017659521283610733	0.02673136013007848
131.20275558426727	3.9993524082592744	82.8437381307648	43.62455969114893	0.06268479174593558	0.01818643078710455	-0.04008109254812416	0.022889025804644178	-0.017730494576197138	0.028635015986788387
131.62669726991817	3.999529900164489	83.41583290187481	43.72878837250956	0.06853066952833439	0.018302680363825728	-0.043037535821863905	0.023985698509571534	-0.01810253871981068	0.030331548387778698
132.0506389555691	3.999707392069704	83.98792767298482	43.809902546913385	0.07309084414467681	0.018261014792672114	-0.04521997722948973	0.024941902759936223	-0.01834354223176179	0.03155428161762976
132.47458064122003	3.999884883974919	84.56002244409483	43.868024705608235	0.07794197330009589	0.01593661601352785	-0.04670131438490725	0.024176307740102706	-0.01661642250180953	0.031622770969186524
132.93245738722752	4.0021209459272	85.10181101208045	43.8609536709769	0.08043498424827772	0.013924624893786817	-0.04708378109099683	0.023479355801967364	-0.015082874965359856	0.031195426817298054
133.4529602844477	4.008156038077006	85.58767037765394	43.75412456564969	0.08072836951471707	0.01213494465662669	-0.04641681384255267	0.022837685113918052	-0.013686524186753288	0.030275203202741973
133.9734631816679	4.014191130226813	86.07352974322744	43.63968981103342	0.0782764092513558	0.010807235445081845	-0.04450566113860226	0.022295024164185172	-0.012576468932544741	0.028821153173913018
134.4939660788881	4.0202262223766185	86.55938910880094	43.525302700875905	0.07308797462206154	0.00993885021832098	-0.04135475856107948	0.02185122986948061	-0.011751135286564282	0.02683535143849001
135.0438734776319	4.045367626852197	87.00398579095939	43.3467030437937	0.06558464289892671	0.009435967355273814	-0.03710528474587085	0.021537941162908254	-0.011134175595153374	0.024348198612455713
135.65718257694317	4.111705876377243	87.35961227593953	43.0246440492001	0.056598377938598406	0.009136671229439487	-0.03210090766329844	0.021406662849481135	-0.010604544876386453	0.021487525257707002
136.2704916762544	4.178044125902289	87.71523876091966	42.711765918517486	0.04990866298104834	0.009463121280336165	-0.028557350780687715	0.021433223247866545	-0.010615762168620398	0.019521695769142772
136.88380077556565	4.244382375427334	88.0708652458998	42.40686333815808	0.050270333883838766	0.009888901380879429	-0.028742744860080684	0.021396893184769686	-0.010885986089365557	0.01948921045700262
137.50088912417473	4.318376799141848	88.41784553275988	42.092148185212146	0.05561715613557677	0.009467566311745772	-0.031203827231623564	0.021009592276379527	-0.010585074496679876	0.020454195486550694
138.12694815153216	4.410544429671317	88.74430262582759	41.741414867392706	0.05992232024039204	0.009047060232354794	-0.03315473466865633	0.020722324993328815	-0.010358778071357742	0.021200365428392563
138.7530071788896	4.5027120602007855	89.07075971889529	41.393641567905696	0.06317597064512935	0.008601816875369334	-0.03459912503453266	0.020445979212840894	-0.010171151734364507	0.02171898362831002
139.379066206247	4.594879690730254	89.39721681196298	41.04744915075553	0.06542490639193699	0.008131836240789414	-0.03555112634197657	0.02016289491901073	-0.010001003466614124	0.022001220078350522
140.01694466859718	4.673754076347195	89.70012107208376	40.69378993072339	0.0668969476779415	0.007639809636559758	-0.036134991848973876	0.019853620748224533	-0.009842731010125675	0.022107080336839013
140.68410112256984	4.719699687160516	89.94468247181194	40.32559110035486	0.06801004414174282	0.00791777232302541	-0.03648291153863944	0.02013446456447844	-0.010046583775570933	0.02242238171475742
141.35125757654245	4.765645297973838	90.18924387154013	39.96693085185273	0.06929140611336533	0.008279094895558801	-0.03694224271930893	0.020471307222299024	-0.010311262697453107	0.02279637060900956
142.0184140305151	4.811590908787159	90.4338052712683	39.61551128948685	0.07073751959963719	0.008721317558939354	-0.03750841719985857	0.020860283329196816	-0.01063395658123441	0.023225884425740473
142.69305931603222	4.8457442206059245	90.6548638449588	39.267626607644274	0.07247349157621752	0.009212985060337332	-0.03825719835921887	0.021276580964151224	-0.011007334572980075	0.023758178252467867
143.38613213697624	4.850880588166294	90.81808974383625	38.92319416759994	0.07464656179357222	0.009686948926396374	-0.03928134024071442	0.021674799806561253	-0.011408704219871158	0.02445547920119602
144.07920495792024	4.856016955726665	90.9813156427137	38.59801946897514	0.0767763900920972	0.010187878435955273	-0.040299470181917894	0.02214583519925861	-0.011827609104617186	0.025134666030158855
144.77227777886426	4.861153323287036	91.14454154159115	38.295972083616654	0.07793185789187826	0.010608638365210655	-0.04083457390187797	0.02297001317437658	-0.012156190607846474	0.025433252245240023
145.4679241199765	4.856414357397922	91.29419664802818	38.01901524708192	0.07927520980656763	0.011007961109072465	-0.04147439387266403	0.023740670988223266	-0.012473313281093266	0.025788071555997313
146.16960518847748	4.828518415326697	91.41202918169616	37.76776225803871	0.08082041323684358	0.011321868924256708	-0.042247408765738986	0.02443341078418959	-0.01275763312971659	0.02622101775710319
146.87128625697846	4.800622473255473	91.52986171536413	37.531716720756805	0.08246664437871044	0.01162329918797219	-0.04307270798229289	0.025094392095401798	-0.01303305381176973	0.026675895465050756
147.57296732547945	4.772726531184248	91.6476942490321	37.304091640617884	0.08421530873149197	0.011912576246216678	-0.04395115644498655	0.02572361492185991	-0.01329968344258528	0.027153353371835602
148.27317914931044	4.732384685382602	91.76905418669365	37.089595949624666	0.0850352329610613	0.012103147539684878	-0.04436120716004471	0.026316692595335457	-0.013596865827444637	0.027422949850582346
148.9702122870457	4.665116336497557	91.89804560348011	36.896435128719375	0.0843124799475063	0.01205698058770126	-0.04401009196316765	0.026826237829506612	-0.013906888605012485	0.027352601634081247
149.66724542478096	4.597847987612512	92.02703702026659	36.69305969441807	0.0836528103317556	0.011899896822472444	-0.04370078295362931	0.027271731957858564	-0.014165381834178828	0.027291371219074545
150.3642785625162	4.530579638727466	92.15602843705304	36.4772549595783	0.08305905920013319	0.011631896243998402	-0.04343328013142969	0.027655159540818194	-0.01437206200631129	0.02723840807966504
151.0560933333552	4.459663825146603	92.3058820035974	36.26074115693434	0.08254463201219604	0.011242540836772685	-0.043216336742646785	0.027944280057938614	-0.014511653423602318	0.027191737952025858
151.73774929809048	4.381647344374027	92.49634876168395	36.0547998393656	0.08215326103555944	0.010698547118444608	-0.04307237426684621	0.028100560415694194	-0.014557602193673778	0.02715246365637918
152.4194052628258	4.30363086360145	92.68681551977048	35.83223795453096	0.08033220567259487	0.010333010292316413	-0.042461898227902625	0.02739529736196775	-0.014368914867921585	0.026948654489153883
153.10106122756108	4.225614382828873	92.87728227785702	35.59427780103888	0.0774880580295156	0.01022992943127474	-0.04145881877384003	0.026199450915625887	-0.014094902132473117	0.026594778748891816
153.76434751028467	4.159955123159282	93.11745379975483	35.36294273522166	0.0747135059273927	0.010245919250241237	-0.04039295835297752	0.025071908603155738	-0.013853826074280116	0.026173297127126145
154.39613473201553	4.115485172100225	93.44285561501982	35.15467723073548	0.07209267274987124	0.010312752707124794	-0.03927059287993392	0.024054885064874517	-0.013620711868191181	0.025670579024016475
155.0279219537464	4.0710152210411685	93.76825743028479	34.937442344125216	0.06932789255436242	0.010385014135992146	-0.03802691549398806	0.023078874138761658	-0.013398825697355867	0.025100552715886484
155.65970917547725	4.026545269982111	94.09365924554979	34.71166755741051	0.06641916534086623	0.010465703367792125	-0.036658069269634275	0.02214516146665234	-0.013189881750887771	0.024459361277230467
156.2669150268927	3.995503182727734	94.4594216983418	34.49449207951555	0.06484320455262044	0.010683264531595203	-0.03600822563160425	0.021573706512275553	-0.013071417005261973	0.02414017854119184
156.8377174882193	3.9843468771799397	94.88495559647134	34.28763625730072	0.06430664577158096	0.01096491079861524	-0.035927527920567116	0.02140499190780461	-0.012997371362813315	0.024043490814194466
157.40851994954593	3.973190571632146	95.31048949460084	34.05944673808341	0.06285340045120144	0.011170351747280675	-0.03532732911572314	0.02123682145182171	-0.01287659342677488	0.02365752956359455
157.97932241087258	3.962034266084352	95.73602339273037	33.805610265408156	0.06047165547113437	0.011305938517563143	-0.03420064296310335	0.02106843300753023	-0.012713020903929066	0.02297810303701069
158.5234954713984	3.9607881547352415	96.19281346734464	33.53539176607466	0.058367074730522626	0.011539966215242642	-0.03321773675669392	0.020942214151228176	-0.012598336876469668	0.022380154731859135
159.03429805911028	3.971960943404267	96.6887720307827	33.250741350199654	0.057846534898457924	0.011980161523579586	-0.033124294994030946	0.02082758403286304	-0.012612592318517312	0.022280819626607405
159.54510064682216	3.9831337320732922	97.18473059422078	32.95255967769908	0.05724392921799812	0.012342772235048679	-0.032981653408299144	0.020630900096515574	-0.012611884006927102	0.02214769797928717
160.05590323453404	3.9943065207423167	97.68068915765885	32.66390475224208	0.056983708794408214	0.012675430853777649	-0.0330103368386468	0.020381338335065866	-0.012640688332312749	0.02211080346409124
160.5621004728533	3.9999991503392893	98.18136334050071	32.416596211207576	0.05966577612651699	0.013310641852688591	-0.034547257803364415	0.020322513729291433	-0.013004017139519233	0.022971021473729324
161.06351401440585	3.999999395493941	98.6869357604516	32.229789138327156	0.06152245913845584	0.01383019631583821	-0.03562888781615901	0.020258277621984868	-0.01330045974271177	0.023585167369853145
161.5649275559584	3.9999996406485945	99.19250818040253	32.105721675298476	0.06257110714319718	0.014238843960284379	-0.036266890730198474	0.02019404139582302	-0.01353352707018853	0.023961655862270996
162.06634109751093	3.9999998858032457	99.6980806003534	32.04266258689288	0.06281172045535974	0.014536584952075915	-0.036461266731923556	0.020129805085763532	-0.0137032192472144	0.02410048706459525
162.5667203788146	3.9999999978261824	100.20467491978799	32.028908456299035	0.062241211224959014	0.01472147285375354	-0.036209382470759194	0.020064927000618432	-0.013808203642404551	0.02399962567065568
163.06622790257126	3.9999999976350225	100.71213057812461	32.043702729690004	0.06086012139734249	0.014793821166669201	-0.035511682883378956	0.019999508009793825	-0.013848693948795458	0.023659408178763455
163.5657354263279	3.9999999974438634	101.21958623646125	32.06084671530455	0.058671070700846414	0.01475527288905024	-0.03437039693656036	0.01993408901885404	-0.013825814774662215	0.023081555137113394
164.06524295008452	3.9999999972527043	101.72704189479786	32.0546051815243	0.05582063230249754	0.01459692372446876	-0.0328403654296911	0.019880346562383123	-0.0137258455660039	0.02227142896797982
164.58333979630797	3.999996891802426	102.2150075950121	31.995037461657247	0.053960897392441254	0.014444425787755679	-0.0317250442709072	0.01992850313071005	-0.013581000111828896	0.02153973367991023
165.11384311974763	3.9999917139083245	102.68996573554656	31.885673127214616	0.0526393193648932	0.014455657001132223	-0.030967360435222153	0.020002585051047485	-0.013544268973138936	0.02102297565793531
165.64434644318735	3.999986536014223	103.16492387608105	31.745819083678477	0.05179016367494703	0.014608610562978762	-0.03052462535300842	0.02009241363027692	-0.013602018256169583	0.02069518675737341
166.17484976662706	3.999981358120123	103.63988201661553	31.591607362291686	0.05141342708134357	0.014903292711190282	-0.03039683706727933	0.020197989113021682	-0.013754252180673335	0.020556365877419533
166.72438389521986	3.9999830312064013	104.09219051043502	31.427310175844887	0.05179859356319052	0.015389165585107775	-0.030742113250699733	0.02035433749395989	-0.01401962653001338	0.020696152217986503
167.283665888777	3.9999882134679923	104.53289751414977	31.274417848597412	0.0528770414756111	0.015964311750317248	-0.03145905618143321	0.020587146174682356	-0.01429862289801929	0.02104602996362471
167.84294788233416	3.9999933957295837	104.97360451786452	31.14321049435028	0.05352414841801795	0.016462431298226173	-0.031944923879623305	0.020804549623079295	-0.014531402269705203	0.02127266739476657
168.40222987589127	3.999998577991174	105.41431152157928	31.02128783300473	0.053711011513370356	0.016753519030615387	-0.03209359624861283	0.021042102952277097	-0.014670739375982126	0.021382171905954386
168.95975841404393	3.9999999961987056	105.85723130889484	30.894862948510394	0.053728178054799826	0.016967654127901428	-0.032111869343520505	0.02130342820989823	-0.014783417443342594	0.02144764340410172
169.5166264414807	3.9999999965212787	106.30098463168352	30.754928502181453	0.05363532952733895	0.017165546381047975	-0.03206704811901329	0.021579744331903135	-0.01489544396318073	0.021481246050704585
170.0734944689175	3.999999996843853	106.74473795447221	30.598583840301217	0.053434369483361985	0.017347994131612067	-0.03196044888508604	0.021871504956264408	-0.015007470482745242	0.021483959692575064
170.63036249635428	3.999999997166427	107.18849127726091	30.430474981977067	0.05312529792287636	0.01751499737964973	-0.03179207164174995	0.0221787100829895	-0.015119497002107104	0.021455784329728084
171.17869760952638	3.999999997424987	107.64269440693805	30.26874152001623	0.05268176690299664	0.017656168288297573	-0.031543962000614996	0.02249585650231159	-0.015223338386251084	0.021383650200601796
171.7248230838789	3.999999997666971	108.09960356391633	30.126169716197538	0.05212235248421638	0.017779069149331576	-0.031228882714477296	0.022827157906888086	-0.015325060190550794	0.02127697145914332
172.27094855823142	3.9999999979089553	108.5565127208946	30.02317287963854	0.05201363015236387	0.018273948949830553	-0.031024591854805227	0.02358136181921331	-0.015455938492774554	0.02116737393636722
172.81707403258392	3.999999998150939	109.01342187787287	29.96631823744602	0.05249266867753636	0.019100190008945365	-0.031027124036170868	0.024683158939826054	-0.015604761783237615	0.02112529795897533
173.39644323974113	4.000455000003561	109.42679829819954	29.926528282646778	0.0532096164376982	0.019944412737278105	-0.031183635951530415	0.025769841040737346	-0.01577621695539909	0.021198469112455338
173.98102052700136	4.000981284008796	109.83335472689294	29.895532646093887	0.054013603134470824	0.020729141863804763	-0.031414145966153925	0.026779278268196323	-0.015938810141124127	0.021339572434288447
174.56559781426162	4.001507568014031	110.23991115558634	29.84699766311211	0.054876962846383756	0.02143965628087372	-0.031704116700638	0.0276995282628813	-0.016086628991673856	0.021540121886661857
175.15017510152188	4.002033852019266	110.64646758427973	29.753943031949856	0.05579973661484598	0.022076020482127694	-0.03205355988109949	0.028530649655376522	-0.016219696959281993	0.021800111606517153
175.75831523494224	4.113315922288338	110.99821788785351	29.55503546454817	0.05725805547767241	0.023167853820846598	-0.032556854223046654	0.02966930388070986	-0.016592826418198495	0.02208596696877536
176.36805237489003	4.232104628742761	111.34625362575194	29.29537804372857	0.059169301571276464	0.02511131586899875	-0.032938314306292835	0.03108427636029871	-0.017402196325454655	0.021988858584510294
176.97778951483784	4.350893335197182	111.69428936365037	28.999436088398383	0.061340160008431156	0.02757627857041519	-0.03325066152804979	0.032687839994585875	-0.018446785721321666	0.021652599189724564
177.58775833486175	4.470065452568234	112.04170328654995	28.705206196843548	0.06352618319738386	0.030035338129494427	-0.03359695298714936	0.034315741191964934	-0.019472437091464588	0.02133438160478619
178.22085150934697	4.627506419333582	112.32705287192117	28.445158472301586	0.06582090485290942	0.03271452312677162	-0.03388988575386787	0.036175578735781325	-0.02064803618877479	0.02089141802521242
178.85394468383225	4.784947386098933	112.6124024572924	28.247845304614877	0.0678573645765968	0.035063921160336305	-0.03415876708003486	0.037783404369456604	-0.02168418381416452	0.020491722777803704
179.4870378583175	4.942388352864282	112.89775204266363	28.11906264465876	0.0696648933493116	0.03711152998465103	-0.03441159632406825	0.03915788326263248	-0.022591545778857615	0.020136629088963076
180.12097620071893	5.097255384102206	113.18248645372775	28.04296050777104	0.07101784023908723	0.0386083435185839	-0.03457553908915587	0.040063115323223736	-0.02326433964835673	0.01981995999870005
180.76408112833218	5.2242058334503705	113.4605487614165	27.987875144853106	0.07122489070485187	0.03878630615300295	-0.03440767637062196	0.039785451055766925	-0.023364457451959756	0.019514552828724524
181.40718605594543	5.351156282798536	113.73861106910523	27.925525039922025	0.07143841993288055	0.03891974448073194	-0.03425702452678613	0.0394964050472079	-0.02342634048032895	0.019242442243704118
182.0502909835587	5.478106732146701	114.01667337679399	27.84253556830931	0.0716637486319322	0.039015043352281537	-0.034125711841151936	0.03920023386455377	-0.023455309442223207	0.01900469238539058
182.69360053849613	5.598519008824863	114.29672077288807	27.73651282722608	0.0719146603836061	0.03908131822558356	-0.03401708510058789	0.03890338228281931	-0.023457617619106152	0.018802709306131957
183.3379880400875	5.684489153291571	114.58722532280169	27.614834999631864	0.07224316082472389	0.03914488985872468	-0.033941099926532575	0.03862298687654574	-0.023446665841410863	0.018638170098425375
183.98237554167892	5.770459297758277	114.87772987271529	27.497604776426584	0.0726165334387296	0.039202423744613316	-0.033894923790621166	0.03835345173680955	-0.023424719019335294	0.018509501394260417
184.62676304327033	5.856429442224985	115.16823442262891	27.412187867141917	0.07191444975228013	0.038585513578904294	-0.03338119338652631	0.037795080056426275	-0.02305791328484659	0.01822508254385229
185.26967473895277	5.933499725382182	115.46385720980396	27.36567544763696	0.07125193997042406	0.038002486243140794	-0.03288242104225874	0.037247293590586095	-0.02270406376666859	0.01793900839322082
185.9077727664306	5.981541137499102	115.77617426268137	27.35152735599245	0.07070952880453958	0.0374987846629604	-0.032426171302134224	0.03673661786435898	-0.02238327947821661	0.017660536395231838
186.54587079390842	6.029582549616019	116.08849131555878	27.36744815454396	0.07022553188119648	0.03704608479259854	-0.032000122275786816	0.03624226039813757	-0.02208321533257957	0.01738593195344545
187.18396882138626	6.077623961732939	116.4008083684362	27.403730773917378	0.06979905162664905	0.03664528420580085	-0.03160472275008929	0.035766016339413106	-0.02180432011663026	0.017114746280988795
187.8199491998333	6.115744000031347	116.71830597047517	27.445031782654624	0.06945556379901996	0.03630934155426116	-0.03124726472509988	0.035316066232022804	-0.021551502571186806	0.016849801498177417
188.4511950006292	6.131682121465271	117.04738609252762	27.47374270947628	0.06886177075067093	0.035786089083797594	-0.030873897927064218	0.03484337729723298	-0.02122089488740618	0.016548467552374463
189.0824408014251	6.1476202428991975	117.37646621458006	27.49040012419332	0.06815486992019094	0.035175701663618726	-0.030499394801178772	0.03434524366547595	-0.020850132118535505	0.01623625259042111
189.713686602221	6.163558364333123	117.7055463366325	27.496365007816326	0.06747795937776341	0.0345791844421846	-0.03014785352918493	0.0338399852231771	-0.020479804398515423	0.015932979286525442
190.339302486653	6.169247622736897	118.0449545850363	27.490823732780136	0.06686992170812055	0.03401706768099536	-0.029828486815272157	0.03333944338967418	-0.02011895507743859	0.015642893482915345
190.95581795529765	6.158370220306881	118.40105761858928	27.47584166092144	0.06635144881990927	0.033500538696428675	-0.02954381807076927	0.03285024185483902	-0.019772511020882066	0.015366255141617834
191.57233342394227	6.147492817876865	118.75716065214226	27.465345688637274	0.06585855940531071	0.03299542061575159	-0.029277712367591295	0.03235243562906763	-0.019425564655788347	0.0150953147872507
192.1888488925869	6.1366154154468475	119.11326368569524	27.465167938257146	0.06531266189588786	0.03248022893050126	-0.028988006423783394	0.0318467179940017	-0.019078830904164065	0.0148743052050115
192.79805985339843	6.116359663937649	119.48087851396525	27.472206638805584	0.06462605167571536	0.03194502501117032	-0.028616878583609697	0.03134755537058571	-0.01874122942176414	0.014760969068322118
193.39846639380642	6.084799806817074	119.8623689766523	27.481010921780356	0.06396355849310749	0.0314411091231638	-0.028252276827393268	0.030857601354825723	-0.018411744309714383	0.014654958077995713
193.99887293421443	6.053239949696499	120.24385943933936	27.48961574517362	0.06306442111484113	0.030796210786322872	-0.027772576480094614	0.03034510748868943	-0.018032949295344793	0.014499169252408245
194.59927947462242	6.021680092575923	120.62534990202641	27.488106325757496	0.062069997497388715	0.030085916245291184	-0.02724485729872448	0.029832241803421446	-0.017640617963245155	0.0143158660343117
195.19773483068258	5.988429098801264	121.00973356728275	27.466299487492936	0.06111699996782041	0.029398288220812394	-0.026736355913277398	0.02933408838010658	-0.017265762371510833	0.01413534870491955
195.79440380389502	5.9536298056486485	121.39676606859115	27.41809175475103	0.06020534456742946	0.028731753095368944	-0.026246520972291347	0.028849483454371994	-0.016907605600913166	0.01395704551270876
196.39107277710747	5.918830512496033	121.78379856989955	27.34357393214692	0.05940175373553655	0.028128844900022414	-0.02581526640796453	0.02843636860107066	-0.01659277778260086	0.013704285138457162
196.98774175031988	5.884031219343417	122.17083107120794	27.25871076887703	0.05865829690674157	0.027564896048131775	-0.025418394814995426	0.028044265538987985	-0.016296940950792534	0.013424290685798451
197.58023496585838	5.8485389260853005	122.56411348329388	27.187494992272114	0.057941757467419676	0.02702082172276949	-0.02503390207330903	0.027642479886963237	-0.01600559578365354	0.013160167151847276
198.16979361126016	5.812559617637815	122.96178810464025	27.151737794765992	0.05724493923641927	0.026493603679829753	-0.024658076225537735	0.027228781561698587	-0.01571676680492879	0.01291078927235728
198.75935225666194	5.776580309190329	123.35946272598662	27.166977060028405	0.05655619258212473	0.025977501316772122	-0.024285940995328062	0.026798610175453572	-0.015427114256798994	0.012674378123593262
199.34891090206375	5.740601000742845	123.757137347333	27.239191236393786	0.05587156339240533	0.025471723811170417	-0.02391472850418849	0.026351965728228163	-0.015135847316838003	0.012450142883129081
199.94143254234262	5.707540789054311	124.15061567823403	27.367709336413185	0.05517793548309832	0.024970113107379226	-0.023539900644750002	0.02588451473598586	-0.014839666031778699	0.012236630338985376
200.5355619874191	5.676064561803237	124.54181698329131	27.534151724500916	0.054613865931199525	0.024535653916361953	-0.023251473915545252	0.025523114935518423	-0.014598219689172139	0.012035329079521404
201.12969143249558	5.644588334552164	124.93301828834859	27.687787631469597	0.054080983248923555	0.024108204270869932	-0.022991133753468698	0.02515982782729269	-0.014362930356439553	0.011832774402080507
201.72382087757202	5.613112107301092	125.32421959340589	27.78512653898749	0.05356432199015694	0.023681324140413226	-0.02274974916786942	0.024781727633762615	-0.014128152878326904	0.011627485571671684
202.33152306996362	5.596016303798402	125.6944566601374	27.822499789012287	0.05302476045468858	0.02323474743893755	-0.022522384197145126	0.02437589439602534	-0.013886511633502158	0.011416925766254976
202.9449337963876	5.5849687333072	126.05587642075045	27.7831360921938	0.05248498707995751	0.02278194684639384	-0.022312024223986995	0.023952380625749736	-0.01364389180882192	0.011202460277096293
203.55834452281158	5.5739211628159975	126.4172961813635	27.669383394699373	0.05196089727668955	0.02233212156147279	-0.022120579605082055	0.02351744113402899	-0.013404050421060135	0.010984763005147528
204.1717552492356	5.562873592324796	126.77871594197656	27.506690079623997	0.05149136304870362	0.02172398068913882	-0.0219354139093363	0.023086895617484796	-0.013059108099231102	0.010826692796191549
204.7937966718658	5.566125479059692	127.12499070223467	27.352269493016866	0.05104174006885542	0.020960640992569102	-0.02168462392489108	0.022714846111679822	-0.012604531797948255	0.01081742774537736
205.41866831678078	5.574066517345566	127.46629903609067	27.256557939218364	0.05048783020952056	0.02062543017760361	-0.021373871082698646	0.022385564283437392	-0.012421165157238998	0.010784388857219444
206.04353996169576	5.582007555631439	127.80760736994665	27.25771873416288	0.04983490439763735	0.02072466744609911	-0.021001907857058914	0.022101423360851788	-0.012512119778453457	0.010725031524508167
206.66841160661073	5.5899485939173115	128.14891570380263	27.37537266929267	0.049111777897586674	0.020833475078132376	-0.02059377609269948	0.021809166265135786	-0.012604299747050665	0.01066149078737414
207.29164964612994	5.584153171346939	128.49316561662675	27.602265843207444	0.04844521301249384	0.020532937273336837	-0.020223713982835415	0.02144909164082376	-0.012421642372270522	0.010616179018027914
207.91446486708946	5.57480240388773	128.83817688478536	27.926740065878228	0.04782021215520609	0.020242893720270914	-0.019881151488292555	0.021072877528460075	-0.012235507839263257	0.010566575814099961
208.53728008804902	5.565451636428524	129.18318815294396	28.318828020102526	0.047295754048932714	0.019976302722769845	-0.019650549596220666	0.02096108856885791	-0.012023999220444717	0.010377345867200705
209.16009530900857	5.556100868969315	129.52819942110253	28.697828179695865	0.046807587468702117	0.019713142109810948	-0.019446156727012727	0.020885239941003896	-0.011808616870450359	0.010178730354333771
209.79331436841042	5.547314891948332	129.85357892727984	28.984336767142885	0.046325256120255495	0.01944049869642693	-0.01924809866500762	0.02080006372667434	-0.011589328834213763	0.009990406914878722
210.42871581622683	5.538647389672597	130.17484032549697	29.108453435677575	0.04586283335731349	0.019166276352561486	-0.019059781273954225	0.020706732585188674	-0.0113690900024551	0.009814244246952056
211.06411726404323	5.529979887396861	130.49610172371413	29.020021469863085	0.045424092244430454	0.018892552962187815	-0.018882054774951435	0.02060542438281303	-0.01114866942178951	0.009650831985834388
211.69951871185967	5.521312385121126	130.81736312193132	28.688770228236724	0.04500886691002462	0.018619328525305907	-0.01871475329641751	0.02049605618375654	-0.010928067092216978	0.00950017013152572
212.33332746123756	5.510937302696496	131.14170116588622	28.106178775600387	0.045044902248308365	0.016837644736688036	-0.01873550343405552	0.020166059263738687	-0.009826826149243866	0.009478940745135792
212.96685098758564	5.50025642403835	131.46659018056954	27.353286800265252	0.04538383286793208	0.013996001681263638	-0.01887211010702378	0.019698318719493707	-0.008114596463226154	0.00953215048725808
213.60037451393373	5.489575545380203	131.7914791952529	26.57060867968049	0.04561689638025833	0.01155125394683619	-0.01895127803126613	0.01930333488072132	-0.006642769841646477	0.009542971027978166
214.23389804028182	5.478894666722057	132.1163682099362	25.88351065873395	0.04574759646947626	0.009505771672710075	-0.018974965147947144	0.018981210796956485	-0.005412479829389538	0.009512535912180797
214.84939416669408	5.392792513937891	132.4623444583205	25.412423715451286	0.04587540038216507	0.007993469736100193	-0.018946524033386192	0.018749028925886414	-0.004492528460394894	0.009422068962527135
215.46190234458936	5.294189674145264	132.81181580687945	25.226043861945307	0.04593785647723563	0.006915680443599345	-0.01886769540864548	0.018599478406780716	-0.0038393956983528528	0.00929240103779165
216.07441052248464	5.195586834352636	133.1612871554384	25.347763653740024	0.045937945355848595	0.006447259837837877	-0.018757622726822666	0.018536607438417025	-0.0035716810638400853	0.009151818438773175
216.6869187003799	5.096983994560008	133.51075850399732	25.740081710057147	0.04579204167526306	0.007463688957228571	-0.0186519738073363	0.018543398840983036	-0.004291115851270154	0.009113675400169484
217.3294151055632	4.961003271613535	133.78340012819896	26.196673287168057	0.04561780040224821	0.008204430286130989	-0.018550639693484555	0.018514701846469053	-0.004841528922024711	0.009082902240074993
217.97700696172552	4.818671483981561	134.04298722635494	26.602877224294225	0.04532658553083851	0.008952640835969439	-0.01840754636148762	0.01851415828916017	-0.00537774244213625	0.009028434201264592
218.62459881788783	4.676339696349579	134.3025743245109	26.843788671990502	0.04489547959047687	0.009753487332646294	-0.01820829518913461	0.018560584656469013	-0.0059259356250425	0.008937248069415428
219.2721906740502	4.534007908717597	134.56216142266692	26.83179343240819	0.044311023701410504	0.01059575404303434	-0.017941670443298235	0.01866519668152286	-0.006480500604179866	0.008798128111400207
219.9577771637245	4.56258341715379	134.73058491259295	26.681163876630063	0.043732384715557855	0.010757866900570961	-0.01783017887407405	0.018546513389693757	-0.006734548391778833	0.008795798607403907
220.650976626936	4.625403570214878	134.8807419771622	26.17146114938864	0.04429260514023005	0.006393400216423078	-0.017887225570086738	0.018129867801381882	-0.004375759572955441	0.008786822195985282
221.34417609014747	4.688223723275969	135.03089904173146	25.319189258830345	0.04496107526518179	0.0015390562735693174	-0.01794667079252165	0.01770882404470662	-0.0017370236535288312	0.008759442793549151
222.03737555335897	4.751043876337058	135.18105610630073	24.24209218432692	0.045673831919858535	-0.0035283520089140347	-0.01800192024766091	0.017301252937617115	0.0010207177959170469	0.00871618589352236
222.66139637904917	5.004069409583924	135.38587516119375	23.19163299241155	0.04682488697197568	-0.008475665140093392	-0.018306999503665402	0.016872589764546246	0.0036379359487424302	0.008798643252896591
223.26708950371375	5.307486616712091	135.6051759788393	22.024956065061676	0.048284089400634375	-0.01356750820359365	-0.018664941838151955	0.016565947819790944	0.00634205785411384	0.008860728271268091
223.87278262837827	5.610903823840258	135.82447679648482	20.866587743504898	0.04999806480725036	-0.01889265635269619	-0.01900904729889813	0.01642222956829786	0.009209724335635536	0.008856419602459751
224.47847575304283	5.914321030968424	136.04377761413036	19.954708585002336	0.05075179824797066	-0.019960563580568427	-0.019255015739807074	0.016438203650305266	0.00979460364799424	0.008950528884743153
225.0398248852882	6.160022350507084	136.3943904981201	19.545973935810053	0.05052039107255149	-0.01848327683751482	-0.019280568635138415	0.016524677244785273	0.009002990747836765	0.00902885349645728
225.5842401047662	6.383683349533017	136.7951483274669	19.572410477748758	0.05010638442739917	-0.01685306351410099	-0.019293406129625604	0.01654554737860021	0.008094396911894543	0.009115537253037261
226.1286553242442	6.607344348558951	137.19590615681375	19.987689580487586	0.049682544831700357	-0.015314746374216572	-0.0193652422167477	0.016463716157834454	0.0072023319190623195	0.009242924542994597
226.67307054372216	6.831005347584884	137.5966639861606	20.757097512110228	0.049299195282174	-0.013872900235745226	-0.019523525803805942	0.016258596902012108	0.006331370587223696	0.009424739819979894
227.23526604456706	7.030729564055523	137.9845614706815	21.784791505131626	0.04896837360023806	-0.012547516348634827	-0.019771081391530432	0.01590945379615767	0.005505937842562537	0.00966298948396656
227.80759539843666	7.216811035999583	138.3651292149343	22.900224074666284	0.048760327672965474	-0.011333875230992888	-0.02014019029621021	0.01540791035302769	0.00472200723436075	0.009971633477486704
228.37992475230627	7.402892507943643	138.74569695918717	23.90046187930078	0.04895013173387654	-0.010232977140462462	-0.020662818430515227	0.01500740299030455	0.003984806695626641	0.010391392036142396
228.95225410617584	7.588973979887703	139.12626470343997	24.647563049132327	0.04894177380986647	-0.009090165561378063	-0.021011105585214535	0.014696538210200968	0.00322703959889279	0.010706188082935907
229.47493223996418	7.748292116979155	139.57524880335984	25.214071225209327	0.04842267882045014	-0.007587343088079394	-0.02107429316099531	0.014367231345893659	0.0022759815871114843	0.010838269461949962
229.95430410065035	7.884267015246765	140.08390630865273	25.628875970618502	0.04745246088623457	-0.005766418374221305	-0.020863085335810452	0.014025396825288352	0.00115399648924143	0.010790446186280967
230.4336759613365	8.020241913514376	140.5925638139456	25.81717239067575	0.04608056081579157	-0.0037726473568545334	-0.020357979306793523	0.013704761311341403	-6.088813144693955e-05	0.010545732074712004
230.91304782202266	8.156216811781986	141.10122131923848	25.84043086996533	0.045144026309344706	-0.0015837651998939623	-0.020182851573987623	0.013463062851922484	-0.0013874488690117622	0.010581666784485655
231.3692760460453	8.251413781914847	141.63586270292856	25.893247436435797	0.044253024999148176	0.00044218668849114594	-0.02000951377903393	0.013211826724663202	-0.002606672843888642	0.01060071775225834
231.79352305712075	8.290261457328848	142.20641010952662	26.13188409721435	0.04340544529827739	0.0023673384506043057	-0.019843593464362378	0.012938888359055142	-0.003751226483277523	0.010614067889137166
232.21777006819627	8.329109132742849	142.77695751612467	26.499012210691287	0.04332320414322212	0.004025000151760256	-0.019919937103158297	0.012672435944946518	-0.004796319643439914	0.010718500119205228
232.6420170792718	8.367956808156848	143.34750492272272	27.013591635803316	0.044156767119948766	0.005384366085942572	-0.02027759519231472	0.012416791541537126	-0.005740012771616961	0.010933896427056293
233.09362073411677	8.367167219999413	143.89140526632212	27.647935018104963	0.0453769636269149	0.00651814447661982	-0.02071800126479759	0.0121683528339744	-0.006576579298484006	0.011179049859270377
233.61064544996282	8.271588524674131	144.37158145031253	28.31340543136637	0.048837390633972244	0.005838079459399512	-0.02249692138190907	0.01223697149657836	-0.006371405231769171	0.012335299628283778
234.1276701658088	8.176009829348851	144.851757634303	28.877208432072305	0.051625286298256565	0.005065103518024172	-0.023899876519442104	0.012301542403740548	-0.006064904584063732	0.013239734499242657
234.64469488165483	8.08043113402357	145.3319338182934	29.244464312705563	0.05308004112147696	0.004678079963910155	-0.024470094410987075	0.012276119514850673	-0.005931260474286215	0.01356948812054671
235.159501038576	8.00000000361162	145.81588061492883	29.38649633957656	0.053228577165838634	0.0046514501189137405	-0.024216515106438255	0.012190780723551004	-0.0059601580132334344	0.013327611854920648
235.66252700492277	8.000000003254888	146.31984875742222	29.42127637762967	0.05213960470218476	0.00493469783789638	-0.02317360741794283	0.012097860790217855	-0.006129697371545474	0.012530862950172817
236.16555297126956	8.000000002898155	146.82381689991558	29.388383798254612	0.05098826858987494	0.005730819068448888	-0.022274588385183057	0.012133895703038007	-0.006525821992158624	0.011819867767433346
236.66857893761633	8.000000002541423	147.32778504240898	29.365150207501703	0.051711834362515155	0.006793858291194674	-0.022951574099072152	0.012488085080985716	-0.007029764523505244	0.012197818263160149
237.17209700421452	8.000335833143057	147.83119882995948	29.37672323519913	0.05212145467010307	0.007619756698398493	-0.023408017838166473	0.01276357696934485	-0.007407353232632618	0.012449593451825806
237.72243862032568	8.032626123149043	148.2818655074661	29.38992194385824	0.0525021479997073	0.008258415198862458	-0.023768053233861514	0.013009348014506148	-0.007697000085122591	0.012631351117302228
238.2727802364368	8.06491641315503	148.7325321849727	29.372625419836258	0.05258608279438963	0.008661297249140703	-0.02391573646552706	0.013175674457836862	-0.007862003164895982	0.012690574340024494
238.82312185254796	8.097206703161016	149.18319886247932	29.24076589407291	0.05237926554764526	0.008829529066763627	-0.023854070779910735	0.013263307111023913	-0.007903488689483155	0.012628764743366418
239.37346346865908	8.129496993167002	149.63386553998592	28.889686572991987	0.05188770275296919	0.008764236869261519	-0.02358605942376004	0.013272996785754162	-0.007822582876414427	0.012447423950701749
239.96984874873405	8.113558920775953	150.02063190585656	28.195648003459457	0.051352127442991016	0.008610393635593308	-0.02325082096927448	0.01324925140134465	-0.007696626767600689	0.012226507691378372
240.57433889242174	8.089131421917914	150.3961501809796	27.00671735644875	0.05148064412995296	0.005447612091431154	-0.022999879754770757	0.013928420816517397	-0.005888375510075393	0.011972828267537183
241.1788290361094	8.064703923059874	150.7716684561026	25.396250740161012	0.05153610552977491	0.0014201624339220047	-0.022568732311241943	0.01462437716612535	-0.0036085771749838134	0.01157370713421867
241.78331917979705	8.040276424201835	151.14718673122562	23.54205858167286	0.05146914889337914	-0.003348226324728076	-0.02193916294313759	0.01529761076144677	-0.0009271085887123717	0.011021855787251227
242.35092063832371	7.946195451130919	151.56227357815305	21.760217572100135	0.050964463655840515	-0.008920016713077808	-0.020904548030045073	0.01579082503130073	0.002225893983108578	0.010200291705512734
242.9009776790963	7.818986985326626	151.99617940847986	20.133271813197926	0.05031245432931028	-0.014921655890715957	-0.019639047286051828	0.016184818604147458	0.005633887357104057	0.009224556435661592
243.45103471986886	7.691778519522333	152.43008523880664	18.79285766045135	0.052649801477327327	-0.019495749749194515	-0.019985598268851518	0.01730955168322228	0.00807822316656651	0.009138463311474849
244.0010917606414	7.5645700537180405	152.86399106913345	17.916951602786792	0.05458182036044642	-0.023441690071970812	-0.020267326542114775	0.0183850872675367	0.010173281858724516	0.009075098953700934
244.47041989798055	7.4812447626769005	153.37821413315243	17.567518361499022	0.0574995355508511	-0.01929147035409089	-0.0223335572074799	0.018997773878387324	0.007730627016680776	0.010401003001794841
244.85637455480622	7.443240203868987	153.97538552216213	17.472305198886076	0.059683236276494855	-0.016844321762045696	-0.02377114743972725	0.019485567582208586	0.006221392455809346	0.011287854868161874
245.24232921163184	7.405235645061075	154.57255691117183	17.498315662721243	0.061357776931277835	-0.015028002426824567	-0.0248521235733721	0.0198635375665227	0.005089856719280478	0.0119566510428361
245.62828386845752	7.3672310862531605	155.1697283001815	17.553785725767373	0.06253383295071269	-0.013823214445769599	-0.025585929262906433	0.020134968580718112	0.004324933777907747	0.01241396102459458
246.04717495894653	7.359486526333816	155.73973206304635	17.62271265166437	0.06339230624421995	-0.012848565705101001	-0.02614932234405852	0.020337547762457716	0.0037050495149617696	0.012782875685420957
246.54526338472624	7.424503677726703	156.24440988264655	17.728758478017006	0.06418761721261393	-0.011580338408651417	-0.02678602967836218	0.02052362262930371	0.002925552455055972	0.013235303471363768
247.0433518105059	7.48952082911959	156.74908770224675	17.70901181745477	0.06450027175757987	-0.010914464438367497	-0.027082094852053547	0.020606963766479972	0.0025069104127708472	0.01348415393374878
247.5414402362856	7.554537980512477	157.25376552184696	17.57266848893592	0.06431035107620144	-0.010886950861059098	-0.0270198973856298	0.020581442311550673	0.0024698082988269753	0.013517169347704475
248.0481172350894	7.62503253251826	157.7462198206787	17.384049420656766	0.0636466702211024	-0.011533890732131293	-0.02661129964625243	0.020468409945754162	0.0028412548456182183	0.013325090359159375
248.65034499053712	7.756465004192321	158.102683349564	17.307855961784373	0.06302871227974097	-0.012667484829875886	-0.026215951879191093	0.020566677974258887	0.0035818037161814524	0.012968125725505125
249.25257274598488	7.887897475866382	158.4591468784493	17.25644037798157	0.06189981094633368	-0.01402339857006333	-0.02556554307510042	0.02057275073634061	0.004471888900959481	0.012459426659726434
249.8548005014326	8.019329947540442	158.8156104073346	17.25824176889716	0.06023674157941956	-0.01555958016772397	-0.024644435194318803	0.020461160940783214	0.00549420098283041	0.011790176237072816
250.45702825688033	8.150762419214503	159.17207393621987	17.305240503292357	0.058441597037928145	-0.017207951385819893	-0.023536031491122794	0.020188495421820624	0.006604451869562497	0.010997692126207952
251.0771508662146	8.419853695641015	159.38011779392235	17.283718412070126	0.057968042001879445	-0.01834104190808798	-0.02311498190792425	0.020144566326102807	0.007348604230389508	0.010616789281957249
251.70020893935444	8.711526460658732	159.56381495533068	17.132829398896487	0.05798209070657066	-0.02054630662446425	-0.022710755474698113	0.020276365232283735	0.008612766263611321	0.010203927051797611
252.32326701249434	9.00319922567645	159.747512116739	16.88878837827992	0.05789194565968393	-0.023150324275391983	-0.022084397266027334	0.02026188937007576	0.009984442075893624	0.009720480104863004
252.94632508563427	9.294871990694169	159.93120927814732	16.624455775255466	0.05753532468554125	-0.024758646509182917	-0.02148789597315106	0.020033925935477072	0.010750177091496024	0.009356504458157526
253.5961502188556	9.433917586846455	160.15498602094831	16.589244916111944	0.056477661146749646	-0.024117516865015207	-0.021044365257966383	0.01967369800371613	0.010380967796318048	0.009191755291567613
254.26199991528284	9.481590290085652	160.4027570979548	16.737698377365476	0.05520646813306578	-0.022476139200551738	-0.02070875460647563	0.019288659902279466	0.009520817368723651	0.009134537551628422
254.9278496117101	9.52926299332485	160.65052817496132	16.93317830186258	0.054223633103617525	-0.020961284875197793	-0.02049856533681753	0.018991529874160425	0.008728827251727163	0.00913223278658577
255.5936993081374	9.576935696564046	160.8982992519678	17.139530687935512	0.053538004139941	-0.019553783045624905	-0.020420802180208208	0.018784519939743054	0.00799467468353634	0.009190002377335759
256.2607020865553	9.622679461554801	161.14327545458397	17.31747364805002	0.053588914570522776	-0.018235881533144142	-0.02055095126615471	0.01872418450839888	0.007320368905200295	0.009342485026539398
256.92954032963536	9.665352761462469	161.3838028034155	17.446337573366616	0.054304213905339856	-0.016900750599888912	-0.020823601967084146	0.01878869726759736	0.0066565091064941006	0.009565006374299568
257.59837857271543	9.708026061370134	161.624330152247	17.53534953788923	0.054877162939782585	-0.01550471053830871	-0.021086333606617942	0.018871819304883342	0.005961035079941693	0.009793282666411418
258.26721681579545	9.750699361277803	161.86485750107852	17.59956306955023	0.05531677201224654	-0.01404969213520254	-0.021341398769355036	0.01897644680045539	0.005233625027743205	0.010028601094074349
258.93871818938425	9.799554620389411	162.09453867234834	17.652600619119667	0.05562915015241761	-0.012551647431866512	-0.021588462129789186	0.019103775793420125	0.004481168843154027	0.01027105032662615
259.6259850524717	9.885006513647575	162.26001146258224	17.69730190800207	0.05579564455686449	-0.011067551642925635	-0.021815460923507248	0.019247099629876387	0.0037317391018232273	0.01051906053577559
260.31325191555925	9.97045840690574	162.42548425281615	17.765670230810002	0.05618793494891666	-0.008985917122602983	-0.0223527813311885	0.01969139475566236	0.002607500849786567	0.010946400794040727
261.0005187786467	10.055910300163905	162.59095704305003	17.866068393882372	0.05697983699676682	-0.0061317156017387745	-0.023287113075381255	0.020499481581962183	0.0009962294684983002	0.011603815772416693
261.6877856417342	10.141362193422067	162.75642983328396	17.98940171174387	0.057781057700241424	-0.003119167239933435	-0.024248576187896706	0.021352078295885847	-0.0007159090617299092	0.012300096961176428
262.3572343425281	10.206084564828993	162.98897726097528	18.137535678039782	0.058787862449702966	0.00028865662562778827	-0.025381005105962154	0.022340198045165544	-0.0026838485372022384	0.013131492558119696
263.0246786403288	10.26847502821071	163.2290700573682	18.27278709830169	0.05989626401441406	0.003917049256522011	-0.026603023559809418	0.023430881846404645	-0.0048056334229983596	0.014044279831503881
263.69212293812944	10.330865491592427	163.4691628537611	18.36062644874373	0.06108034356145065	0.007714726596107283	-0.02789475793322544	0.02461975337040752	-0.007051991482873268	0.015024582875574056
264.3595672359301	10.393255954974144	163.709255650154	18.362718942506827	0.060964215911640765	0.008159234338199352	-0.02785368653350409	0.024818314911502843	-0.007267976498636763	0.015041960361320062
264.93046810302087	10.418907733137322	164.1104543704612	18.316845182409246	0.06027765515438054	0.006629395984467896	-0.02713656154923559	0.024420898187256956	-0.006317121745137381	0.014547574606947448
265.450039424884	10.42502654058812	164.5973087769937	18.202328908267717	0.05948692646245517	0.005039147972668468	-0.02637043868263423	0.023969954718265404	-0.00534054086283563	0.014014001551829738
265.96961074674715	10.431145348038923	165.08416318352621	17.994478209418578	0.058086649677553476	0.0025705422200011036	-0.025133632186602285	0.02318959719912703	-0.003815269549532697	0.013143392860985089
266.48918206861026	10.437264155489723	165.57101759005872	17.707684181655743	0.0560730520699997	-0.0007767114835083473	-0.023424618458770943	0.022077939265004	-0.0017408724902665288	0.011934877904488552
266.9951145793993	10.435483498434017	166.07144123065834	17.3725582802651	0.053549244555123915	-0.004845775978899158	-0.02132503146588525	0.02069046987131518	0.0007819534458330917	0.010445014142302507
267.48136137020356	10.422301067025833	166.59145016654503	17.020500683983258	0.05057915393002976	-0.009561368835950153	-0.018879341809192523	0.019062776563109982	0.0037043100141714753	0.008704285234028133
267.9676081610079	10.40911863561765	167.11145910243175	16.678433194621014	0.04702280459866491	-0.015147359996515886	-0.01597368330556897	0.017119982210210122	0.007169615842825992	0.006633606213000558
268.4538549518122	10.395936204209466	167.63146803831842	16.384600959226752	0.04680771211043897	-0.015492258792433395	-0.015757460797667922	0.01704385294215415	0.007364634877028624	0.006389097157142769
268.9468141645167	10.386827760808307	168.1447069166435	16.16253404077602	0.047061698103776146	-0.0155026640737842	-0.01582747111425757	0.01714842452168065	0.0073231383477034865	0.00632569319617434
269.47181660572227	10.397167398973236	168.62562742990752	16.031598853274136	0.047554019067786564	-0.015627644348948144	-0.01598749133789916	0.017294026619207755	0.007314049550264817	0.006331294338801793
269.9968190469279	10.407507037138165	169.10654794317153	15.991334393253648	0.047946112089389904	-0.015709580546456676	-0.016107060648832185	0.017421792490980047	0.00729678758556629	0.006338346724561557
270.52182148813347	10.417846675303092	169.58746845643554	16.022547241457808	0.04823283755419106	-0.01574663708974018	-0.016184588214029596	0.01753000893219915	0.007270618222980062	0.006346238494597091
271.04682392933904	10.428186313468023	170.06838896969955	16.09023652490579	0.048409055847795035	-0.01573697840222899	-0.016218483200464366	0.017616962738066722	0.007234807231878261	0.006354357790051836
271.6368966825104	10.512391958228832	170.45660399579418	16.140466736250502	0.04837242397257847	-0.015599519540257685	-0.016186988102043463	0.01764266068912538	0.007169386123283493	0.006344751374868519
272.2306408484506	10.60076528855325	170.83958837062784	16.100878137373943	0.04823505871701208	-0.015457095114107554	-0.016115051162951317	0.017684059054900846	0.007122029373606088	0.006345654510946874
272.82438501439077	10.689138618877667	171.2225727454615	15.936238218669406	0.04812644601066487	-0.015367365340818296	-0.016045574098098175	0.01778864775627471	0.007118606023591108	0.006362209864357091
273.41812918033094	10.777511949202085	171.60555712029517	15.661807846807356	0.048041680789507914	-0.01524117376680041	-0.015973616738694994	0.017886211218746915	0.00710249931875487	0.006366617696431147
273.9977341997422	10.860524989956634	172.01043364767304	15.318732376963313	0.04795478399542601	-0.015072396526245669	-0.015890700427862094	0.017957973203061552	0.007070923329121405	0.006358099571823913
274.57212896190947	10.941562770924211	172.42337740500318	14.958856589640023	0.047850538496811784	-0.014841925197893843	-0.015791143963258102	0.017997618913899307	0.0070201853578913615	0.006332718191063954
275.1465237240768	11.022600551891788	172.83632116233332	14.6439086668562	0.047716381632725846	-0.014535276683998741	-0.0156702785786583	0.017999113103918885	0.006947425672573116	0.0062880459454255746
275.72091848624416	11.103638332859365	173.2492649196635	14.437921368166874	0.04753699621249885	-0.014140737838754466	-0.015522698206767651	0.01795344566096185	0.006849941239519152	0.006222280812477099
276.2841553631649	11.141187892431468	173.68082446717912	14.411326799688918	0.04735464923919935	-0.013873533099504645	-0.015413167366222703	0.017938473549424717	0.006797206097872755	0.0061780246325331785
276.8373332565315	11.139532235768343	174.12916639981412	14.558892614028228	0.04733009840986266	-0.01385828354346873	-0.01540485566817581	0.01805849386806687	0.006830522803781664	0.006186198445210335
277.3905111498981	11.137876579105217	174.5775083324491	14.809052851930744	0.04746530512837735	-0.013926711291365228	-0.015453781289486997	0.018268758249274684	0.006896799859128893	0.006215285409564433
277.94368904326467	11.136220922442092	175.02585026508407	15.093427879052527	0.04775994217864721	-0.014078585367126235	-0.015559828742122308	0.018569074212991574	0.0069959602718918075	0.006265227781578496
278.4765086202774	11.12165163133518	175.4957733861721	15.344489199634609	0.04819525993001837	-0.014304418239716031	-0.015711960954507175	0.01894097315303181	0.007121522739384795	0.0063302318511976405
278.9688378174515	11.081398587473952	176.00861904086477	15.50715975195713	0.04874334814074931	-0.01457785401418	-0.015895748820015865	0.01934902627821389	0.007259266234532094	0.0064019301888079685
279.46116701462563	11.041145543612728	176.52146469555748	15.531395664232704	0.04926296573337785	-0.014573116736751754	-0.016082304814260314	0.01945464979868653	0.007264704884582845	0.006430888007935222
279.95349621179963	11.000892499751501	177.03431035025014	15.408266090554466	0.04900053576467329	-0.014736727720570667	-0.01594026137899115	0.019738746035222524	0.007351140679265342	0.006343829068387229
280.39625931456015	11.044210455485025	177.54350245484733	15.156331334580468	0.04841986361023269	-0.014487439377602938	-0.01572346747375772	0.019578289148706494	0.007265211520625186	0.006223667467078015
280.57779409847524	11.527972872026943	178.03343924468638	14.753374061006472	0.048252201215169474	-0.014570211823309831	-0.015777268060478626	0.01950357750030441	0.00732830746810107	0.006278642508599861
280.75932888239026	12.01173528856886	178.52337603452543	14.370142063678909	0.047984023852363535	-0.014588798961478416	-0.0157850702033525	0.019332130337891294	0.007355222160468228	0.006297897458363517
280.94086366630535	12.495497705110777	179.0133128243645	13.992277603333623	0.047272070702429794	-0.014513743637137503	-0.015539322328281174	0.018519165471842052	0.007149507075756565	0.006166621824211055
281.1223984502204	12.97926012165272	179.50324961420355	13.617938761508041	0.046844620223806296	-0.01459033428365015	-0.015397182297544571	0.017814280335177138	0.007009313158952368	0.006092638843835537
