Q20	Q30	Q40	EHFB	M22	M23	M24	M33	M34	M44
0.0	0.0	0.0	13.618000000367113	0.118	0.0	0.0	0.126	0.0	0.61
0.304173812512697	0.0	1.6146345638018556e-07	13.628473824368392	0.11891252143753808	3.0023524960537774e-09	-0.011102344916914138	0.12607605202852018	2.9837043439043746e-09	0.5957038219220429
0.608347625025394	0.0	3.229269127603711e-07	13.641813756644925	0.11982504287507617	5.510505897833903e-09	-0.02220468965886336	0.12615210231660004	5.4762791531268595e-09	0.5814076443904674
0.9125214375380908	0.0	4.843903691405566e-07	13.658465313822129	0.12073756431261426	7.524460173668932e-09	-0.0333070342258477	0.12622815086423952	7.477724396192727e-09	0.5671114674052736
1.216695138927297	0.0	9.991026251476174e-05	13.679008036336759	0.12165008541678188	1.3990936191210384e-06	-0.04440968057038542	0.1263078646379788	1.3904035966420255e-06	0.552810334742359
1.5208681894137603	0.0	0.0007807746359533817	13.704513256029143	0.12256260456824127	9.738705035607482e-06	-0.05551367282567555	0.12640485213983715	9.67821618445464e-06	0.5384814913571077
1.8250412399002234	0.0	0.0014616390093920013	13.734620459139883	0.12347512371970067	1.5994366730640365e-05	-0.06661692728510153	0.12649450051441566	1.589502283790347e-05	0.5241549519659583
2.1292142903866864	0.0	0.002142503382830621	13.769773448292625	0.12438764287116005	2.0166078704219696e-05	-0.07771944394866341	0.12657680976171423	2.004082355698852e-05	0.5098307165689108
2.433387340994071	0.0	0.002421720306576284	13.809929682368224	0.1253001620229822	1.908804774704642e-05	-0.08882085510096702	0.12664560117112902	1.8969488444269735e-05	0.4955261420668075
2.7375603918904456	0.0	0.0017410390840597641	13.854919210875815	0.12621268117567133	1.1058469641760932e-05	-0.09992160496608872	0.12670178978456748	1.0989783494917695e-05	0.4812623695986109
3.0417334427868203	0.0	0.0010603578615432433	13.906387523672198	0.12712520032836047	5.112280683141825e-06	-0.11102309242861015	0.1267653155510877	5.0805273869732425e-06	0.4669962937560782
3.345906493683195	0.0	0.00037967663902672386	13.964778189730964	0.12803771948104958	1.2494808711920203e-06	-0.12212531748853134	0.12683617847068965	1.2417201204392747e-06	0.45272791453920935
3.650079469936891	0.0	0.0003345152711231858	14.031222049392403	0.12895023840981068	5.88926734958903e-07	-0.13322748193857495	0.12691045428733153	5.852688049281023e-07	0.4384340730245669
3.9542523525473543	0.0	0.0010866475579826148	14.106279679987441	0.12986275705764208	2.5011133348262616e-07	-0.14432826195254017	0.1269759966514769	2.485578469392558e-07	0.4241123735689192
4.258425235157818	0.0	0.0018387798448420425	14.189454654139157	0.13277671996459164	0.0	-0.15012964834662573	0.1276877511505337	1.4849597306463046e-08	0.4376315293495822
4.56259811776828	0.0	0.0025909121317014717	14.280748591326201	0.1360437845957508	0.0	-0.15499147352207085	0.12851458122169623	4.5551321518693564e-08	0.45607505709735274
4.86675559647813	0.0	0.005291019904017834	14.381952956704833	0.13930458116460015	0.0	-0.1598416878679556	0.1293165250742451	1.4331315977764136e-07	0.4744307282303832
5.170902335527795	0.0	0.009349263858059264	14.492256179738071	0.14255606936271425	0.0	-0.1646775664483362	0.1301005212254656	3.420960902145986e-07	0.49270919102968747
5.475049074577459	0.0	0.013407507812100683	14.610149385607432	0.14580053747010935	0.0	-0.1695045734855003	0.1308836687942915	6.180228747071651e-07	0.5109649735358993
5.7791958136271235	0.0	0.017465751766142113	14.735493321470813	0.14903798548678537	0.0	-0.1743227089794481	0.13166596778072276	9.710935132553406e-07	0.5291980757490188
6.080457521915466	0.0	0.05445669546820285	14.898782372376507	0.15204273615449126	0.0	-0.1787780607092655	0.13200841147701228	3.540463803296344e-06	0.5454681421045424
6.380677128168362	0.0	0.10334326049267775	15.08033981915716	0.1548926400268387	0.0	-0.18301290613384483	0.13218341749440807	7.688341768914474e-06	0.5608004205691697
6.680896734421256	0.0	0.15222982551715283	15.268987460194797	0.15765907013777689	0.0	-0.187142262739061	0.13234833327690823	1.2753513815951624e-05	0.5758630145738598
6.981116340674151	0.0	0.20111639054162792	15.46453844467456	0.160342026487306	0.0	-0.19116613052491394	0.1325031588245128	1.8735979944407883e-05	0.5906559241186127
7.284211588377141	0.0	0.22563009994819402	15.643456114712416	0.16319800751276592	0.0	-0.19546129917264063	0.1329846847912313	2.3156780904267265e-05	0.606923521959844
7.587564925757065	0.0	0.24795633830124209	15.826460977782968	0.16603663823066372	0.0	-0.19973926635976696	0.1334915577941511	2.7798733200271578e-05	0.623217248007469
7.8909182631369905	0.0	0.27028257665429023	16.015304186972138	0.16883674899597942	0.0	-0.20396855448593787	0.1339937745390664	3.286398167849695e-05	0.6393865249775211
8.193287130998236	0.0	0.2807061017076347	16.197125232983094	0.17087004881031706	0.0	-0.2083064663035539	0.13577221003847814	3.508826271345434e-05	0.6614638464679119
8.488850155748272	0.0	0.2088436871980648	16.29999381527049	0.17325050747229423	0.0	-0.21384873402688526	0.13929417365084015	2.610546089975807e-05	0.6920816969596411
8.784413180498309	0.0	0.1369812726884947	16.41204152072666	0.17555529908814	0.0	-0.2193777268298427	0.14286259948451094	1.712265908606181e-05	0.7230885026183265
9.079976205248345	0.0	0.06511885817892454	16.53331134443949	0.17778442365785435	0.0	-0.22489344471242625	0.14647748753949041	8.139857272365547e-06	0.754484263443968
9.376637915975062	0.0	0.018135731024975052	16.68539142502634	0.1797213669236189	0.0	-0.23001850561115225	0.1497689085343227	2.2669663781218485e-06	0.7842792082867781
9.677385022376804	0.0	0.06366469114394543	16.92405713605137	0.18085295929276565	0.0	-0.2337402497862747	0.15168492766199687	7.958086392993224e-06	0.8066766287064935
9.978132128778546	0.0	0.10919365126291579	17.16677234336803	0.18203333191639715	0.0	-0.2374705519007805	0.15357099400182955	1.3649206407864488e-05	0.8288233015022786
10.278879235180288	0.0	0.15472261138188617	17.413236523299354	0.1832624847945134	0.0	-0.24120941195466958	0.15542710755382075	1.9340326422735753e-05	0.8507192266741336
10.579664731458251	0.0	0.18323372173394817	17.649047867224873	0.18465600411836577	0.0	-0.24522021980132347	0.15753560725969973	2.2904215216743572e-05	0.8739821868905341
10.880614189749933	0.0	0.13906210446133543	17.829738821760806	0.1865347802438759	0.0	-0.25035448268611726	0.16085513117716	1.738276305766695e-05	0.904197870472975
11.181563648041617	0.0	0.09489048718872244	18.01682053299436	0.1883661985453527	0.0	-0.2554804371807298	0.1642037344602548	1.1861310898590327e-05	0.9346569898877277
11.482513106333299	0.0	0.05071886991610944	18.210026156647245	0.19015025902279614	0.0	-0.26059808328516104	0.16758141710898408	6.339858739513704e-06	0.9653595451347919
11.783778379237079	0.0	0.014485520067309157	18.414892967130545	0.1918517494137208	0.0	-0.2655924695169165	0.17084893648247726	1.8106900084136069e-06	0.995492605432342
12.08728576344166	0.0	0.0346095343743249	18.6653514909635	0.19193933547866346	-1.98247850733405e-06	-0.26611232672687496	0.1728765636304825	2.1035653501463316e-05	1.0128824058178603
12.390793147646239	0.0	0.054733548681340644	18.91860210916215	0.18868477544184697	-1.4036856599738354e-05	-0.2576007362011614	0.17432575902140185	0.00012515234206867656	1.012865928400152
12.694300531850818	0.0	0.07485756298835625	19.174242571413345	0.18544204924223065	-3.410770505354083e-05	-0.24912960976393875	0.17587115205665804	0.00029683642368196004	1.012869301290005
12.997772191596605	0.0	0.09546886672677124	19.432145001094824	0.18220992872939312	-6.251186837648488e-05	-0.24069421087561033	0.1775075162648764	0.0005388193560855047	1.0128404926361483
13.300969385324919	0.0	0.11982394697320208	19.693832704146157	0.1789815854883856	-0.00010230103185811208	-0.232267601682296	0.1792111349626951	0.0008772295476043092	1.0124340942583319
13.604166579053235	0.0	0.1441790272196329	19.956547581131144	0.17576754950684664	-0.0001517822098184057	-0.22388991408587394	0.18103105783425782	0.001297329575443302	1.0120516951544622
13.907363772781551	0.0	0.16853410746606373	20.21984025596269	0.1725678207847762	-0.00021095540225736558	-0.2155611480863442	0.1829672848795645	0.001799119439602482	1.0116932953245399
14.21057937472615	0.0	0.19265151894805077	20.483111561319014	0.16938271060057067	-0.00027947815500689723	-0.2072826385130979	0.18502011564014317	0.002379683032069497	1.0113838141622935
14.513910760514442	0.0	0.21527404343775808	20.745168303203858	0.16621329019754996	-0.0003551492006065722	-0.19905947899414353	0.18718645755279892	0.003020309660542257	1.0112541049559218
14.817242146302739	0.0	0.23789656792746552	21.006408314933484	0.16305716515532975	-0.00043982678094208047	-0.1908817810314746	0.18946087788228472	0.003736848510359897	1.011146697645086
15.120573532091036	0.0	0.26051909241717297	21.266336972336152	0.15991433547390999	-0.0005335108960134244	-0.18274954462509133	0.19184337662860057	0.004529299581522438	1.0110615922297872
15.42392023201015	0.0	0.282931097158635	21.524330224595342	0.15678484098667594	-0.0006357313645109972	-0.17466313696501842	0.1943322115141875	0.005393673602308948	1.0110204414683008
15.727332209324032	0.0	0.3044457489339837	21.779495331463682	0.15366842623868435	-0.0007446931051831785	-0.16662243816426353	0.19691856521405188	0.006314754748017823	1.0110932422737542
16.030744186637918	0.0	0.3259604007093324	22.031814061445274	0.15103285477472284	-0.0009016818002122732	-0.15882898393490655	0.19935853031669987	0.007318071102212633	1.012924188665743
16.334156163951803	0.0	0.3474750524846811	22.280818169278653	0.15257288094546853	-0.0014455066002492614	-0.15291857196392933	0.19967228792575492	0.008489669433312634	1.0301644238234762
16.63756047476725	0.0	0.3690968126529569	22.526306005345134	0.1541448169645968	-0.0020498874535010234	-0.14710736927249796	0.20005637711871863	0.009749347883841124	1.047384287562964
16.940943586920007	0.0	0.3910147386278748	22.768170004137975	0.15574919156851338	-0.0027165591005655423	-0.14139738155110326	0.20051476560822912	0.01110307379187484	1.0645635593988514
17.24432669907277	0.0	0.41293266460279265	23.006068299633966	0.15738598262432674	-0.003444323291589327	-0.13578796794969586	0.20104297414797873	0.012543659167170387	1.0817336881329216
17.547709811225527	0.0	0.43485059057771047	23.239838078124443	0.1590551901320368	-0.00423318002657235	-0.13027912846827583	0.20164100273796748	0.014071104009727692	1.0988946737651748
17.850947501015924	0.0	0.4585696028943367	23.4702051383386	0.16076348466324772	-0.005102866279357422	-0.12489561939276057	0.20235034867965937	0.015746821990914612	1.1158523415177528
18.153917058969476	0.0	0.48560948403246496	23.697724069443833	0.16252157766376688	-0.00607961536724988	-0.11967409990250484	0.20321697539192582	0.01763625393521836	1.132441410340735
18.45688661692303	0.0	0.5126493651705929	23.92067705681029	0.16431960793585934	-0.007131630851568818	-0.11457648835738656	0.20416962084296536	0.019632697286686283	1.1490192148050684
18.75985617487658	0.0	0.5396892463087212	24.139002801232213	0.166157575479525	-0.008258912732314237	-0.10960278475740576	0.20520828503277808	0.021736152045318386	1.165585754910753
19.062571505423897	0.0	0.5692973728365465	24.353811892638355	0.16805225754413247	-0.00950367263768962	-0.10481248043893461	0.20640830026604692	0.024054191784420503	1.1818590322375693
19.364962560304484	0.0	0.602181383339272	24.565396037256278	0.1700144225230738	-0.010889123568421996	-0.10024103468641578	0.20780366002123726	0.026632923972262672	1.197759613269548
19.667353615185064	0.0	0.6350653938419976	24.772337639213383	0.17202506367631015	-0.01236593344301806	-0.09581998937209449	0.20930342999798607	0.02934154744763892	1.2136465215344179
19.969744670065648	0.0	0.6679494043447232	24.974726743282172	0.17408418100384151	-0.01393410226147788	-0.09154934449597059	0.2109076101962935	0.032180062210549365	1.2295197570321788
20.271324748507897	0.0	0.7071256364600885	25.175443159083876	0.16977355652428225	-0.013194839953431186	-0.08553372345628008	0.21152908496938125	0.029998258876126588	1.1857698984035765
20.572171672383647	0.0	0.7519902841577486	25.374645266824373	0.16482290966222873	-0.012080738447726143	-0.079485607976252	0.21218579565886947	0.026938535870226096	1.1354132690611758
20.873018596259392	0.0	0.7968549318554089	25.570241041044405	0.15988576019142595	-0.010733806942948083	-0.07345098988747459	0.21281888591366907	0.0232866148232051	1.0855214561299684
21.173865520135145	0.0	0.841719579553069	25.762521735619835	0.1549621081118736	-0.00915404543909696	-0.06742986918994763	0.2134283557337802	0.019042495735063485	1.0360944596099533
21.47407766289083	0.0	0.8905470513145779	25.953567020879426	0.15010332901636456	-0.007379144251277154	-0.06155353656396546	0.21414723657085016	0.0142820782229842	0.986915599741217
21.773885629277487	0.0	0.9418977232637746	26.143053038863574	0.14529228783905715	-0.005369039731948179	-0.055775825206173184	0.21492452509021448	0.00891071415807733	0.9381162397443068
22.073693595664146	0.0	0.9932483952129716	26.32998007931955	0.14049664200227935	-0.0030933655884822454	-0.050013509188910475	0.2156748717636518	0.0028638795274307967	0.8898470567868868
22.3735015620508	0.0	1.0445990671621683	26.51441636627895	0.1357163915060313	-0.0005521218208794157	-0.04426658851217756	0.21639827659116226	-0.0038584256689552336	0.842108050868958
22.67261235527501	0.0	1.099806154920486	26.698381210022998	0.13100518497763464	0.0022560120898337324	-0.03866699738120136	0.21722052269773096	-0.011278988932899338	0.794777367147279
22.971422677695266	0.0	1.1566752979915744	26.88081925430505	0.12633385265632346	0.005353695438622491	-0.033141020325393095	0.2180676625338617	-0.019444388404964756	0.7479710794806025
23.270233000115518	0.0	1.2135444410626628	27.06073174325523	0.1216795134219892	0.008744509537761628	-0.027632036356561755	0.21888506446778297	-0.02835535956813874	0.7017499912466914
23.569043322535773	0.0	1.2704135841337514	27.237876265105434	0.11704216727463171	0.01242845438725122	-0.022140045474707194	0.21967272849949482	-0.03801190242242151	0.6561141024455442
23.867005453473517	0.0	1.3315308551147693	27.41441105896174	0.1124847707799078	0.016448296842039557	-0.0168147629363999	0.22056520343083236	-0.04854419578677122	0.6110249293515133
24.16474358483072	0.0	1.3937700176610117	27.588240051510695	0.11066267048925485	0.018040945730079364	-0.019139299297021586	0.2229392078265006	-0.052619425046064816	0.5935812390791042
24.462481716187924	0.0	1.4560091802072543	27.758406108674265	0.11090767554838471	0.017383474450287206	-0.02731344035938324	0.226659362613466	-0.050701800480004354	0.5981888245685316
24.760219847545123	0.0	1.518248342753497	27.924750097706333	0.11100211646039031	0.016600919109807218	-0.035122752911405264	0.23058567446341702	-0.04841934740360439	0.6029168613756586
25.057800014482343	0.0	1.5812378654889159	28.087611588173925	0.11095160744723676	0.01570157333417743	-0.04257912001954712	0.2347446925577765	-0.045796255558017494	0.607737824172494
25.355360707051155	0.0	1.644319895073422	28.24647680867053	0.1107493852747951	0.014676636390824341	-0.04966766234820649	0.23911566174632956	-0.042806856139904335	0.6126773177962987
25.652921399619974	0.0	1.7074019246579288	28.40119585440048	0.11039465090150744	0.013524997003691495	-0.05638665588250847	0.24369545533296416	-0.03944790792743353	0.6177388211807807
25.950482092188793	0.0	1.7704839542424358	28.55170104169934	0.10988740432737379	0.012246655172778911	-0.06273610062245288	0.24848407331768013	-0.03571941092060516	0.6229223343259391
26.247975093332037	0.0	1.8338844446357079	28.69815727543727	0.10922855934564046	0.010843912877465379	-0.06871746436641912	0.2534947922336005	-0.031628079225940686	0.6282173363122358
26.545467898288514	0.0	1.897285858008483	28.840344622478305	0.10841646868005547	0.009313863254763384	-0.07432749986704898	0.2587153819601082	-0.027165434493059873	0.6336349064720657
26.842960703244987	0.0	1.9606872713812578	28.978275137073343	0.10745112861701293	0.00765649874801973	-0.07956620028922384	0.2641458054769808	-0.022331454681724212	0.6391750761498615
27.140464371994575	0.0	2.0240375172551133	29.111958195454875	0.10633256948376484	0.005871596709938898	-0.08443375873715538	0.26978368702303157	-0.017125490403988454	0.6448393937718497
27.438053989090466	0.0	2.08698295406555	29.241240628038852	0.10506158626744797	0.003958104642322489	-0.088932928266093	0.27561180512285843	-0.011544471873440593	0.6506380929015816
27.73564360618636	0.0	2.149928390875987	29.36649199702629	0.10363840629506943	0.0019181721927471814	-0.09306331334765065	0.28164831570406196	-0.0055946688955126125	0.6565585494361628
28.03323322328225	0.0	2.212873827686424	29.487852300027193	0.10224176131561603	0.0	-0.09655077148146718	0.2874017685744235	0.0	0.6614009995863943
28.331139697050634	0.0	2.274233094661256	29.604430518433535	0.10220853648993865	0.0	-0.09768867597648563	0.28923686339242366	0.0	0.6568003500473335
28.630073336645076	0.0	2.330450417057082	29.71399034245473	0.1022033813862156	0.0	-0.09884359848817541	0.2907678063101589	0.0	0.6523269414315949
28.929006976239513	0.0	2.386667739452908	29.819708011791516	0.10220032693859156	0.0	-0.09996386017423159	0.2922724910266566	0.0	0.6478776903609946
29.227940615833955	0.0	2.442885061848734	29.921502422917342	0.10219937314706654	0.0	-0.10104946103465419	0.2937509175419168	0.0	0.643452596835533
29.527351092419536	0.0	2.4963810989995423	30.017681754216643	0.10221395861160767	0.0	-0.10213142451212504	0.29505940323314483	0.0	0.6391041181160474
29.82758924901675	0.0	2.5451536070511485	30.107104908649102	0.10225378656297214	0.0	-0.10323562112992021	0.2960945368702429	0.0	0.6348687289271179
30.12782740561396	0.0	2.5939261151027546	30.19257872426169	0.10229544493532539	0.0	-0.10430961580140093	0.29710679024498154	0.0	0.6306543895795589
30.428065562211167	0.0	2.6426986231543603	30.27405643698933	0.10233893372866737	0.0	-0.10535340852656715	0.29809616335736067	0.0	0.6264611000733706
30.72892519373652	0.0	2.6872759519211544	30.349198900626167	0.10240455957016925	0.0	-0.10641928445863072	0.29884556010857066	0.0	0.6223674084635965
31.03040859236873	0.0	2.7276426283722337	30.418141459979815	0.10249216560958258	0.0	-0.10751126026490548	0.29935707662241057	0.0	0.6183709393682462
31.331891991000944	0.0	2.768009304823313	30.483225076999055	0.10258129288434686	0.0	-0.10857813568788885	0.2998495776943631	0.0	0.6143919644794323
31.633375389633155	0.0	2.808375981274392	30.544429695198133	0.10267194139446217	0.0	-0.1096199107275808	0.3003230633244282	0.0	0.6104304837971548
31.935595074498114	0.0	2.842461888921261	30.598662571082627	0.10279386828547539	0.0	-0.1107215454782751	0.3004593315242859	0.0	0.6066007819533443
32.2382404594387	0.0	2.872916431976445	30.647482810827256	0.10069429392838185	0.0	-0.10688070562940737	0.29967507990859205	0.0	0.5920401844662295
32.54088584437928	0.0	2.903370975031628	30.692763842024316	0.09801813679876689	0.0	-0.10174072005277485	0.29865260749559336	0.0	0.5746598051559827
32.843531229319865	0.0	2.933825518086812	30.73456415420473	0.0953742389133234	0.0	-0.09665315574792094	0.2975834743901325	0.0	0.5573929092582675
33.14668030466145	0.0	2.9585704368371917	30.770541729664338	0.09277336290397935	0.0	-0.09166577685107322	0.29619448871095255	0.0	0.5402819856007046
33.44998323573696	0.0	2.9815713111584845	30.80268495240747	0.09020110873377768	0.0	-0.08673415610904643	0.2946854103908104	0.0	0.5232731629638507
33.75328616681246	0.0	3.004572185479778	30.831845316797708	0.08765327137767238	0.0	-0.08184221268992628	0.29314101489313626	0.0	0.5063502351908717
34.056589097887965	0.0	3.02757305980107	30.85811367636788	0.08512985083566335	0.0	-0.07698994659371251	0.29156130221792986	0.0	0.4895132022817669
34.36015446602197	0.0	3.046757409794841	30.880251053741507	0.08263059337672474	0.0	-0.0721973354816638	0.28977595768882514	0.0	0.4727661959076017
34.66375096859498	0.0	3.0654889832463805	30.899683515362725	0.08015144906104787	0.0	-0.06743982720898375	0.28794127197136393	0.0	0.45609054075546207
34.96734747116798	0.0	3.08422055669792	30.916684001797126	0.07769220868602764	0.0	-0.0627146628398708	0.28607779662545324	0.0	0.4394849048231326
35.27094223563037	0.0	3.102979107341325	30.93137240185148	0.07525291592987875	0.0	-0.05802176898324024	0.2841866725409049	0.0	0.42294940320895535
35.57443238064633	0.0	3.12336145501601	30.94431492757948	0.07283704369405126	0.0	-0.05335824373789683	0.28233414693193476	0.0	0.40649397093438955
35.87792252566227	0.0	3.143743802690694	30.955126633972654	0.07044282190400435	0.0	-0.048729900466946856	0.28045030549960376	0.0	0.39011470183515917
36.18141267067823	0.0	3.164126150365379	30.96393745641366	0.06947790695071308	0.0	-0.04697438287478999	0.2777425047938503	0.0	0.38301906072578407
36.48485744246427	0.0	3.1851161350246455	30.970987198675758	0.0694670027803745	0.0	-0.04713731396273818	0.27447119168134215	0.0	0.3821001809598761
36.7880090102845	0.0	3.210032698725618	30.97706332670018	0.06946696703150955	0.0	-0.047298126243535146	0.27128473189358004	0.0	0.38114404112764855
37.09116057810475	0.0	3.23494926242659	30.981251907411746	0.06946834756302286	0.0	-0.04746318736546686	0.26802604180652717	0.0	0.3801317221737505
37.394312145924985	0.0	3.259865826127563	30.983624286437536	0.06947114437491442	0.0	-0.0476324973285333	0.26469512142018387	0.0	0.37906322409818216
37.69735349605749	0.0	3.2860022487947917	30.98448370356792	0.06947846991208181	0.0	-0.04780458192936288	0.2613322510084234	0.0	0.3779376608601517
38.00006161239554	0.0	3.315826811182318	30.984312547860824	0.06949679455021002	0.0	-0.04797697606827919	0.25801013124524824	0.0	0.3767463928300279
38.30276972873359	0.0	3.3456513735698445	30.982442390367552	0.06951681196404463	0.0	-0.04815444853431477	0.25460167992104554	0.0	0.375487978030216
38.60547784507163	0.0	3.3754759359573705	30.978946790561594	0.06953852215358569	0.0	-0.04833699932746962	0.2511068970358151	0.0	0.3741624164607159
38.90798773241952	0.0	3.407151494028567	30.974191869631532	0.06956686168965151	0.0	-0.04852299416172899	0.24757673572140837	0.0	0.3727602343533265
39.21014667454404	0.0	3.4421040606400033	30.9684296157113	0.06960582932896968	0.0	-0.048711760799489065	0.2440404744651659	0.0	0.37126637400385726
39.512305616668556	0.0	3.4770566272514394	30.96119088535311	0.06964677719901631	0.0	-0.04890646812943454	0.24040322144177148	0.0	0.36969396450215863
39.81446455879307	0.0	3.512009193862876	30.952548433875695	0.06968970529979143	0.0	-0.04910711615156544	0.23666497665122505	0.0	0.3680430058482307
40.11631812802903	0.0	3.549416187186393	30.94291379114889	0.07001278322802289	0.0	-0.049708812644705835	0.23355760089709335	0.0	0.36953123775399704
40.41782986682871	0.0	3.5895706338210154	30.93231023278524	0.07077928213448244	0.0	-0.05096882365831473	0.23149839398557964	0.0	0.37613677001436896
40.71934160562838	0.0	3.6297250804556365	30.920278738730463	0.07155032117982642	0.0	-0.05226742585244187	0.22935292443526045	0.0	0.38275365262195177
41.020853344428055	0.0	3.669879527090259	30.90674488560911	0.07232590036405495	0.0	-0.05360461922708732	0.22712119224613567	0.0	0.389381885576746
41.32213526196213	0.0	3.7116992433019154	30.891849045367263	0.0731105073966549	0.0	-0.05498206595477299	0.2248321987918945	0.0	0.3960011318769835
41.62325243651382	0.0	3.75471267618681	30.875441502437535	0.07390312223304	0.0	-0.056401426616558	0.22247296779319087	0.0	0.402617777173638
41.924369611065515	0.0	3.7977261090717054	30.857278570273177	0.0747005941006919	0.0	-0.05786207204411059	0.22002145320041847	0.0	0.4092465650484595
42.22548678561719	0.0	3.8407395419566	30.83727072851917	0.07550292299961053	0.0	-0.05936400223743072	0.21747765501357752	0.0	0.4158874955014476
42.52640351122369	0.0	3.8851240621828205	30.81550629319661	0.07631408226388298	0.0	-0.060911112223452885	0.21485980500692148	0.0	0.4225243209579114
42.82723182981459	0.0	3.930113293697768	30.79178886076256	0.07713203581465072	0.0	-0.0625027959626389	0.21215420055818682	0.0	0.42916658516982265
43.128060148405496	0.0	3.9751025252127157	30.765937802497813	0.0779550646284952	0.0	-0.0641376194379773	0.2093521661109939	0.0	0.43582153753942576
43.428888466996405	0.0	4.0200917567276635	30.7378482082018	0.07878316870541646	0.0	-0.06581558264946816	0.2064537016653426	0.0	0.44248917806672083
43.72954409270431	0.0	4.066217519213449	30.707572009244398	0.07961987760347469	0.0	-0.06754201303727736	0.20346922937992448	0.0	0.44915651258716627
44.03015829594116	0.0	4.11261589236176	30.674881559033828	0.08048011778272617	0.0	-0.0692893665874491	0.20051128804528554	0.0	0.45571775872392006
44.33077249917801	0.0	4.159014265510072	30.63967363901664	0.08149601515123285	0.0	-0.07083341723812725	0.19858643663697137	0.0	0.46122149998205103
44.63138670241486	0.0	4.205412638658382	30.602026824820456	0.08250581026537523	0.0	-0.07237398088631154	0.1966136389443665	0.0	0.4666833972102557
44.931882857429144	0.0	4.25256895346191	30.562161509835164	0.08351166852890204	0.0	-0.07391492416090635	0.19459749979792137	0.0	0.47209423002782086
45.23236877784707	0.0	4.2997909806222605	30.520075717369757	0.08451151081502596	0.0	-0.07545265768645595	0.19253301641182347	0.0	0.4774617236960586
45.532854698264984	0.0	4.34701300778261	30.47585615289228	0.08550514517114564	0.0	-0.07698684382343168	0.19041975643283565	0.0	0.4827866487014102
45.83333348463512	0.0	4.394279804199843	30.429603645044192	0.08649269044016653	0.0	-0.07851770536345397	0.18825792545538245	0.0	0.48806839828796245
46.13361400526075	0.0	4.4427908045124616	30.381615316357014	0.08747724518612579	0.0	-0.08005116241613036	0.18605236055419297	0.0	0.49329013087606555
46.4338945258864	0.0	4.491301804825081	30.33177419769495	0.08845542690964703	0.0	-0.08158097774169933	0.18379672190527543	0.0	0.4984681627388793
46.734175046512036	0.0	4.539812805137701	30.280163308706506	0.08942723561073011	0.0	-0.08310715134016075	0.18149100950863012	0.0	0.5036024938764028
47.0344127894817	0.0	4.588583817027976	30.22691057420805	0.09039329125952962	0.0	-0.08463093349757761	0.1791359054226891	0.0	0.5086891186171892
47.334407605865245	0.0	4.638831387730813	30.172329107591967	0.09135636704683275	0.0	-0.08615810119808143	0.17673359879420014	0.0	0.5137084206037521
47.6344024222488	0.0	4.689078958433651	30.11622091351048	0.0923128479544342	0.0	-0.0876815003958986	0.17427947525376927	0.0	0.518682500558075
47.93439723863234	0.0	4.7393265291364886	30.0586532578222	0.09326273398233395	0.0	-0.08920113109102905	0.17177353480139665	0.0	0.5236113584801576
48.23421420880336	0.0	4.790595526371116	29.999892325049828	0.09335439292120644	0.0	-0.0894229965584311	0.1696123843874263	0.0	0.5215714115763853
48.53353772587049	0.0	4.844698579418974	29.940305891249626	0.0931933319094136	0.0	-0.08927765154982488	0.16753878573663974	0.0	0.517470120775818
48.832861242937625	0.0	4.8988016324668315	29.879234261831748	0.09300899156819488	0.0	-0.08911105150130803	0.16544291990118493	0.0	0.513269639789001
49.132184760004755	0.0	4.952904685514689	29.816600390188327	0.09280137189755029	0.0	-0.08892319641288061	0.16332478688106195	0.0	0.5089699686159347
49.43137183859962	0.0	5.007748776851504	29.752506002830525	0.09257180566069552	0.0	-0.08871758282896038	0.16118432675397978	0.0	0.5045592500802667
49.73033641960069	0.0	5.063801319393109	29.687009016752416	0.09232057462412543	0.0	-0.08849590592804146	0.15902096714348474	0.0	0.500027623907858
50.02930100060179	0.0	5.119853861934715	29.619763678702274	0.09204525435801877	0.0	-0.08825223451319783	0.15683456566125886	0.0	0.49539335667046724
50.328265581602864	0.0	5.175906404476319	29.55070621025326	0.09174584486237558	0.0	-0.08798656858442958	0.15462512230730258	0.0	0.49065644836809497
50.62719140136882	0.0	5.232164894763132	29.47983109870177	0.0914225467175657	0.0	-0.0876997252910168	0.15239246295700293	0.0	0.4858128859220644
50.92607771010152	0.0	5.288633316652527	29.407086976118777	0.09107523493492242	0.0	-0.08739160277718806	0.1501364609763794	0.0	0.48086204261058946
51.224964018834214	0.0	5.345101738541924	29.33236562513162	0.09070366154739759	0.0	-0.08706132836325009	0.14785725224326046	0.0	0.4758078237652712
51.52385032756691	0.0	5.40157016043132	29.25561670219725	0.09030782655499119	0.0	-0.08670890204920287	0.14555483675764613	0.0	0.47065022938610984
51.82285259121438	0.0	5.457419068615791	29.176607349392604	0.08988764095692069	0.0	-0.08633233574144086	0.14323023409840585	0.0	0.46540352735094737
52.121928999295356	0.0	5.512871844451762	29.095349428089303	0.08896523657933968	0.0	-0.08587452838944928	0.14106297463351658	0.0	0.45943415190267534
52.42100540737634	0.0	5.568324620287734	29.0120279346202	0.08732344100433168	0.0	-0.08532436346759059	0.1391411047432516	0.0	0.45245902366992163
52.72008181545731	0.0	5.623777396123705	28.92684665566658	0.08565676850380101	0.0	-0.08477212546860502	0.1372067963902253	0.0	0.44539786273640225
53.01918752134026	0.0	5.67907183571155	28.839957580102443	0.08396521827858269	0.0	-0.08421732005879176	0.13526043262796844	0.0	0.43825465564665667
53.31830438813458	0.0	5.73430595757188	28.751587467073612	0.08224887249535887	0.0	-0.08366026006288019	0.13330181716204323	0.0	0.4310272169673997
53.61742125492891	0.0	5.789540079432212	28.661945679199178	0.08050774452592846	0.0	-0.08310113488478474	0.13133081060301477	0.0	0.4237140732275117
53.916538121723235	0.0	5.844774201292542	28.571214367781124	0.0787418343702916	0.0	-0.08253994452450542	0.12934741295088306	0.0	0.416315224426993
54.21644269166575	0.0	5.895517921549936	28.477916047421576	0.07695525894692748	0.0	-0.08196309655025559	0.12736469229735847	0.0	0.40895803072001635
54.51650007105796	0.0	5.945390532177548	28.38346621542157	0.07514684550561405	0.0	-0.08138172534032907	0.12537318843421824	0.0	0.40154725891585663
54.816557450450176	0.0	5.99526314280516	28.288339579073572	0.07331598509702808	0.0	-0.08079848354979652	0.12337046108744176	0.0	0.39405885801654605
55.11661482984239	0.0	6.045135753432774	28.19269118124847	0.07146267772116954	0.0	-0.08021337117865791	0.12135651025702898	0.0	0.38649282802208457
55.4183313929159	0.0	6.083630728006938	28.092277641080603	0.06960927865151292	0.0	-0.07959358009740891	0.11937146153887346	0.0	0.37921299832085353
55.72013531457414	0.0	6.121526652461256	27.99126349391059	0.06773976858447107	0.0	-0.07897062094768718	0.11737988147680758	0.0	0.3718925370042415
56.021939236232356	0.0	6.159422576915574	27.890020864584795	0.06598022722348774	0.0	-0.07841879657535905	0.11535909592813898	0.0	0.36487377923668574
56.323856682653066	0.0	6.196086832895396	27.788211137713077	0.06584208071751253	0.0	-0.07878787921929949	0.11307610161928734	0.0	0.3624759050602425
56.6275027992787	0.0	6.213996162215978	27.67927194013742	0.06576803812002117	0.0	-0.07911068523072386	0.11086774815480019	0.0	0.36075284440306515
56.931148915904316	0.0	6.231905491536558	27.570332779919564	0.06569739433396705	0.0	-0.07943247159871701	0.1086593946903132	0.0	0.359028424221313
57.23479503252994	0.0	6.249814820857139	27.461480271271093	0.06563014935935017	0.0	-0.07975323832327903	0.10645104122582616	0.0	0.3573026445149859
57.53852662417882	0.0	6.265401888174751	27.35198660999609	0.06557273049511726	0.0	-0.08006759269269226	0.10425282989794002	0.0	0.35566012214913456
57.84266771708303	0.0	6.269863258543454	27.238916630225038	0.06554800729339366	0.0	-0.0803555402266354	0.10210320840965531	0.0	0.3544222284213731
58.14680880998724	0.0	6.274324628912157	27.126307910483913	0.06552413214545742	0.0	-0.08064323334444233	0.09995358692137057	0.0	0.3531839954720968
58.450949902891445	0.0	6.278785999280859	27.014262078899115	0.06550110505130856	0.0	-0.08093067204611304	0.09780396543308592	0.0	0.3519454233013055
58.75508236297175	0.0	6.280230340809632	26.901946856571374	0.06548613411872667	0.0	-0.08121108516079126	0.09566835813295321	0.0	0.35081732587395675
59.059192944639165	0.0	6.274028539745341	26.78815213080291	0.0654889788075661	0.0	-0.08147447353101706	0.09356826739120364	0.0	0.3499702482885988
59.36330352630658	0.0	6.267826738681052	26.67542643942408	0.06549064472557486	0.0	-0.08173821553249207	0.09146817664945407	0.0	0.34912364221157305
59.667414107974	0.0	6.2616249376167605	26.563889228491043	0.065491131872753	0.0	-0.08200231116521625	0.08936808590770451	0.0	0.34827750764287957
59.97140049590896	0.0	6.251896361309976	26.452767970783263	0.06549753093069899	0.0	-0.08225914311810607	0.08728517585757864	0.0	0.3475623204548902
60.275194025126424	0.0	6.2366911048462566	26.34179974016834	0.06842511399174382	0.0	-0.08606803163818863	0.08931330026688829	0.0	0.36862463918217864
60.57898755434391	0.0	6.221485848382537	26.2322048330792	0.07163543833344682	0.0	-0.09022910591337108	0.0917438815944161	0.0	0.3918248134547865
60.88278108356138	0.0	6.2062805919188175	26.12364328198879	0.0748249760117927	0.0	-0.09437112574714276	0.09415136662932495	0.0	0.41491556904111143
61.18665312412912	0.0	6.192853045652823	26.016107936304714	0.0779957369055095	0.0	-0.09850330069980284	0.09653341398659618	0.0	0.43786217296776764
61.49060431485144	0.0	6.181217673848518	25.909171106305866	0.08115138645559072	0.0	-0.10262905070160834	0.09889405915753838	0.0	0.46068355102358305
61.79455550557374	0.0	6.16958230204421	25.80212135946677	0.0842911213726569	0.0	-0.10674021228981666	0.10123702140290841	0.0	0.48342115621949977
62.098506696296056	0.0	6.157946930239904	25.694612085021536	0.0874149416567084	0.0	-0.11083678546442823	0.10356230072270647	0.0	0.5060749885555198
62.40259082973773	0.0	6.152785013808761	25.58711118931394	0.09054626798423093	0.0	-0.11496642274035099	0.10587985250947876	0.0	0.5286003565307851
62.706763445030234	0.0	6.15193159441613	25.47868819532736	0.09368906775476923	0.0	-0.11912400416760456	0.10819945856707144	0.0	0.5510743211434017
63.01093606032271	0.0	6.151078175023498	25.36835744697405	0.09683069938466864	0.0	-0.12328051479927234	0.11051776669062098	0.0	0.5735421367934881
63.315108675615214	0.0	6.150224755630869	25.255750096232575	0.09997116287392954	0.0	-0.12743595463535495	0.11283477688012772	0.0	0.5960038034810474
63.61903749411229	0.0	6.160164618461026	25.141285650274586	0.10317423966294231	0.0	-0.1316904874268279	0.11519636487053347	0.0	0.6185059512020918
63.92286134977923	0.0	6.17475135717142	25.023694903983742	0.10642154280940525	0.0	-0.13600351321107929	0.1175963331211547	0.0	0.6411164305260648
64.22668520544619	0.0	6.189338095881814	24.902208808670718	0.10649231679057966	0.0	-0.1337697652050724	0.11663378261305152	0.0	0.6229979506970755
64.53050906111314	0.0	6.203924834592207	24.77687684483009	0.10547330107823595	0.0	-0.12927844179826295	0.11451888843751701	0.0	0.590833228311364
64.8334167863167	0.0	6.230919756399253	24.64837793145029	0.1045331223802843	0.0	-0.12486564780514095	0.11246890116258153	0.0	0.5584888114957625
65.1360884254471	0.0	6.261112256869554	24.51625039956568	0.10360433685609831	0.0	-0.1204228398579923	0.11042906545627558	0.0	0.5257792055665444
65.43876006457751	0.0	6.291304757339856	24.380583876000596	0.10266469946575416	0.0	-0.11591891876984801	0.1083812336380636	0.0	0.4926817882098867
65.74143170370792	0.0	6.321497257810156	24.241625427783585	0.10171421020925198	0.0	-0.1113538845407083	0.10632540570794566	0.0	0.4591965594257908
66.04296024098396	0.0	6.36137916233217	24.0996779308788	0.10081325259185954	0.0	-0.10678006564735411	0.10431332235402765	0.0	0.425130143734201
66.34434848178594	0.0	6.402450277788414	23.954708270286805	0.09990521703263072	0.0	-0.10213107325177034	0.10229691319263207	0.0	0.39052220340378957
66.64573672258794	0.0	6.443521393244656	23.806947527980718	0.0989824821813101	0.0	-0.0973993006323014	0.10026967297390563	0.0	0.35538895679283566
66.94712496338992	0.0	6.4845925087009	23.656651278393948	0.09804504803789785	0.0	-0.09258474778894774	0.09823160169784856	0.0	0.31973040390134233
67.2474131486746	0.0	6.533049031638267	23.503954643945303	0.09713463455899035	0.0	-0.08770179671121542	0.0962199940457734	0.0	0.28323946160644387
67.54768792948998	0.0	6.581595547731743	23.349114551796287	0.09620743462949767	0.0	-0.0827216237412367	0.0941960972882088	0.0	0.24612671519317456
67.84796271030535	0.0	6.630142063825218	23.19239930916856	0.09526292416281085	0.0	-0.07764396511442775	0.09215944539797491	0.0	0.20839534484544084
68.14813239302842	0.0	6.679294499280274	23.034061335709882	0.09422303687559659	0.0	-0.07487913069197714	0.09256713190078328	0.0	0.1888502639586774
68.4472160673597	0.0	6.734708071327557	22.874105262622162	0.09310131966618494	0.0	-0.07450894084820978	0.095542659925717	0.0	0.18791705987744634
68.74629974169098	0.0	6.79012164337484	22.71275586960009	0.091942312543618	0.0	-0.07409006695115623	0.0985710153276207	0.0	0.18686577107122307
69.04538341602225	0.0	6.845535215422123	22.550122196874966	0.09074601550789567	0.0	-0.07362250900081652	0.10165219810649453	0.0	0.18569639754000783
69.34440446857741	0.0	6.901281396331651	22.38630928029749	0.0895137621221104	0.0	-0.07310466787151779	0.10478753182618172	0.0	0.1843819719156553
69.643162208593	0.0	6.958426133616122	22.221402371348525	0.08824915678295417	0.0	-0.07253054471175989	0.10798220659510141	0.0	0.1828339491433762
69.9419199486086	0.0	7.015570870900591	22.055570287583304	0.08694613847052686	0.0	-0.07190627128134261	0.11123129974282181	0.0	0.1811642852890725
70.24067768862419	0.0	7.072715608185061	21.888949018803693	0.0856047071848286	0.0	-0.07123184758026596	0.11453481126934269	0.0	0.17937298035274374
70.5395354040009	0.0	7.12932914627403	21.72169774792453	0.08422342176806437	0.0	-0.07051072638050793	0.11788965168863759	0.0	0.17750528284095723
70.83862631270604	0.0	7.18470365799623	21.55398578931867	0.08280110839719432	0.0	-0.06974848316631027	0.12129064664998213	0.0	0.17562385076573683
71.13771722141117	0.0	7.240078169718428	21.385923608043136	0.08134153049700661	0.0	-0.0689375890388367	0.1247444330278599	0.0	0.17362441434767698
71.4368081301163	0.0	7.295452681440628	21.217667335866945	0.07984468806750113	0.0	-0.0680780439980872	0.12825101082227128	0.0	0.17150697358677763
71.73618381282742	0.0	7.349231432667985	21.049431152248133	0.07830840735968303	0.0	-0.06718295168232281	0.13179800245193923	0.0	0.16941389141725738
72.03596643438776	0.0	7.400729860109507	20.881393427993252	0.07757592042924628	0.0	-0.06827528683809886	0.13463568017980085	0.0	0.17503813205129515
72.33574905594809	0.0	7.452228287551032	20.71363342772076	0.08304758707537731	0.0	-0.0842533556787935	0.1320267240564431	0.0	0.23708896349215813
72.63553167750842	0.0	7.503726714992554	20.54629275643886	0.08859162091018663	0.0	-0.10045528035646639	0.1293704880364822	0.0	0.30009697161527304
72.93601918472615	0.0	7.5507418459797595	20.37967858949065	0.09421063655699112	0.0	-0.11692956489942329	0.12662111507856036	0.0	0.3644881472668079
73.23714131330142	0.0	7.593720583755907	20.213895363061678	0.0998954432200514	0.0	-0.13364375035892306	0.12378901067161802	0.0	0.43010191057570635
73.53826344187668	0.0	7.636699321532054	20.04891616051864	0.10564091480031121	0.0	-0.15054559262896022	0.12091727185210525	0.0	0.49651806852276487
73.83938557045197	0.0	7.679678059308204	19.88486978027842	0.11144705129777141	0.0	-0.1676350917095372	0.11800589862002164	0.0	0.563736621107993
74.14053821006137	0.0	7.7224421770439795	19.721896475634626	0.11731332429284554	0.0	-0.18491255285968353	0.11505311794323073	0.0	0.6317693773724405
74.44170780158255	0.0	7.765087052017419	19.560123043274448	0.12323958931443581	0.0	-0.20237666711740213	0.11205996556834888	0.0	0.7006060724819497
74.74287739310374	0.0	7.807731926990861	19.399676954220865	0.12922605749028962	0.0	-0.22002700979897602	0.10902748046601488	0.0	0.7702390546451847
75.04404698462491	0.0	7.8503768019643	19.240692882368684	0.1352727288204067	0.0	-0.23786358090440426	0.10595566263622883	0.0	0.8406683238621424
75.34458630117518	0.0	7.897197868027391	19.083180686341304	0.14140072963221512	0.0	-0.2559140422484268	0.1028718734018666	0.0	0.9118082162547986
75.64492721234228	0.0	7.945333564738397	18.927421296781652	0.1476022430140322	0.0	-0.27418003830127674	0.0997530139990599	0.0	0.9838055060727752
75.94526812350938	0.0	7.993469261449404	18.773612838431195	0.15387152414120786	0.0	-0.2926556625797694	0.09658987966928556	0.0	1.0566991372693622
76.24560903467648	0.0	8.04160495816041	18.62191687307618	0.15415149166172146	2.664175845097659e-05	-0.2933953461181385	0.0939359916935174	-7.695996418540153e-05	1.0648005631708095
76.5468614715893	0.0	8.083597488500454	18.472543115843706	0.15318919528543598	5.5105695661691435e-05	-0.2904816707727957	0.0914981961650645	-0.00016486782964369545	1.0595872385344813
76.84823928062272	0.0	8.124745081877855	18.325658234577915	0.15224657996914814	8.457903108074e-05	-0.2876131968658954	0.08909703028270072	-0.00026129070018227117	1.0544898159344813
77.14961708965615	0.0	8.165892675255254	18.181504613876516	0.15131791574584183	0.00011560248794217223	-0.2847664246591886	0.08672764188990584	-0.000367789360096345	1.049400143941694
77.45099489868956	0.0	8.207040268632655	18.04032972771015	0.15040320261551698	0.00014817606624599044	-0.28194135415267524	0.08439003098667995	-0.0004843638093859234	1.0443182225561178
77.75306805869766	0.0	8.242725859711284	17.902330942167225	0.1495351865453433	0.0001782983467995386	-0.2792834750460449	0.08210602585583876	-0.0005976357036146575	1.0399405974087046
78.05514242997162	0.0	8.278401936260831	17.767764104534535	0.148679353037558	0.00020976093715026264	-0.2766447112959531	0.07984967799008577	-0.0007196416138735349	1.0355709220085356
78.35721680124561	0.0	8.31407801281038	17.6368756144468	0.147835643461715	0.0002425706310501419	-0.27402480699554915	0.07762094574709026	-0.0008504036972019171	1.0312079821261124
78.65934812369349	0.0	8.349240042262432	17.509908341800003	0.14700689876903597	0.00027632195460834696	-0.2714370990631553	0.07542135283008607	-0.0009884751072223817	1.0269171832932271
78.96190609883547	0.0	8.380551061034263	17.387076175140667	0.14621074162120684	0.0003082916949336449	-0.268966889989353	0.07325892375021195	-0.0011238716884269593	1.0231226536459683
79.26446407397742	0.0	8.411862079806095	17.268649091669584	0.14542524204662194	0.00034144561006384824	-0.2665132593628194	0.07112077025383856	-0.0012669654058634183	1.0193340448727337
79.56702204911939	0.0	8.443173098577926	17.15487266353066	0.14465040004528118	0.0003757836999989552	-0.26407620718355446	0.06900689234096562	-0.0014177562595317546	1.015551356973524
79.86966491014779	0.0	8.473612246589125	17.045989229143835	0.14389047055344503	0.00041055269734584086	-0.2616775037515762	0.06691861553064757	-0.0015733642125106131	1.011885190107804
80.17258046684498	0.0	8.501250512261485	16.94223230501178	0.14397666947845103	0.00043048425628388996	-0.26115718715549785	0.0651480053041654	-0.0016619840250845109	1.010383697997028
80.47549602354215	0.0	8.528888777933847	16.843751835538328	0.14470048334699204	0.0004392010078042779	-0.2619962218324524	0.06359716853171835	-0.0016985518249379935	1.0102419476430704
80.77841158023934	0.0	8.55652704360621	16.750598995212233	0.1454426110981662	0.0004463479979561111	-0.2628378727783547	0.06204057596758656	-0.0017293638331067754	1.0100954880050077
81.08139747364588	0.0	8.583361420048712	16.66282180884623	0.14620632455312246	0.000451299470742953	-0.2637027609541595	0.06047978599681919	-0.001751991629398946	1.0100472362719428
81.38451005120734	0.0	8.608747903511084	16.5804682522274	0.1469932398378857	0.0004536402664100896	-0.2646072624530465	0.05891636290281522	-0.001764805627422176	1.0101798988585662
81.68762262876879	0.0	8.634134386973454	16.50357079146395	0.1477969878529809	0.0004545382566201945	-0.2655141686276952	0.057347649522135544	-0.001772329338769622	1.010308233028819
81.99073520633024	0.0	8.659520870435822	16.432161850935135	0.1486175685984082	0.0004539934413732668	-0.26642347947810574	0.055773645854780084	-0.001774562763441282	1.0104322387827005
82.29384828167233	0.0	8.684901408966507	16.366270046784962	0.1494549983765098	0.0004520018653388707	-0.26733534626834793	0.05419436599659842	-0.0017714904077369437	1.0105526789797885
82.59696190387342	0.0	8.710275416428164	16.30592000042154	0.15030927273033254	0.00044856365833822754	-0.2682497830458965	0.05260981324327806	-0.001763112649978195	1.010669630393197
82.90007552607452	0.0	8.735649423889821	16.25113217773449	0.15118037160014916	0.00044368334996668546	-0.2691666233257299	0.05101997278493107	-0.0017494471871928167	1.0107822555024928
83.2031891482756	0.0	8.761023431351477	16.20192303347924	0.15206829498595953	0.0004373609402242445	-0.2700858671078481	0.04942484462155753	-0.0017304940193808094	1.0108905543076758
83.50619445200489	0.0	8.787639948635007	16.15827402847406	0.15297125835611258	0.0004302831908604927	-0.2709761115037364	0.04782098998699125	-0.0017089783579276412	1.0108346188029824
83.80912628335594	0.0	8.815099259858009	16.12019356902272	0.15389093035386764	0.00042213535103802853	-0.27184761520011225	0.04620917112943827	-0.0016836794971157726	1.0106656099967386
84.11205811470698	0.0	8.842558571081012	16.087700260592214	0.1544734008930744	0.00040947734491481264	-0.2724135283889992	0.04495290198928258	-0.0016379093796592505	1.0090911655526054
84.41498994605803	0.0	8.870017882304015	16.0607165383854	0.15445623882356002	0.0003898778568961498	-0.2724503209697397	0.04431268915255564	-0.0015595114275845992	1.0051193032510397
84.71765091043657	0.0	8.900265517274947	16.038963461991287	0.15443733405170318	0.0003693732126240962	-0.2724093100400988	0.04366763126384732	-0.0014774928504963849	1.0007749919735451
85.02020386655835	0.0	8.93162499687035	16.02228477949735	0.15441773437695602	0.0003470065704364823	-0.2723320212124989	0.0430232682764436	-0.0013880262817459292	0.9962716591292944
85.32275682268015	0.0	8.962984476465751	16.01051199887701	0.15439813470220892	0.0003222679524353577	-0.27224643046955177	0.04238305624671346	-0.0012890718097414307	0.9917517224543493
85.62530977880195	0.0	8.994343956061153	16.00343739829885	0.15437853502746177	0.0002951573586207255	-0.2721525378112573	0.04174699517465695	-0.001180629434482902	0.9872151819487096
85.92747921329737	0.0	9.02917085748579	16.000703672188234	0.15435676821407138	0.0002666222494009831	-0.27196071798609783	0.04110552549323906	-0.0010664889976039324	0.9822134249336383
86.2295721328062	0.0	9.06468953146408	16.002189819231624	0.15433456904283496	0.00023561950205168992	-0.2717417190385999	0.04046679777713695	-0.0009424780082067597	0.9771035702186639
86.53166505231502	0.0	9.100208205442367	16.007695105695984	0.15431236987159852	0.00020193426972260053	-0.2715133313936727	0.0398327644097495	-0.0008077370788904021	0.9719749381088311
86.83375797182384	0.0	9.135726879420657	16.016986746212197	0.15429017070036208	0.00016556655241371562	-0.2712755550513161	0.03920342539107667	-0.0006622662096548625	0.9668275286041392
87.13522825328769	0.0	9.176176017679165	16.029573732563595	0.15426488998895052	0.0001271404736561921	-0.27089820488583993	0.03856660762032836	-0.0005085618946247684	0.9610184378030273
87.43666715152203	0.0	9.216873669328827	16.045419712261626	0.15423945395666946	8.568811379760584e-05	-0.2705035908277633	0.037934527324488064	-0.0003427524551904234	0.9551555381248672
87.73810604975638	0.0	9.257571320978487	16.06427590019744	0.15421401792438844	4.116879012051756e-05	-0.27009824239632196	0.03730781421533011	-0.00016467516048207024	0.9492711696999776
88.03945687797984	0.0	9.298858739569695	16.08584041201956	0.15418537785599765	0.0	-0.26996396910711773	0.036803081866996365	1.6015284625080135e-06	0.9442726755823437
88.339634794523	0.0	9.348000642649954	16.10941992519175	0.15408719459564527	0.0	-0.2715324902996071	0.03709156246109786	1.4307122540102501e-05	0.9446878301009833
88.63981271106613	0.0	9.397142545730215	16.135333895417176	0.15390787910784398	0.0	-0.27301526947899696	0.03743167265448493	2.7934673747796266e-05	0.945008023035222
88.93999062760928	0.0	9.446284448810474	16.16345956021573	0.15364743139259399	0.0	-0.27441230664528776	0.0378234124471576	4.248418208559042e-05	0.945233254385061
89.23997490828715	0.0	9.496539665368537	16.193596064322797	0.15330147789378773	0.0	-0.2756883144423869	0.03826610128834002	5.798973857229493e-05	0.945208474640087
89.53911717777089	0.0	9.551636042986814	16.22532948548095	0.15284972595495536	0.0	-0.27671916673172275	0.038761054667728626	7.462967773154556e-05	0.9444079011405149
89.83825944725461	0.0	9.606732420605088	16.258853815427713	0.15230732491119714	0.0	-0.27765421939880736	0.03931369384116093	9.229972035586179e-05	0.9435012269840413
90.13740171673835	0.0	9.661828798223363	16.294030901863607	0.15167427476251308	0.0	-0.27849347244364087	0.03992401880863697	0.00011099986644524529	0.9424884521706657
90.43634087269335	0.0	9.717992620492218	16.33062870615095	0.15094300465581953	0.0	-0.27919935188372147	0.04059350494658491	0.0001308004887590858	0.9412165579215428
90.73481308613327	0.0	9.776610416619377	16.36835785167087	0.1501000463961681	0.0	-0.27971921125617266	0.04132638135089816	0.0001518342942603549	0.9394825308049446
91.03328529957321	0.0	9.835228212746536	16.4072829757044	0.14916086132805295	0.0	-0.2801373763878612	0.04212049299696109	0.00017396158622144	0.9376358745829856
91.33175751301312	0.0	9.893846008873695	16.44726375393971	0.14812544945147407	0.0	-0.2804538472787867	0.04297583988477361	0.00019718236464233866	0.9356765892556649
91.63023612244729	0.0	9.95243121513829	16.48816774529063	0.14699414452868526	0.0	-0.2806698814483628	0.043892311906337154	0.0002214933226183959	0.933609471218201
91.92872363700653	0.0	10.010971046627517	16.529865489225216	0.14576716474377213	0.0	-0.28078606442544074	0.04486981034381192	0.00024689217138191514	0.9314365042054006
92.22721115156577	0.0	10.069510878116745	16.572230135205633	0.14468643579169707	0.0	-0.278983667773214	0.044640811935361145	0.0002439946113335059	0.9269680515707293
92.52569866612502	0.0	10.128050709605974	16.61519713126237	0.14369814853886492	0.0	-0.27667704270912796	0.04398490667452443	0.00023104654434180077	0.922429347539323
92.82451669549317	0.0	10.184855126203527	16.65905043480731	0.14276007270686922	0.0	-0.27452134643415105	0.04328036840473276	0.00021681159300079544	0.918829330757823
93.12362614996019	0.0	10.240129373977506	16.70383884629326	0.14186871040178586	0.0	-0.27250554548782085	0.04252975092454329	0.00020135779850046732	0.9161119383475976
93.4227356044272	0.0	10.295403621751486	16.749347006452112	0.14100731425000468	0.0	-0.27057344310761056	0.04173986745037166	0.0001848706883690298	0.9140693010444867
93.72184505889422	0.0	10.350677869525464	16.79562491141052	0.14017588425152563	0.0	-0.26872503929352015	0.04091071798221787	0.0001673502626064828	0.9127014188484903
94.02125648050972	0.0	10.40427734939164	16.84316666753561	0.1393905743101873	0.0	-0.2670157186366831	0.04003777218859432	0.00014867025700518672	0.9121861881540329
94.32083521082217	0.0	10.456948903032348	16.891968446235897	0.1386430581271294	0.0	-0.26541764734570233	0.03912452139688329	0.00012892569021190686	0.9124189989010313
94.62041394113457	0.0	10.509620456673058	16.941931875690976	0.13792414188392996	0.0	-0.2638994586453606	0.03817379482190965	0.00010819491859592625	0.9132958013972546
94.919992671447	0.0	10.56229201031377	16.993193521803633	0.1372338255805889	0.0	-0.26246115253565777	0.03718559246367315	8.64779421572393e-05	0.914816595642704
95.22003919516374	0.0	10.612204331141795	17.046861869497672	0.13659583861590852	0.0	-0.2611858415935369	0.03615636199824321	6.366928101606655e-05	0.9172084384098869
95.52023814532443	0.0	10.66121757976856	17.102632553551455	0.1359924896205287	0.0	-0.26001276326764716	0.03509071796699159	3.989845880515638e-05	0.9202801134258385
95.82043709548515	0.0	10.710230828395325	17.160416714755566	0.13541580925312827	0.0	-0.25891417317852755	0.03399012883700828	1.5208028732886273e-05	0.9239522923752572
96.12063604564584	0.0	10.759244077022089	17.22042817670499	0.13415559245031203	0.0	-0.2563064382534547	0.03326962796013228	0.0	0.9202398937366131
96.42141152966121	0.0	10.804560887411208	17.28439064944782	0.13191270453624337	0.0	-0.25156845455993243	0.03315657332405715	0.0	0.9053623283981198
96.72227776637592	0.0	10.849295838217746	17.35100677224628	0.12973094460291873	0.0	-0.24699754448933883	0.03304279462904621	0.0	0.8909856366339641
97.02314400309064	0.0	10.894030789024283	17.419901522109267	0.1276063864238639	0.0	-0.24257889202937521	0.032928174731766596	0.0	0.8770783357357282
97.32401023980535	0.0	10.93876573983082	17.490946774086012	0.12553902999907884	0.0	-0.2383124971800416	0.0328127136322183	0.0	0.8636404257034124
97.62557651312846	0.0	10.97849971731073	17.566759527047985	0.12354747074343318	0.0	-0.23428496731840548	0.03269767534286457	0.0	0.8508172759420005
97.92716205947704	0.0	11.01809601072513	17.644817892451652	0.12160726194852825	0.0	-0.23039514201391695	0.03258192422858294	0.0	0.8384153031775283
98.22874760582565	0.0	11.057692304139527	17.7249243075018	0.11971780525019989	0.0	-0.22664040684884573	0.03246542675993988	0.0	0.826429796146729
98.53038882519573	0.0	11.096832235345587	17.807239963676267	0.11787998208246442	0.0	-0.22302645260526022	0.03234831380730766	0.0	0.8148672361895766
98.83264870483123	0.0	11.130900892220764	17.89468009625959	0.11609892373732252	0.0	-0.21960075959346104	0.03223196440207125	0.0	0.8037621295739775
99.1349085844667	0.0	11.164969549095938	17.98409432176104	0.1143616301417181	0.0	-0.2162915580473425	0.03211497139757695	0.0	0.7930161513442888
99.4371684641022	0.0	11.199038205971114	18.075358132681057	0.11266810129565087	0.0	-0.21309884796690395	0.03199733479382473	0.0	0.7826293015005086
99.73952594844226	0.0	11.23217397535712	18.169024183297466	0.11101786203652174	0.0	-0.21002811884476713	0.03187936256746491	0.0	0.7725959618793532
100.04229176227892	0.0	11.261407007878002	18.267270611726744	0.10939467668396495	0.0	-0.207022604980412	0.03176639943147602	0.0	0.7625942103607077
100.34505757611555	0.0	11.29064004039888	18.367251396127667	0.10773093025186552	0.0	-0.20369140468141117	0.03167974559082153	0.0	0.7511026625094006
100.64782338995221	0.0	11.31987307291976	18.468849439071228	0.10608709803625063	0.0	-0.20040998992362188	0.03159309175016704	0.0	0.7397245150575193
100.95070785411097	0.0	11.347777478083552	18.573042473157795	0.10446044422352388	0.0	-0.19718072377413065	0.03150690648219092	0.0	0.7284376658781248
101.25386263383095	0.0	11.372654932765878	18.681254534321667	0.10284554985007253	0.0	-0.1940018220847868	0.03142178874175506	0.0	0.7172029186928439
101.55701741355092	0.0	11.397532387448205	18.79096641180571	0.10124762434503318	0.0	-0.19086534256647292	0.03133667100131919	0.0	0.7060647997860202
101.8601721932709	0.0	11.422409842130532	18.902069243555115	0.0996666677084058	0.0	-0.187771285219189	0.03125155326088333	0.0	0.6950233091576535
102.16343223924513	0.0	11.445913612147212	19.015707805233486	0.09809808427050071	0.0	-0.1847176168032288	0.031166924335633513	0.0	0.6840456557993229
102.46683789451585	0.0	11.46751723610873	19.132361699553925	0.09653853637644262	0.0	-0.18169961714587723	0.031082971562830266	0.0	0.673110296052877
102.77024354978658	0.0	11.489120860070248	19.250239495243378	0.09499373647117407	0.0	-0.17871848746049948	0.030999018790027012	0.0	0.6622589179092603
103.07364920505732	0.0	11.510724484031764	19.36923861112887	0.0934636845546951	0.0	-0.17577422774709578	0.030915066017223755	0.0	0.6514915213684732
103.37706775803403	0.0	11.53214552606489	19.489440839445038	0.09194752762057028	0.0	-0.17286595862461068	0.030831178488217162	0.0	0.6408023767186593
103.68049743157252	0.0	11.553409143698563	19.61073541248746	0.09044520570985096	0.0	-0.16999335752918165	0.030747347213219912	0.0	0.6301912627209979
103.98392710511098	0.0	11.574672761332236	19.73287673800765	0.08895740082738465	0.0	-0.1671570490043851	0.03066351593822267	0.0	0.6196628151342221
104.28735677864945	0.0	11.595936378965911	19.855772770997824	0.08807479996934628	0.0	-0.16547382474919037	0.03065152385788778	0.0	0.6135902053064829
104.59068311440522	0.0	11.61860369733979	19.977836940548038	0.08722961945385148	0.0	-0.1638628688140412	0.03064302361349758	0.0	0.6077958480158105
104.89395546491767	0.0	11.6420043305192	20.099621976619343	0.08638467443790088	0.0	-0.16225653151852373	0.0306342483760553	0.0	0.6020086618277517
105.1972278154301	0.0	11.665404963698606	20.22178867263259	0.08553618103943643	0.0	-0.16065019422300625	0.030625473138613024	0.0	0.5962037337271233
105.50050016594254	0.0	11.688805596878016	20.34423178782648	0.08468413925845805	0.0	-0.15904385692748874	0.030616697901170747	0.0	0.5903810637139253
105.80365719160473	0.0	11.713643734405988	20.465257143471266	0.0838354549337645	0.0	-0.157446628087908	0.030607383599597755	0.0	0.5845869847587417
106.10678133778853	0.0	11.738891708955844	20.585863235770262	0.08298494371564491	0.0	-0.1558519960978315	0.030597915609141563	0.0	0.5787871366303483
106.40990548397234	0.0	11.764139683505698	20.706393860509138	0.08213060586216117	0.0	-0.15425736410775504	0.030588447618685365	0.0	0.572968155325134
106.71302963015616	0.0	11.789387658055555	20.826742253861884	0.08127244137331321	0.0	-0.15266273211767847	0.03057897962822917	0.0	0.5671300408430988
107.01602085361888	0.0	11.816178710668225	20.945051688223973	0.08041742798957069	0.0	-0.15107793001686726	0.030568932983499417	0.0	0.5613204050472237
107.31899732483012	0.0	11.843141019748241	21.062753144530056	0.07955911742700111	0.0	-0.14949421887324774	0.03055882211759441	0.0	0.5554956954202812
107.62197379604133	0.0	11.870103328828257	21.179932477668068	0.07869672239180123	0.0	-0.14791050772962838	0.030548711251689405	0.0	0.5496505634301875
107.92494633674617	0.0	11.897108269181764	21.29643169362246	0.07783042688197288	0.0	-0.14632706964515235	0.030538584399056844	0.0	0.5437862820597326
108.22774519013477	0.0	11.925997066406559	21.410036053694867	0.07773192973276241	0.0	-0.1461696250908537	0.030528804463358906	0.0	0.5419943019836297
108.53054404352335	0.0	11.954885863631352	21.522827539404354	0.07788511349008055	0.0	-0.14648676301266078	0.03051841374090881	0.0	0.5415157096273543
108.83334289691193	0.0	11.983774660856147	21.63475134253201	0.07803884396581592	0.0	-0.1468137418659777	0.030506929581624292	0.0	0.5410207157185626
109.13614037893429	0.0	12.012677807077866	21.74573409388684	0.07819317889344504	0.0	-0.14715065442585196	0.03049434558681221	0.0	0.5405097090029362
109.43892969028633	0.0	12.041666445360725	21.85563557919957	0.07834840558914488	0.0	-0.14749797994712893	0.03048062789015734	0.0	0.5399845847825574
109.74171900163836	0.0	12.070655083643587	21.964492354264273	0.07850418087545866	0.0	-0.14785518009945647	0.030465813012274634	0.0	0.5394430028437611
110.04450831299042	0.0	12.099643721926446	22.0722408729561	0.07866050475238634	0.0	-0.14822225488283453	0.03044990095316409	0.0	0.5388849631865472
110.34730795006622	0.0	12.128523731718262	22.1789376632362	0.07881693606991991	0.0	-0.1485984285860723	0.0304329483020285	0.0	0.538307645288743
110.6501362396614	0.0	12.157102311798269	22.284728717689465	0.07897268698120799	0.0	-0.14898223687467557	0.0304150652249612	0.0	0.5377061890121242
110.9529645292566	0.0	12.185680891878276	22.389202000146955	0.07912897879265385	0.0	-0.14937578136611912	0.03039610034757832	0.0	0.5370885057307716
111.25579281885177	0.0	12.214259471958282	22.492284303194513	0.07928581150425751	0.0	-0.14977906206040298	0.03037605366987985	0.0	0.5364545954446853
111.55863541693758	0.0	12.242685368250301	22.594067843924417	0.07944255929845054	0.0	-0.15019088541691758	0.030355016190241887	0.0	0.5358006664969973
111.86150078440572	0.0	12.270868295829342	22.69456949744502	0.07959884697314357	0.0	-0.15061045308215903	0.03033305200551302	0.0	0.5351246311222753
112.16436615187385	0.0	12.29905122340838	22.793440184503954	0.0795790134983064	0.0	-0.15043054849722093	0.030287939038372583	0.0	0.5335767802407089
112.467231519342	0.0	12.327234150987419	22.890591161317325	0.07940756770693558	0.0	-0.1497379711550535	0.03022274089294514	0.0	0.5312551727994975
112.77009754039324	0.0	12.355410053150466	22.98593168601776	0.07923235915720361	0.0	-0.14904320150969755	0.030155947111004097	0.0	0.5288699265983539
113.07296419720659	0.0	12.383579121456613	23.079358016883088	0.07905338999567675	0.0	-0.14834624193720036	0.03008755814967765	0.0	0.5264210691818597
113.37583085401995	0.0	12.411748189762761	23.170754645007943	0.07887068831534963	0.0	-0.14764714949681726	0.030017569537436797	0.0	0.5239087589457613
113.67869751083332	0.0	12.439917258068908	23.260008573610076	0.07868425411622226	0.0	-0.14694592418854832	0.02994598127428156	0.0	0.5213329958900585
113.98155597602302	0.0	12.468174180599794	23.34691333986843	0.07849441972165057	0.0	-0.14624328312113088	0.029872723513992203	0.0	0.5186953260380379
114.28440959013638	0.0	12.49648313036866	23.43138580571792	0.07830103465357371	0.0	-0.14553892531079185	0.02979781832996925	0.0	0.5159948646608511
114.58726320424972	0.0	12.524792080137523	23.51335252090553	0.07810389869335657	0.0	-0.14483242413351555	0.029721305620743318	0.0	0.5132306381172793
114.89011681836308	0.0	12.55310102990639	23.592682369253943	0.07790301184099914	0.0	-0.1441237795893019	0.0296431853863144	0.0	0.5104026464073224
115.19293873499845	0.0	12.581746393467114	23.668918209367174	0.07769955860006797	0.0	-0.1434156881677191	0.02956315235655386	0.0	0.5075153108962251
115.49575005509416	0.0	12.610504220930569	23.74214580061164	0.07749269888976643	0.0	-0.14270632535928424	0.029481387652161007	0.0	0.5045648117799453
115.79856137518988	0.0	12.63926204839402	23.8123307794613	0.07728202934384731	0.0	-0.141994785501925	0.02939799016107491	0.0	0.501549545458167
116.10137269528562	0.0	12.668019875857475	23.879326068255246	0.07696826776404195	0.0	-0.14095787882701394	0.029281293776499715	0.0	0.49852443071449
116.40409479684811	0.0	12.697700010895758	23.942181201333	0.07645463278686558	0.0	-0.1392785055910002	0.029100252590680185	0.0	0.4955524104229338
116.70680369887107	0.0	12.727516597799347	24.001549287877378	0.0759346931864555	0.0	-0.13758952929535315	0.028919081552765118	0.0	0.4925157233887536
117.00951260089407	0.0	12.757333184702938	24.057470911901685	0.07540798427633259	0.0	-0.135889834925994	0.028737910514850026	0.0	0.4894130355848736
117.31222150291704	0.0	12.787149771606526	24.109856498946137	0.07487450605649702	0.0	-0.13417942248292314	0.028556739476934954	0.0	0.48624434701129476
117.6148046945558	0.0	12.818215977403032	24.157564449391042	0.07433782158553558	0.0	-0.1324674217150594	0.028374381675319065	0.0	0.48301507942640853
117.91738699249869	0.0	12.849291066946549	24.2015717837446	0.07379411136397533	0.0	-0.13074432164055122	0.028192015436804108	0.0	0.479717102346235
118.21996929044158	0.0	12.880366156490068	24.241779594758295	0.07324334906341293	0.0	-0.1290100557742897	0.02800964919828914	0.0	0.4763503674957906
118.52253434444508	0.0	12.911605332504577	24.27794571668962	0.07268594881792771	0.0	-0.12726574015433822	0.027827127495272885	0.0	0.4729150563636386
118.82496624697077	0.0	12.944111525041222	24.309102856702836	0.07212451532732853	0.0	-0.1255185930324631	0.027643405351473388	0.0	0.469410643990012
119.12739814949646	0.0	12.976617717577867	24.336149936394012	0.07155570865448983	0.0	-0.12375977170537546	0.027459683207673904	0.0	0.4658343430895499
119.42983005202213	0.0	13.009123910114514	24.358956906309274	0.07097952879941163	0.0	-0.12198927617307531	0.02727596106387442	0.0	0.46218615366225246
119.73222188487934	0.0	13.041994148513936	24.37712105386235	0.07039673517225647	0.0	-0.12020933574828396	0.027091894909046392	0.0	0.45846490804976403
120.03448375158837	0.0	13.076045171290199	24.389929618937735	0.06980186031763684	0.0	-0.11837871017096833	0.026903562048791595	0.0	0.4546673893469536
120.3367456182974	0.0	13.110096194066463	24.398156421328938	0.06914308974114808	0.0	-0.11617188346336521	0.02669111967041143	0.0	0.45080794947933917
120.63900748500643	0.0	13.144147216842725	24.40180128908198	0.06847274029823813	0.0	-0.11393932594149278	0.026479320562387998	0.0	0.4468764633317708
120.94121965050206	0.0	13.178631543260803	24.400589590932313	0.0677914607796423	0.0	-0.1116831989123325	0.02626777339921349	0.0	0.4428697353031584
121.24334128873475	0.0	13.213905101773332	24.394320407497776	0.06709950636014471	0.0	-0.1094046604904834	0.026056172165693718	0.0	0.43878341214044303
121.54546292696743	0.0	13.24917866028586	24.383556073562644	0.06639556292220251	0.0	-0.10709947980542416	0.0258452369887542	0.0	0.43462249064073927
121.84758456520011	0.0	13.284452218798389	24.368312955871644	0.06567963046581571	0.0	-0.10476765685715467	0.025634967868394948	0.0	0.43038697080404664
122.14965957500753	0.0	13.320120370258781	24.348359486002117	0.06495203860751446	0.0	-0.10241058296369804	0.025425023938926802	0.0	0.42607231359045206
122.45168152909972	0.0	13.356237505594748	24.32369169459382	0.06421262533550066	0.0	-0.10002798891330063	0.025215369740016022	0.0	0.42167660255877
122.75370348319188	0.0	13.392354640930716	24.294610739146787	0.06346094037472272	0.0	-0.09761812444342738	0.025006397301592147	0.0	0.4172045343525555
123.05572543728408	0.0	13.428471776266683	24.261130219854678	0.06269698372518054	0.0	-0.09518098955407796	0.024798106623655156	0.0	0.4126561089718079
123.357714145547	0.0	13.464865040205984	24.223102773853	0.06192080265306869	0.0	-0.09271715193150472	0.024590269808415163	0.0	0.408027007344245
123.65967765045542	0.0	13.501467634676459	24.180587989842184	0.06113225822803879	0.0	-0.09022619092220666	0.024382949069586015	0.0	0.40331748098374565
123.96164115536382	0.0	13.538070229146932	24.133721409786467	0.06033127957432949	0.0	-0.08770759829362111	0.02417631912123907	0.0	0.3985305860892411
124.26360466027222	0.0	13.574672823617405	24.082530943578867	0.059919237889944105	0.0	-0.08624770008785118	0.024062224321861708	0.0	0.3945129008729423
124.56559287536436	0.0	13.611070663936708	24.027253837977966	0.05955523761044292	0.0	-0.08492145033305619	0.023963641786659162	0.0	0.39055610895806364
124.86759467519929	0.0	13.64735593801599	23.96799857056006	0.05918101907155136	0.0	-0.08357117473087709	0.02386720654228446	0.0	0.3865363924357
125.16959647503421	0.0	13.683641212095274	23.904867197088556	0.05879652720321033	0.0	-0.08219692802664921	0.023772825963799645	0.0	0.38245161149348955
125.47159827486911	0.0	13.719926486174556	23.838023733275524	0.058401762005419855	0.0	-0.08079871022037266	0.023680500051204735	0.0	0.3783017661314328
125.7736298413576	0.0	13.755962735055327	23.767757220533174	0.057997019360460395	0.0	-0.07937680682669351	0.023590399032618052	0.0	0.37409269349892726
126.07567552445244	0.0	13.791880885652386	23.694160303330015	0.05758222968999658	0.0	-0.07793126836354113	0.023502416212486013	0.0	0.36982186923540583
126.37772120754725	0.0	13.827799036249441	23.617336221960663	0.05715726915484597	0.0	-0.07646199788278626	0.023416467565291338	0.0	0.36548662949553484
126.67976689064207	0.0	13.863717186846499	23.537447997857033	0.05672213775500856	0.0	-0.07496899538442887	0.02333255309103402	0.0	0.36108697427931413
126.98184804965256	0.0	13.899335029547665	23.454798807440795	0.05627736050403139	0.0	-0.07345299838104047	0.023250844623041098	0.0	0.356631009535803
127.28394894422347	0.0	13.934785808354217	23.36948149283876	0.05582281164206251	0.0	-0.07191392974092325	0.023171244483541575	0.0	0.35211581755849486
127.58604983879437	0.0	13.970236587160766	23.281576814343666	0.05535822242510238	0.0	-0.07035143360582648	0.023093652415040314	0.0	0.34753703666624225
127.88815073336528	0.0	14.005687365967319	23.19124393776938	0.05488359285315094	0.0	-0.06876550997574998	0.0230180684175373	0.0	0.3428946668590446
128.19030395672652	0.0	14.040686451569771	23.09883754493796	0.0547475538067952	0.0	-0.06851035228990937	0.022956352704169226	0.0	0.33983557989489543
128.49250826190394	0.0	14.075244607637181	23.004472841585713	0.05481291586394804	0.0	-0.06904775958278048	0.022903130325376234	0.0	0.337721866307868
128.79471256708135	0.0	14.109802763704595	22.90806286692371	0.05487566701521523	0.0	-0.06958516687565158	0.022851213399526053	0.0	0.3355879182002268
129.09691687225873	0.0	14.144360919772005	22.809716050127793	0.05493580726059677	0.0	-0.07012257416852263	0.0228006019266187	0.0	0.33343373557197215
129.39913622243782	0.0	14.178786388059358	22.70959436547919	0.05499368212562635	0.0	-0.07066056264974024	0.022751348935141386	0.0	0.3312636089046876
129.70140596539	0.0	14.212767422683848	22.607928435376284	0.05505012988354649	0.0	-0.07120049780355661	0.02270356577812151	0.0	0.3290878237083135
130.0036757083422	0.0	14.246748457308339	22.504634535763447	0.05510400978181634	0.0	-0.07174043295737305	0.02265706655092678	0.0	0.3268921375996495
130.3059454512944	0.0	14.280729491932831	22.39981431935539	0.05515532182043589	0.0	-0.07228036811118949	0.022611851253557202	0.0	0.3246765505786957
130.60821519424658	0.0	14.314710526557322	22.29356729675729	0.05520406599940514	0.0	-0.07282030326500585	0.022567919886012776	0.0	0.3224410626454522
130.91050003980413	0.0	14.348556867726474	22.186043321505828	0.0552506181118777	0.0	-0.0733608280101876	0.02252531373474824	0.0	0.3201902244526323
131.21278945159108	0.0	14.382362484715975	22.07729920417423	0.05529472755489764	0.0	-0.07390153101662654	0.022483998211041856	0.0	0.3179209508934856
131.515078863378	0.0	14.416168101705473	21.967411264643964	0.05533628222789887	0.0	-0.0744422340230654	0.02244396007234483	0.0	0.315631877866694
131.81736827516494	0.0	14.449973718694975	21.856469208113733	0.05537528213088137	0.0	-0.07498293702950434	0.022405199318657153	0.0	0.31332300537225727
132.11967175652669	0.0	14.48364973251437	21.74460811355275	0.05585579213289351	0.0	-0.0759880310054355	0.02237341680749579	0.0	0.3120581122324086
132.42217348625258	0.0	14.5154995634616	21.632518087338724	0.057026278028702526	0.0	-0.07772190341591304	0.022351540211489697	0.0	0.3124884928716443
132.7246752159785	0.0	14.54734939440883	21.51952074673238	0.05820760288208379	0.0	-0.0794732385913681	0.022330265779793163	0.0	0.31294657306912
133.0271769457044	0.0	14.57919922535606	21.405629264896852	0.0593997666930372	0.0	-0.08124203653180048	0.022309593512406196	0.0	0.3134323528248356
133.32967867543033	0.0	14.611049056303287	21.29085595306618	0.06060276946156275	0.0	-0.08302829723721022	0.02228952340932879	0.0	0.31394583213879124
133.6321865906315	0.0	14.642839283066547	21.17523444341167	0.06181675403236647	0.0	-0.08483221719390528	0.022270067069123656	0.0	0.3144890049889361
133.9347822542418	0.0	14.673783952765467	21.059068097673894	0.06304344156567578	0.0	-0.0866561256350647	0.02225136840951238	0.0	0.3150877493026428
134.2373779178521	0.0	14.704728622464387	20.94205249648508	0.06428066328720555	0.0	-0.08849700582391265	0.022233254982580025	0.0	0.31571341431957967
134.53997358146242	0.0	14.735673292163309	20.82419764095888	0.06552841919695615	0.0	-0.09035485776044969	0.02221572678832659	0.0	0.31636600003974724
134.8425692450727	0.0	14.766617961862226	20.705512611240334	0.0667867092949271	0.0	-0.09222968144467511	0.022198783826752083	0.0	0.317045506463145
135.145164908683	0.0	14.797562631561147	20.58600554827393	0.06805553358111875	0.0	-0.09412147687658942	0.022182426097856492	0.0	0.3177519335897732
135.44761037409282	0.0	14.829929083148723	20.46514330057437	0.06933290965127108	0.0	-0.09602785439053697	0.022166456834482796	0.0	0.31844137387359933
135.74999253629437	0.0	14.862894765317291	20.343234286668192	0.07062056365072385	0.0	-0.09795112973564268	0.022151022054200633	0.0	0.31914070970507763
136.05237469849595	0.0	14.895860447485854	20.220506783390025	0.07189910961706684	0.0	-0.09974799849837862	0.022138017444064267	0.0	0.3195693568491857
136.35475686069753	0.0	14.928826129654418	20.096998164583905	0.07309332444011958	0.0	-0.100870738491152	0.022133896733793196	0.0	0.31859738063568704
136.65713902289912	0.0	14.961791811822984	19.972833746440546	0.07430124558526958	0.0	-0.10200718480602268	0.02212977602352213	0.0	0.3176534400810237
136.95952118510067	0.0	14.994757493991546	19.848153678548208	0.07552287305251679	0.0	-0.10315733744299058	0.022125655313251055	0.0	0.3167375351851958
137.26138292883152	0.0	15.032164832848897	19.72132077822715	0.07675715849545421	0.0	-0.10432083336735248	0.022120979395893886	0.0	0.3157264466960947
137.56319557185628	0.0	15.069991235386542	19.594037907799432	0.07800695685614174	0.0	-0.105499906867601	0.022116251095576682	0.0	0.31473566593830615
137.86500821488107	0.0	15.107817637924189	19.46660916504185	0.07927245288580265	0.0	-0.10669467803682291	0.022111522795259478	0.0	0.31377699404887205
138.1668208579058	0.0	15.145644040461836	19.33917498412857	0.08055364658443656	0.0	-0.10790514687501786	0.02210679449494227	0.0	0.3128504310277922
138.4686335009306	0.0	15.183470442999479	19.21187781294257	0.08185053795204397	0.0	-0.10913131338218628	0.022102066194625063	0.0	0.31195597687506693
138.77044614395535	0.0	15.221296845537125	19.08486206174769	0.08316312698862453	0.0	-0.11037317755832785	0.02209733789430786	0.0	0.311093631590696
139.07134907970774	0.0	15.2655135803491	18.955534100191404	0.08449705551091992	0.0	-0.11163740743853662	0.02209181080245636	0.0	0.3101020639834079
139.3717277310028	0.0	15.31341320523999	18.82508799083585	0.08585327215074087	0.0	-0.11292451686864519	0.022085823349345002	0.0	0.30905645616369104
139.67210638229787	0.0	15.361312830130874	18.69521492708292	0.08722927232455496	0.0	-0.11423140983274685	0.02207983589623364	0.0	0.3080513146635057
139.97248503359293	0.0	15.409212455021763	18.566052871333635	0.08862505603236215	0.0	-0.11555808633084164	0.022073848443122282	0.0	0.3070866394828517
140.27286368488802	0.0	15.457112079912648	18.437729173031183	0.08914115077643808	0.0	-0.11535994825257417	0.022131447711284294	0.0	0.3029275441586769
140.5732423361831	0.0	15.505011704803536	18.31030745514668	0.08957603146583588	0.0	-0.11500867856611319	0.02219631698823528	0.0	0.29845010992083093
140.87362098747818	0.0	15.552911329694423	18.18383099758637	0.09001990467068502	0.0	-0.11465920738274252	0.02226208551673141	0.0	0.2939789704438014
141.17048781641606	0.0	15.618636114029448	18.0502075237974	0.09051321720591088	0.0	-0.11435830067055783	0.02232634300915816	0.0	0.2891320507821251
141.46658809208083	0.0	15.68825173705887	17.915609603897728	0.09102789309067727	0.0	-0.11407010887712646	0.02239132785932046	0.0	0.2842105068888587
141.76268836774562	0.0	15.757867360088294	17.781815769623257	0.09155545222867469	0.0	-0.11378449373434124	0.022457601034805874	0.0	0.27929798127285366
142.05878864341042	0.0	15.827482983117715	17.64885100306355	0.09209589461990308	0.0	-0.1135014552422022	0.02252516253561438	0.0	0.2743944739341103
142.35488891907517	0.0	15.897098606147136	17.51674123945209	0.0926492202643624	0.0	-0.11322099340070946	0.022594012361745977	0.0	0.26949998487262933
142.65098919473996	0.0	15.96671422917656	17.385513481072344	0.09321542916205279	0.0	-0.11294310820986285	0.022664150513200684	0.0	0.2646145140884094
142.94708947040476	0.0	16.03632985220598	17.255195643774794	0.09358036861157142	0.0	-0.11253705905407341	0.02271526158759515	0.0	0.2606458152942656
143.23645677907544	0.0	16.127053967057627	17.11651181426763	0.09368707776488222	0.0	-0.11200310286507321	0.022732737065209046	0.0	0.2576829895227582
143.51817900284954	0.0	16.241746150096816	16.968276188176127	0.09372200199350533	0.0	-0.11146278560014498	0.022732093355998653	0.0	0.25495322519186464
143.7999012266237	0.0	16.356438333136	16.82103372127334	0.09376298459778891	0.0	-0.11093256562798397	0.022729430188234822	0.0	0.2523304921643037
144.0816234503978	0.0	16.471130516175187	16.6747398186181	0.09364079355120697	0.0	-0.11044246263576919	0.022706745155462945	0.0	0.2502925138617388
144.36334567417197	0.0	16.585822699214376	16.529304972104033	0.09312541822029691	0.0	-0.11004646801640462	0.022640512567478243	0.0	0.2495196765193413
144.64506789794606	0.0	16.70051488225356	16.384565846080672	0.09264033476768879	0.0	-0.10967672635823504	0.022576299438047	0.0	0.24883367589474262
144.9267901217202	0.0	16.815207065292746	16.240366063092	0.0921855431933825	0.0	-0.1093332376612604	0.022514105767169217	0.0	0.2482345119879425
145.20851234549434	0.0	16.92989924833193	16.096566292803647	0.09176104349737803	0.0	-0.10901600192548064	0.02245393155484489	0.0	0.24772218479894093
145.4575468799995	0.0	17.097856295961883	15.93772112045745	0.09127343128369926	0.0	-0.10873028201795348	0.022363845346863417	0.0	0.24770500050497168
145.68738257869524	0.0	17.29709800801931	15.772776765422853	0.09077155129687295	0.0	-0.10848283337988343	0.022257710638162682	0.0	0.2480439965411058
145.917218277391	0.0	17.496339720076744	15.611221756705367	0.09031260211451543	0.0	-0.10827259143901966	0.022154437983093196	0.0	0.24850606088338373
146.1470539760867	0.0	17.695581432134176	15.452950974083384	0.0898965837366267	0.0	-0.1080995561953622	0.02205402738165497	0.0	0.24909119353180567
146.37688967478243	0.0	17.894823144191598	15.297893556991681	0.08952349616320683	0.0	-0.10796372764891103	0.021956478833848	0.0	0.2497993944863714
146.60672537347818	0.0	18.094064856249027	15.146013295212017	0.08919333939425571	0.0	-0.10786510579966614	0.021861792339672274	0.0	0.250630663747081
146.8365610721739	0.0	18.29330656830646	14.997308608664182	0.0889061134297734	0.0	-0.10780369064762756	0.021769967899127798	0.0	0.25158500131393463
147.06639677086966	0.0	18.49254828036389	14.85181211629743	0.0886618182697599	0.0	-0.10777948219279526	0.021681005512214586	0.0	0.25266240718693206
147.3152047988857	0.0	18.662582048416457	14.709786157986665	0.08850035306062708	0.0	-0.1077793826466134	0.021611730119250248	0.0	0.25360430085398217
147.59067600778832	0.0	18.791567789040215	14.569343538440508	0.08843108233057986	0.0	-0.10779218099168933	0.021568508115731782	0.0	0.2542863405296216
147.86614721669096	0.0	18.92055352966397	14.429484882627667	0.08839512271731469	0.0	-0.10783384897130968	0.021527506853332122	0.0	0.25506387207336956
148.14161842559358	0.0	19.04953927028772	14.29036173851837	0.08838055371209175	0.0	-0.10833572215598712	0.021453321725652865	0.0	0.2576051029815853
148.41708963449622	0.0	19.17852501091147	14.152111039108204	0.08836449208142147	0.0	-0.10922203086346775	0.02134789414326515	0.0	0.26164707405767534
148.69256084339887	0.0	19.30751075153523	14.014847525094543	0.08835065119186995	0.0	-0.11006836623080997	0.021244687301996232	0.0	0.26555802140775614
148.96803205230148	0.0	19.43649649215898	13.878692307091384	0.08833903104343724	0.0	-0.11087472825801367	0.021143701201846124	0.0	0.2693379450318273
149.24350326120413	0.0	19.565482232782735	13.743773390805105	0.08832963163612335	0.0	-0.11164111694507903	0.021044935842814808	0.0	0.2729868449298895
149.51897447010677	0.0	19.694467973406496	13.610224841827186	0.08832245296992826	0.0	-0.11236753229200595	0.020948391224902295	0.0	0.2765047211019424
