Q20	Q30	Q40	EHFB	M22	M23	M24	M33	M34	M44
0.0	0.0	0.0	13.618000000367113	0.118	0.0	0.0	0.126	0.0	0.61
0.27225257037762784	7.273311644546486e-17	1.3212398349149684e-09	13.627247551683162	0.11881675771113288	2.4780159219248867e-11	-0.009937218825079187	0.12606806321351333	2.4626245186831175e-11	0.5972041291192719
0.5445051407552557	1.4546623289092972e-16	2.6424796698299368e-09	13.638753764238874	0.11963351542226576	4.5940726623775023e-11	-0.019874437648876905	0.12613612641427938	4.565538049567705e-11	0.5844082582425458
0.8167577111328833	2.1819934933639455e-16	3.963719504744905e-09	13.652838097688363	0.12045027313339864	6.348168798879024e-11	-0.029811656471393146	0.12620418960229815	6.30873917901021e-11	0.5716123873698215
1.0890102815105114	7.450547426905126e-11	5.018671587952506e-09	13.669820011336196	0.12126703084434011	7.232861384666422e-11	-0.03974887529139979	0.1262722527802572	7.240989776085704e-11	0.5588165165146705
1.3612628518881393	4.4052057597335896e-10	5.03174312113288e-09	13.690018963857314	0.12208378855460751	5.92510211356936e-11	-0.04968609410570842	0.126340315963077	6.256323998443764e-11	0.5460206457142073
1.633515422265767	8.065356776776663e-10	5.044814654313253e-09	13.713754416321521	0.1229005462649995	4.512867708610248e-11	-0.05962331291938156	0.12640837914493608	5.25813466165021e-11	0.5332247749137339
1.905767992643395	1.1725507793819739e-09	5.057886187493628e-09	13.741345828395989	0.12371730397551602	2.996159105629227e-11	-0.06956053173241923	0.12647644232583452	4.246422695732456e-11	0.5204289041132504
2.1766707803388265	0.017331583918043285	0.0001785654108251331	13.775192046268218	0.1244972569199865	-0.0003669913323254607	-0.07930917286177853	0.12952237212057474	-0.00015588845216481795	0.5077007421247476
2.4456410280808534	0.059477513332708065	0.0006127780220415365	13.816007503617813	0.12523446180242578	-0.0013411921246115712	-0.08873752594435577	0.13676141943073788	-0.0005437815030332014	0.49506647753185
2.7146112758228815	0.10162344274737294	0.001046990633257941	13.86086971956492	0.12598575933726694	-0.0024312315262066822	-0.09809458883276578	0.14390074490193067	-0.0009441158825429315	0.4824278470497612
2.983581523564909	0.14376937216203772	0.0014812032444743441	13.910041891841603	0.12675114444845562	-0.00363704724007877	-0.10738034422227744	0.15094044151824165	-0.001356832062418963	0.46978478630488124
3.246988955599581	0.2069959616110926	0.018332616324210526	13.983424496768162	0.12748025387726833	-0.0054427127828431945	-0.11614361802036866	0.16136325271954177	-0.001916190647438454	0.4567729153170466
3.5069877729930674	0.28313972290606154	0.04524366697386805	14.072469403852734	0.12819362630540027	-0.007768927777282265	-0.12449229459410757	0.1735182991629611	-0.0026203690313561464	0.4435848246374469
3.766986590386554	0.3592834842010304	0.07215471762352554	14.165263159007319	0.12892188272804866	-0.010338526918581866	-0.1326855140135668	0.1852094887209614	-0.0033932132422572698	0.4304497505100787
4.026985407780041	0.4354272454959993	0.09906576827318306	14.262288819644837	0.12986504885325617	-0.01314540232125165	-0.14017651676594245	0.1965693837495737	-0.004014701448410775	0.4201580108424703
4.286377174135328	0.5173431413667854	0.10093903128879353	14.336504417725951	0.13256889872611888	-0.016425757073503293	-0.14281119177442408	0.21011873878897389	-0.002521246746005962	0.4347288637657257
4.545655309242755	0.6003394980446461	0.09812557955804646	14.410668490483085	0.1353030607068745	-0.020011509944599326	-0.1453571256265839	0.22380402334943197	-0.000325025979654612	0.4491925380239353
4.804933444350182	0.6833358547225067	0.09531212782729942	14.489798077263085	0.1380647628853499	-0.02386083415616504	-0.14781930435674387	0.23736100266376997	0.0025921365572266837	0.4633890058980586
5.063963450670021	0.7670091223146102	0.09210584446760678	14.573276781469177	0.14085271749831182	-0.02799922953742404	-0.15018551685741774	0.2509066610478306	0.006232964397850278	0.4773170813237587
5.318052936899571	0.8641604389620533	0.0810778465306853	14.652313477426567	0.1436534417487196	-0.032930511621179985	-0.15222907517848	0.26665844099090724	0.01069387987912911	0.49095859734387215
5.572142423129121	0.961311755609496	0.07004984859376384	14.735633137912457	0.14649863594250398	-0.03817712266370276	-0.1541879821681342	0.2822855475692114	0.015991346049581013	0.5043236356063477
5.826231909358672	1.0584630722569388	0.059021850656842345	14.823043927664902	0.1493878662170197	-0.0437402621675999	-0.15606121697309736	0.2977872789461112	0.022128757246371963	0.5174102182079502
6.081373006987795	1.1525542729708917	0.04763330914835633	14.914198764672799	0.15233468210592757	-0.04949973379512591	-0.15792074236547718	0.31269310785921384	0.02905323989932017	0.5303320869618925
6.3406440317048585	1.2346276734869093	0.0348288276232546	15.008625310146947	0.15537902017632138	-0.055076804376577554	-0.15998955490696712	0.3256395728500727	0.03653594107901206	0.5434577817070422
6.599915056421921	1.316701074002927	0.022024346098152826	15.106863607427458	0.15846515761709107	-0.0609331394701642	-0.16198688466360894	0.33847938989313875	0.044756485927127894	0.5563519202808405
6.859186081138985	1.398774474518945	0.009219864573051052	15.208706758014038	0.161592660179456	-0.06706993964604387	-0.16391170987356615	0.3512118565271494	0.05371827180177428	0.5690125230197284
7.118702739507534	1.4801934873592586	0.0026116224473071337	15.320329753075585	0.1646953936230522	-0.0733933011774071	-0.16570599961767898	0.3635254745269337	0.06337437246403742	0.5810916261835989
7.37885013938012	1.5599321544313995	0.011914169964865568	15.451475018131006	0.1676484633345452	-0.07972646224895939	-0.16726346388475893	0.3749052949073552	0.07360678543673305	0.5920006001394751
7.6389975392527045	1.6396708215035405	0.02121671748242403	15.585461589990066	0.1706086432388508	-0.0862970529127308	-0.16872186470807418	0.3861344279729326	0.0845198259862612	0.6026036048012289
7.899144939125292	1.7194094885756814	0.030519264999982497	15.722006925579699	0.17357624088230417	-0.09310422289355974	-0.17008192572606026	0.39721337122509026	0.09611108801482411	0.6129020422183291
8.159227676131465	1.7944766052455967	0.05199555042228028	15.873136683662894	0.17541387964757016	-0.09900784304159359	-0.17109737871619463	0.4101841647843197	0.10665123236525327	0.6236421282411743
8.419165086222879	1.8590446202704562	0.1008317700542649	16.054414912190662	0.1762710604979168	-0.10360446657971852	-0.17178013333906575	0.42256252994016485	0.11587536560713013	0.6331424990259347
8.679102496314291	1.9236126352953158	0.1496679896862495	16.23809354429723	0.17714110103840972	-0.10825995471867561	-0.17239776703905568	0.43495620184411565	0.12540764188848602	0.6419639151650438
8.939039906405704	1.9881806503201753	0.19850420931823415	16.423895492129617	0.17802092758283805	-0.11297300114182524	-0.1729493192892235	0.4473622220731943	0.13524145278396738	0.6501150214009705
9.198320359924436	2.0499970936766347	0.25315388432687663	16.617496006373617	0.17882402071075515	-0.11748389824623486	-0.17341577790709986	0.4590880696964687	0.14508127082458858	0.6572789652218509
9.456229519766286	2.1060700632826816	0.31993823448808356	16.825491952989488	0.17945764068528255	-0.12148981656068086	-0.17378356344916865	0.4693417408930455	0.15454774220238063	0.6631316093749005
9.714138679608137	2.1621430328887286	0.3867225846492909	17.035472266037928	0.1800930145389496	-0.12551814565911715	-0.1740928423018219	0.4795391753625547	0.16420649706474627	0.668373015694345
9.972047839449989	2.218216002494776	0.4535069348104983	17.247219095131804	0.18072652045648405	-0.12956734627005298	-0.17434248264778723	0.48967688710779644	0.1740497485088501	0.6730133705356378
10.227844250911247	2.273043976961739	0.5280274762288812	17.468278758518334	0.18123913149983065	-0.13339984100404692	-0.17443973161724144	0.49913685192595786	0.18377391077094762	0.6764535889025172
10.479462791012367	2.3254100257290453	0.6178460115715745	17.706579647268295	0.18151365566095756	-0.1367623302697112	-0.17429792816384615	0.5072705865115056	0.19302967009429395	0.6781079523292597
10.731081331113486	2.377776074496352	0.7076645469142677	17.946895570126426	0.18177366331214403	-0.14010929833794328	-0.1740989205071031	0.5152671863054213	0.20236675360630468	0.679193060352744
10.982699871214606	2.430142123263658	0.7974830822569604	18.189050811697403	0.18201471642904146	-0.14343885904839487	-0.1738413217644033	0.5231223797092693	0.21177561955462998	0.6797213949164514
11.230770611942612	2.486874306204853	0.8935561693305648	18.43846032282692	0.18212324394871554	-0.14684391106558042	-0.17328268447287773	0.5310888268582182	0.2213935734568386	0.6787477806845184
11.472134166162258	2.5518607541551437	1.0014536130189509	18.70040897505833	0.181987250706482	-0.15038852910093303	-0.17220056492655553	0.5393452875569088	0.23133375169145085	0.675387390270573
11.713497720381906	2.616847202105435	1.1093510567073368	18.964456055803776	0.18180208441791026	-0.15388203616436658	-0.1710457358863192	0.5473780773554779	0.24130185373514412	0.67144575153987
11.954861274601553	2.6818336500557267	1.217248500395723	19.230465451798427	0.18156139854455122	-0.15732173497704025	-0.16981621405890338	0.5551810877106681	0.251284234530253	0.6669407141317966
12.191279293172803	2.7537592131998774	1.330659287794091	19.50262777574157	0.17827184643272911	-0.1581519469234375	-0.1648797355934767	0.5605426883110427	0.2547450517724184	0.6508327553860475
12.418445948303455	2.838665428224547	1.454383608459676	19.785053992280435	0.17421832880627802	-0.15872673469402723	-0.15899358978324982	0.5662347002057642	0.25741177986047165	0.6307170789566071
12.645612603434106	2.9235716432492174	1.5781079291252618	20.06960349673831	0.17017598896630165	-0.15912784389807713	-0.1534100004564222	0.5715959178763547	0.25988431618285923	0.6107294894523215
12.87277925856476	3.0084778582738876	1.7018322497908474	20.35590286952949	0.16614762344891276	-0.1593605320234791	-0.148121137311878	0.5766043046182459	0.2621557253300218	0.5908838576923096
13.09589518510796	3.098469970797224	1.8288594104419806	20.645998282815242	0.16210178562782704	-0.1596286743181024	-0.1429826425218215	0.5817034783267212	0.2645719142591348	0.5705996044362501
13.310917383283677	3.1986241744037662	1.9624859492314253	20.94236396237549	0.1579955264588124	-0.16009892917847504	-0.13786600170867935	0.5872547784755957	0.2674227900153947	0.5493196730256555
13.525939581459395	3.2987783780103093	2.09611248802087	21.239851917450995	0.1538947302086786	-0.16036212935674712	-0.13304271288421055	0.5922615429498144	0.269967644848824	0.5282591104070056
13.740961779635114	3.398932581616852	2.2297390268103148	21.537915420003973	0.14980276917964316	-0.16042461478108727	-0.12850333360220642	0.5966971980079041	0.27219811544992356	0.5074346431992984
13.95291430059457	3.502519284795293	2.3654117661684917	21.83751583924933	0.1456966547542118	-0.16040796725126832	-0.12415794817260255	0.6008020362107849	0.2743124851404234	0.4864980927694019
14.15757780414513	3.6142565352049063	2.5059432546774167	22.14044095064669	0.1415340994485741	-0.16044955743737727	-0.1198928065266955	0.6048486185054182	0.2765423515976573	0.46498788682862074
14.36224130769569	3.7259937856145195	2.646474743186342	22.442521136434465	0.13737625503985146	-0.1602677899581739	-0.11589212991999691	0.608137579108373	0.27836399023694774	0.44380135481282584
14.566904811246252	3.8377310360241332	2.7870062316952673	22.74302200596181	0.13322688764081556	-0.15986974510566893	-0.11214537323674616	0.6106392410510085	0.27976806109862085	0.4229571766413643
14.769432666307745	3.951607636428906	2.928790119958158	23.04214913234061	0.1290695067144426	-0.15932029928696612	-0.10859483003074359	0.6124513333339312	0.2808505625677891	0.4022669555385808
14.965302245372149	4.072154052955143	3.074478594234752	23.341255947426408	0.12471528040058466	-0.15619782201696022	-0.1048266898690952	0.6133278574017687	0.27228848585265214	0.3857911287132799
15.161171824436549	4.192700469481378	3.220167068511345	23.63660021515679	0.12039780537030546	-0.15146021896925518	-0.10101987614836734	0.6138162127343317	0.25749887808254296	0.37310674187478465
15.357041403500952	4.313246886007615	3.3658555427879397	23.927415572462	0.11623919888358934	-0.14687701888408525	-0.097356639859412	0.6143686911541986	0.24301448926276212	0.3612929018237353
15.553289362993512	4.431599266367598	3.512733402099885	24.215114880714708	0.11223712902410049	-0.14239934661437104	-0.09386450496507763	0.6146263701644237	0.2289591030427335	0.3502969146865484
15.751188770818208	4.540375735560441	3.664802354255804	24.506280412220367	0.10839797150305437	-0.13788220315804742	-0.09065232547547833	0.6135189553021624	0.21575496397535882	0.3400008053623578
15.949088178642903	4.649152204753284	3.816871306411724	24.79119250732135	0.10470130844639763	-0.13349844030631683	-0.08756292200003385	0.6122980451523405	0.20285232501839723	0.33047125068177524
16.1469875864676	4.757928673946127	3.9689402585676437	25.069326689141477	0.10149699828962773	-0.12825437384755498	-0.08381589286009967	0.6083354649880893	0.1888358939414216	0.3240519163291473
16.34620910577968	4.864823136323934	4.120508057167299	25.340184569709074	0.09855245821695649	-0.12291552172135287	-0.0800814847819048	0.6036269410056284	0.1747607149790926	0.3188428861508229
16.55331036284234	4.960500904581152	4.269088998278902	25.60319067429068	0.09583856036481186	-0.11781717737689879	-0.07678165395810725	0.5983455564973867	0.16179329595976222	0.3141169551206813
16.760411619904993	5.05617867283837	4.417669939390506	25.858812007059242	0.09323261150564527	-0.11296506372678668	-0.07372138183294172	0.5932941539187075	0.149139610246403	0.30964428529891985
16.967512876967653	5.151856441095589	4.56625088050211	26.10690934579415	0.090731575506137	-0.10834634620743765	-0.070890731970089	0.5883962779123576	0.1368061441238342	0.30542749880067865
17.175960190438385	5.246154698095808	4.713704394767367	26.346436008163	0.0883545909004419	-0.10396488113406051	-0.06830029239714554	0.5835416853433736	0.12491238318057427	0.3015079298770923
17.394255735590534	5.330359955735421	4.852909249674784	26.571547879545097	0.08623761294669825	-0.09991577591210947	-0.06606257917504499	0.5784737978591021	0.11417470406408908	0.29810060561421453
17.612551280742693	5.414565213375035	4.992114104582203	26.78961687370275	0.08421480683679552	-0.09606724285400987	-0.06401276618925794	0.5733965810467205	0.10376922317634897	0.29489945321684324
17.830846825894845	5.498770471014648	5.131318959489621	27.000733951298724	0.08228353379534102	-0.09240812713651098	-0.06214221744759025	0.5682435857440682	0.0937015779011476	0.29190675162736307
18.050564022644696	5.581999027505012	5.268686475141497	27.20317418631057	0.0804656877413807	-0.08896421099711446	-0.06045354540182547	0.5630364370681841	0.0840717518981271	0.28916927751181454
18.28124740789216	5.6576936080720035	5.391881313997612	27.385087959315943	0.07892038014222719	-0.08597371712830801	-0.0590050766842254	0.5583529545570277	0.07550574686789913	0.28695528861733643
18.51193079313962	5.733388188638995	5.515076152853727	27.561353753449637	0.0774536843774201	-0.08314292858656934	-0.057695583689244344	0.5534968327640655	0.0672704471813653	0.28489754686877616
18.74261417838708	5.809082769205986	5.638270991709842	27.732197436153655	0.07606338205859743	-0.08046246763927713	-0.05651780623678836	0.5484122086369079	0.05937059212275361	0.282997968146992
18.974790606094917	5.884215060766145	5.758670074221619	27.89492457842748	0.07477419199761813	-0.07798473820479493	-0.055463880611827804	0.5432927688420318	0.05188254258625958	0.28131289219197797
19.217740669160982	5.955289934746886	5.858895276750934	28.032112355439004	0.07374569341400149	-0.07608355027410511	-0.054511948120782534	0.5397086891581807	0.045231223277128044	0.2801494412704997
19.460690732227047	6.026364808727626	5.959120479280248	28.16572433245323	0.07277718171209514	-0.07430435473831005	-0.05365161433139991	0.5358697230603778	0.03888432438281588	0.2790906434127747
19.70364079529311	6.097439682708366	6.059345681809562	28.296022918168227	0.07186687215575674	-0.07263960703098973	-0.052877038289032126	0.5317309276475833	0.03284565874871819	0.2781380399818349
19.947973173270544	6.168212712453792	6.155827958194832	28.419427201526414	0.07104076679711469	-0.07116533153057317	-0.052169165711462316	0.5276631131735866	0.02716849138191739	0.2773519027856787
20.201413679010898	6.236996878563928	6.227647945801573	28.515329035187108	0.07055392658173926	-0.0687612724893706	-0.05143129673626584	0.5227318344102141	0.020454137286446086	0.2779254641811035
20.45485418475125	6.305781044674064	6.299467933408313	28.609645839608746	0.07012655238072514	-0.06605289782587928	-0.050799462221218894	0.5168754501645023	0.01358648670123843	0.2788245914933794
20.708294690491606	6.3745652107842	6.371287921015054	28.702370474540285	0.06973021690578289	-0.06345341647676156	-0.05027534139709577	0.5109707104716125	0.006989760745483463	0.27982617246208996
20.962906278025187	6.442115323758864	6.439218093030633	28.79005612861949	0.06939870755803595	-0.0610328541628791	-0.04984487442528444	0.5053715758142511	0.0007452776483610982	0.28097489135476034
21.22511125962795	6.501663731119013	6.481926369521157	28.85424375006509	0.06930352489111635	-0.05913326167507575	-0.0494470263562988	0.5020322651050753	-0.004735755547410724	0.2824658218000592
21.487316241230715	6.561212138479162	6.52463464601168	28.917672855919136	0.06922498098349647	-0.05732003552481733	-0.049116951399632465	0.49869497418417574	-0.010029521073238245	0.2840138686049652
21.749521222833476	6.6207605458393095	6.567342922502204	28.980292300493073	0.06916357596689446	-0.05559577014539187	-0.04885121114972293	0.4953610784137768	-0.015137144225487304	0.28562118858751295
22.01241877747095	6.678179306477086	6.607808315420929	29.0406511203934	0.06914959164010848	-0.05398710312632404	-0.048655682434281255	0.49213568832521193	-0.019935841579191288	0.2872827369049295
22.28027856068098	6.720339324302946	6.632203632857339	29.090182024782727	0.06936186159763383	-0.05262633551761793	-0.0485746773592282	0.4896728616674165	-0.02369980603991958	0.28893416658236337
22.54813834389101	6.762499342128809	6.656598950293751	29.139122416884174	0.06958317669012462	-0.05132824079786778	-0.04853187692162598	0.4872404398578214	-0.02734638169871221	0.2906110561579105
22.815998127101047	6.804659359954671	6.680994267730162	29.187403871065484	0.06981374353933104	-0.050093890817402585	-0.04852586059694228	0.48483899110624007	-0.030876033454506936	0.29231429668786824
23.08419993740008	6.844116876254417	6.70476844210641	29.23531192260811	0.07008294491985893	-0.04891632925464544	-0.048579928652213916	0.4823511497347821	-0.03413440253972377	0.29400344442128007
23.35534360804771	6.86032950249335	6.723200010010098	29.285478570799572	0.07061340419375076	-0.04772450645770762	-0.04887256684568571	0.47889363375854005	-0.03597186373369919	0.29535212281260903
23.62648727869535	6.876542128732283	6.741631577913787	29.33495470620541	0.07115479480523557	-0.04657901214027232	-0.049183935391296514	0.47549132749920453	-0.03774204289589201	0.29670570734255086
23.897630949342982	6.892754754971216	6.760063145817475	29.383638771146277	0.07170717752251515	-0.04548016153738678	-0.04951361650765845	0.47214439806933106	-0.03944507675475638	0.29806446007397597
24.168792654873112	6.906398348443686	6.778585034123467	29.432401507215143	0.07227285012000918	-0.04412819397276296	-0.049597050434689184	0.4669666438833836	-0.04117626661840841	0.2989425707858667
24.440127884941397	6.895323720182393	6.797975949777166	29.48967194967856	0.0730779178909647	-0.04247313029906509	-0.04975568961404131	0.459165518574736	-0.041617548593527495	0.29904102439637775
24.711463115009686	6.884249091921102	6.8173668654308655	29.546302307562193	0.07387676129874264	-0.040842249529939326	-0.049900845261344716	0.45154844785170917	-0.04205597246329399	0.29909580941594516
24.982798345077974	6.87317446365981	6.8367577810845646	29.602265128041832	0.07466933937332074	-0.03923514196516255	-0.05003242177988072	0.44411427089700417	-0.042491551884381834	0.299106953157917
25.254055398911678	6.86065550716982	6.855913809516111	29.657853620531586	0.07546826204091717	-0.03764391368996531	-0.05016078070971454	0.43680110652815807	-0.04284649661289707	0.29904131954982255
25.524679172509796	6.83643651772419	6.873167092999905	29.715422978463973	0.0763582847215242	-0.036011683741581535	-0.05035536839634217	0.4291932677563895	-0.0425737356852031	0.2986478399759452
25.795302946107917	6.81221752827856	6.8904203764837	29.77244918578475	0.07723282170642447	-0.03439572928391555	-0.050527538117787485	0.4217940383474189	-0.04230786703426591	0.29818268367692363
26.065926719706034	6.787998538832929	6.907673659967493	29.828885147366748	0.07809179348479263	-0.03279525520871417	-0.050677104348791385	0.4146011654945291	-0.04204891716369385	0.29764590365997484
26.336488618532847	6.762995762456276	6.924672338775531	29.88477818859307	0.07894089391799729	-0.031205224128039284	-0.05080748331111026	0.40759259661345076	-0.04175748947910911	0.2970181712940067
26.60672191876078	6.733830525646386	6.940318887499478	29.940523001835636	0.07980293762447763	-0.02960449611926414	-0.05093219116785474	0.40068245501788285	-0.041266014336155926	0.29621098749752334
26.876955218988705	6.704665288836496	6.955965436223426	29.995651728336018	0.08064573134921685	-0.0280132590877362	-0.05103057722029987	0.39397474657339915	-0.04078558796215676	0.29532370413009174
27.147188519216634	6.675500052026607	6.971611984947374	30.050134966726002	0.0814691883849537	-0.026430645960842724	-0.05110243915150266	0.387467014574264	-0.040316239259532136	0.29435637899655276
27.417396836506914	6.646185168793425	6.987405188984967	30.104134333846552	0.08227404096476046	-0.024854538723807	-0.05114961125909308	0.3811418338177558	-0.039847780628712	0.2933012867828589
27.68752678589351	6.6164008661248594	7.003658429774621	30.158025590393763	0.08306169537589586	-0.023281636399015194	-0.051175876975734336	0.3749688148983552	-0.039358468558095404	0.29214032557868297
27.957656735280107	6.586616563456294	7.019911670564273	30.211232596142487	0.08382933518100175	-0.021715102851354928	-0.051174412656366186	0.3689948191256154	-0.03888041686167251	0.2908970370611929
28.227786684666704	6.55683226078773	7.036164911353925	30.263743497503004	0.08424437696660289	-0.020910072483439596	-0.05099101113466672	0.36772780189711723	-0.04100487674145968	0.29352176747263314
28.498070489947597	6.528694401213735	7.0526396523623855	30.314906469072305	0.08454391570992688	-0.0202175339568159	-0.05075438150821841	0.3675888227180479	-0.04385886020647021	0.2971167656479831
28.76862903214237	6.503496557014195	7.069509921191324	30.3641221812976	0.0847864060952516	-0.019507627816665568	-0.05048860396051881	0.3677616555633793	-0.04702306106851639	0.30098973935985085
29.03918757433715	6.478298712814655	7.086380190020262	30.412179147891965	0.0849857023947085	-0.01875559514822056	-0.050205432328749536	0.36815109245627203	-0.05035160585420817	0.3050466730978659
29.30974611653192	6.453100868615113	7.1032504588492005	30.458944022752295	0.08514178304337455	-0.01796143595148086	-0.04990455931275789	0.3687572681774946	-0.053845448811387954	0.30928936753309827
29.58076645297892	6.433526504547665	7.119200904261655	30.501114291687745	0.0852496604040217	-0.01719205088698679	-0.049554454904904496	0.3697413205241108	-0.05773552186207666	0.31384078626904005
29.852237054159183	6.419435220378723	7.134254491293425	30.53864966292598	0.08532192812807633	-0.016456557837694463	-0.049158234521674234	0.3710379422577593	-0.061972373749325835	0.3186412398441293
30.123707655339444	6.405343936209782	7.149308078325194	30.574542495178633	0.08536750958979397	-0.01569326213981415	-0.04874702850270012	0.37247009819227184	-0.06631768677135144	0.32355447863947595
30.3951782565197	6.391252652040841	7.164361665356963	30.608695043067115	0.08538639399188758	-0.014902163793345871	-0.04832068298664164	0.3740378558106923	-0.07077193870810553	0.32858140422854887
30.666983253524094	6.387447305230606	7.177659220428769	30.635137347341672	0.08540038892215926	-0.014233427451461542	-0.04782958921991707	0.3758837501606441	-0.07563615929739417	0.33378858766048364
30.93894839843328	6.3885680705244265	7.190115781627932	30.656877960828723	0.085417306821201	-0.013625197965974209	-0.04730402383549845	0.3778406390458493	-0.0806843901219502	0.33904931006020156
31.210913543342457	6.389688835818246	7.202572342827094	30.676650433727733	0.08543040586089337	-0.013008725982854678	-0.04676856444340352	0.3798223337338501	-0.08575922548264009	0.34431412072638595
31.482878688251642	6.390809601112068	7.215028904026256	30.694372316107685	0.08543968675315013	-0.012384011502102941	-0.04622322118840272	0.3818288297751859	-0.09086063387728223	0.3495829602142417
31.7543782490973	6.40694216438002	7.225597142918401	30.70200936189829	0.08551975038777855	-0.012006296558108871	-0.04561077282931025	0.3838235797328622	-0.09624655409675956	0.35469788454468804
32.025801606827365	6.425531739959599	7.235856316156674	30.706234750080945	0.0856409937607512	-0.011739122532768334	-0.04507742955271088	0.3851065325349615	-0.10104472200857038	0.35882510194200823
32.29722496455743	6.444121315539177	7.246115489394947	30.70838399316709	0.08585939492925812	-0.012025843825061168	-0.045429735668375944	0.3805003171430379	-0.10038161707820267	0.35487680458899623
32.56858879867379	6.463324959036732	7.25643526890614	30.708600379331255	0.08608836750148477	-0.012331828167630314	-0.04579172815848045	0.3759312035219877	-0.099701434708127	0.350956227634074
32.83873615036782	6.49507829133314	7.267993657115371	30.703323245347253	0.08639017601633128	-0.012854028676645046	-0.04613196386674804	0.3713086916959395	-0.09918121544606098	0.3469169538132858
33.10888350206187	6.526831623629548	7.279552045324604	30.697325431316248	0.08670274458326781	-0.01338898962086261	-0.04648993950306674	0.36675109249793036	-0.09862076139937483	0.34293899650596155
33.37903085375591	6.558584955925954	7.291110433533836	30.69101573732434	0.08702600813591875	-0.013936534391549172	-0.04686556211547132	0.3622590287061281	-0.09802006792047038	0.339021249583716
33.648891338006045	6.5920493338552415	7.303857021728893	30.68513114193647	0.08736686080836618	-0.014520694983814444	-0.04725794850872185	0.3577970748617774	-0.09740232770627993	0.33513135097173796
33.91781494868039	6.631101775102559	7.320484124053838	30.68099230521446	0.08774303992000161	-0.015198938963880864	-0.04766792260958008	0.35329163036909683	-0.09681179160786804	0.33120500647787227
34.18673855935473	6.670154216349877	7.337111226378781	30.67801973951499	0.0881329769202574	-0.015893657933236813	-0.04809959876856905	0.34886602525967497	-0.09616754083186393	0.3273472955237377
34.45566217002908	6.709206657597195	7.3537383287037255	30.67660154326862	0.08853655721483591	-0.01660454085021719	-0.04855281327954922	0.34452135636464654	-0.09546956719296056	0.32355627000627385
34.724077480994914	6.7500974161034355	7.373361017275615	30.679163353358344	0.0889595495913322	-0.01735350594277382	-0.049033715298030606	0.34018046420218495	-0.0947318643852437	0.3197748384786005
34.99178427440391	6.793550599948947	7.397159245226191	30.687079497006057	0.08940644407533899	-0.018152402902080995	-0.049546914881169454	0.3358188219685465	-0.09394994368654647	0.3159814933041355
35.2594910678129	6.8370037837944615	7.420957473176767	30.697879244343355	0.08986981053940798	-0.018971186960209194	-0.05008431095878545	0.3315492614073209	-0.09310017050868367	0.31225111915029763
35.527197861221886	6.880456967639971	7.444755701127342	30.711824103054695	0.09034946730863835	-0.019809364999570526	-0.050645643995306064	0.32737352140684367	-0.09218253187487661	0.3085806275437742
35.7940982713206	6.92566478052853	7.473441671935873	30.733249389236125	0.09085073530272869	-0.020686332225413266	-0.051245576716706126	0.3231724234849367	-0.09118904350282828	0.3048810495562295
36.06044388906228	6.97207977959032	7.505490413707209	30.76119185832874	0.09113033501615722	-0.021383130138353534	-0.05197277777601077	0.3187065504009227	-0.08997290832263079	0.30153638305611674
36.32678950680395	7.01849477865211	7.5375391554785445	30.792707514938357	0.09057007562694927	-0.021327448990666572	-0.05303120047341021	0.31332031862943843	-0.08820432562526641	0.29943547192911474
36.593135124545626	7.064909777713901	7.56958789724988	30.82721622363489	0.08998278230529004	-0.021229902620135226	-0.05410468645445522	0.30794505443117015	-0.08635033002702244	0.297313182664417
36.85817841264678	7.113483614562714	7.608289677439631	30.869985708202492	0.08937842929739505	-0.021118611525013504	-0.05521386111174234	0.3024226526268524	-0.08437244977155017	0.2950320141049353
37.12280305569176	7.162751428372895	7.64913013401036	30.916445942154475	0.08874887377317725	-0.02097393392520933	-0.056346554718885666	0.29686377623270266	-0.08227633383899124	0.2926732608856248
37.387427698736744	7.212019242183076	7.689970590581089	30.964057099826295	0.08809071904061574	-0.020786648203848804	-0.057496859541005536	0.29132579783916746	-0.08006914216121287	0.2902775826925723
37.652052341781726	7.261287055993256	7.7308110471518185	31.01219795481483	0.08740396509971049	-0.020556654525330738	-0.05866522483830714	0.2858145328700137	-0.07774860347828882	0.28784318248495705
37.915611716218606	7.3107739100432925	7.777769938361501	31.066029406901013	0.08668653592950641	-0.02028235146912684	-0.05987219007801044	0.2801754877151422	-0.0752402849933499	0.2852268298537226
38.1790653848706	7.360282499287903	7.825335957135819	31.11975122795968	0.08594016535454371	-0.019966391160456728	-0.061100902471485356	0.2745578774783084	-0.0725931026387546	0.282544948166381
38.44251905352259	7.409791088532513	7.872901975910137	31.172298864525946	0.08516505293896026	-0.01960887291672475	-0.062349927285419895	0.2689843093148128	-0.0698109288144914	0.27980905291429653
38.705943685891995	7.459219379269817	7.920699871760309	31.223488230909666	0.08436070776118566	-0.019208458068865678	-0.06362054647157891	0.26345506876477354	-0.06688729684802139	0.27701116906335377
38.96883076965081	7.507161103987131	7.9727905072060725	31.276861338359343	0.08351895125431985	-0.018744960993009964	-0.06492667933131563	0.25786331627464953	-0.06374857415198025	0.2740427239512431
39.23171785340962	7.5551028287044435	8.024881142651836	31.32799909389811	0.08280248785872776	-0.018392882588834897	-0.06613344900256285	0.2529126931662893	-0.060708576737522627	0.27108622555302186
39.494604937168425	7.603044553421757	8.0769717780976	31.376799662447734	0.08204487338994691	-0.01794554821978829	-0.06717094196104562	0.2483980520449699	-0.05786187050052695	0.26819898842398693
39.756739205184374	7.650246662155434	8.132760839518014	31.42661596283764	0.08100850662628523	-0.01714661810453594	-0.06813712797088269	0.24355158477963892	-0.054934804254077874	0.2652249645638151
40.01548251289984	7.694117267182028	8.205208978240037	31.489183707434396	0.07976318091097372	-0.016007399218428326	-0.0690745140156918	0.23835019834837418	-0.05184825768750477	0.26223316709287003
40.2742258206153	7.737987872208624	8.27765711696206	31.54980465898889	0.08027909552680867	-0.016258319046351125	-0.0715318361007837	0.2359220118395851	-0.0489832546221547	0.265072928941392
40.53296912833076	7.78185847723522	8.350105255684083	31.608975419786233	0.08075179464593962	-0.016505933912861117	-0.07392601592586286	0.23349090877026263	-0.046114466759583875	0.26774144941643235
40.79140187774255	7.82215972623485	8.425351874247555	31.66997089263591	0.08116988335114364	-0.016708277656667624	-0.07623990790837927	0.23099885560391473	-0.04322592396242786	0.27017033523188033
41.04911741474829	7.854217800301696	8.507061383793229	31.73697601972643	0.08152460192894606	-0.016809532590673377	-0.07845382290739764	0.22837104861311322	-0.04030878775136108	0.27228133043880975
41.306832951754025	7.886275874368541	8.588770893338898	31.803999262351393	0.08184312319106757	-0.016922622056607304	-0.08059893001834662	0.22572799478603403	-0.03739560198210879	0.27422788948953297
41.56454848875977	7.918333948435387	8.670480402884571	31.871426911095686	0.08212484590076277	-0.017051596491490618	-0.08267279265020572	0.22306621327836199	-0.03448370855537568	0.2760074175728332
41.82176614566748	7.943801212779578	8.755535306210877	31.943329043120738	0.08236611089998504	-0.017117979549024668	-0.08466191238098096	0.22031744524227068	-0.03158517583981212	0.27757228974889914
42.07827959164148	7.959946312435609	8.8453219971448	32.021793462570514	0.08257590045114398	-0.017088292896913108	-0.08656742407678379	0.21745875517693866	-0.02872448011864849	0.27892432250022753
42.334793037615476	7.976091412091641	8.935108688078722	32.101844826139036	0.08276265073775183	-0.017080471639717824	-0.08840679643144742	0.2145826051910804	-0.02588780696424808	0.2801351082095588
42.591306483589484	7.992236511747675	9.024895379012646	32.18361293244384	0.08292603058468066	-0.01709674685198496	-0.09017868731419029	0.21168707795500752	-0.023073692233939798	0.2812032175947617
42.846916784271144	7.999999997006018	9.1178962887928	32.2714078605518	0.0830820620349847	-0.01702858611232471	-0.09188679247589408	0.2087238470983113	-0.02034575832055822	0.2821367894529299
43.10169054515687	7.999999998296575	9.213874374006899	32.36527582206436	0.08324285943822078	-0.0168771945122061	-0.09354338870131418	0.2057099607213897	-0.017725960201824008	0.2829654693523232
43.356464306042604	7.999999999587133	9.309852459220998	32.46123359255534	0.08339754366551888	-0.016742614142856334	-0.09514802294228121	0.20269301775545476	-0.015162708943754842	0.2836902252824568
43.61123806692834	8.000000000877689	9.4058305444351	32.559005455914296	0.08354611471834017	-0.016624844993960552	-0.0967006951935235	0.19967301821466588	-0.012656004572283452	0.28431105724184014
43.864909400252586	8.000000001486379	9.504656517423019	32.66143895380931	0.08367701116712584	-0.01651883348491735	-0.09817020233459393	0.19660433976419908	-0.010192567334832725	0.2847134932133753
44.117901745777864	8.000000001675103	9.605236511372318	32.7669537577596	0.08359987697388589	-0.016709613156791137	-0.09871251564297052	0.19355753828760458	-0.008062186270169617	0.2838422544652426
44.37089409130315	8.000000001863828	9.705816505321621	32.87315385493768	0.0832899181811763	-0.01721597117053724	-0.09825104624016143	0.19057309832750033	-0.006306551338019646	0.28164691544849413
44.62388643682843	8.000000002052552	9.806396499270923	32.979795090777145	0.0829688267772582	-0.017704835080923444	-0.0977752634801402	0.1875918391140035	-0.004598627597080605	0.2793975037488672
44.87752192354376	8.000000002174167	9.905337193439111	33.08462782039527	0.08264250335927338	-0.018181031856609096	-0.09729905707775278	0.1846401998671962	-0.0029461981831683114	0.27715571234391906
45.13141479525713	8.000000002268926	10.003621840105637	33.18858534375731	0.08230759331111213	-0.018641956308608838	-0.09681433327503974	0.18170226960600816	-0.0013438037856512218	0.2748854342245216
45.385307666970505	8.000000002363684	10.101906486772164	33.29229084504469	0.08196176598808405	-0.01908572504291598	-0.09631557297609487	0.1787674585665295	0.00021180229074916064	0.27256212934162993
45.63920053868387	8.000000002458442	10.200191133438688	33.3955902799152	0.08160502139018982	-0.019512338059527175	-0.0958027761809187	0.17583576674876655	0.0017206200460206575	0.27018579769525924
45.89407585683607	8.000000002509086	10.295889566750894	33.49495995096198	0.08124715678851581	-0.019930098527954358	-0.09529844792456317	0.1729489143493028	0.0031723471105407114	0.26785599270233285
46.14918789243977	8.0000000025491	10.39096485989986	33.59277980485656	0.08088101162622983	-0.020333137760548785	-0.0947858606663014	0.17007515464123135	0.004575986780608849	0.2654984890536091
46.40429992804347	8.000000002589113	10.486040153048826	33.68978748713643	0.08050425496639763	-0.02071950178266668	-0.09425963005406016	0.16720442678977873	0.005934148603844623	0.2630894438455124
46.65941196364717	8.000000002629127	10.58111544619779	33.785941069949914	0.08011688680901946	-0.0210891905943067	-0.0937197560878396	0.1643367307949477	0.007246832580243003	0.2606288570780488
46.915868807361676	8.000000002641226	10.672491126248438	33.8761859176533	0.07973363826381474	-0.0214550577823399	-0.09319928598393501	0.1615318225641916	0.008502150948114684	0.25826234187580044
47.17248485900138	8.00000000265002	10.763428819852761	33.96490192770063	0.07934190288535103	-0.02180636968743183	-0.09266957434983276	0.1587369117493845	0.00971221564451906	0.2558633728995281
47.42910091064108	8.000000002658814	10.854366513457085	34.052740531547066	0.07893995797544894	-0.02214163804307963	-0.09212673617530938	0.15594491794364515	0.010878525206037243	0.2534148147706694
47.685716962280786	8.000000002667608	10.94530420706141	34.139793483268754	0.07852780353410849	-0.022460862849283038	-0.09157077146036487	0.1531558411469742	0.012001079632668112	0.2509166674892255
47.94406733221838	8.000000002654454	11.031187425134263	34.21913022702592	0.07812657450275022	-0.022782936763242088	-0.09104801321122392	0.15045150706984886	0.01306759066253265	0.24857230052634186
48.20245543571732	8.000000002640823	11.116960672988395	34.29772459096523	0.0777562101266238	-0.02215481906297257	-0.08977563403690836	0.14796010044873734	0.012587011894560757	0.24460177746065706
48.460843539216256	8.000000002627191	11.202733920842526	34.37580734041296	0.07741193484563634	-0.021286403707488834	-0.08833256129717798	0.1455389143354805	0.011713255010288692	0.24022822065104468
48.71939021070101	8.000000002607628	11.288001790162319	34.45271160941455	0.07708768061958272	-0.020441111946293347	-0.08693202469663597	0.14313988621669346	0.01086730451929287	0.23591770744762194
48.98046401265581	8.000000002493518	11.365215338261653	34.51778684204929	0.07681266550784412	-0.019632234210602457	-0.08562820025200565	0.1408864249488511	0.010007856993646239	0.2319477102439111
49.241537814610616	8.000000002379409	11.442428886360986	34.58242322250751	0.07655402912417578	-0.01884351490947207	-0.08435965306779561	0.13864556270252737	0.009176127315522944	0.22801802990909129
49.502611616565424	8.000000002265299	11.51964243446032	34.64669894991119	0.076311771468579	-0.018074954042900993	-0.08312638314401012	0.13641729947772113	0.00837211548492659	0.2241286664431635
49.76393022400032	7.9996763530183275	11.59598352152858	34.70951819691575	0.07609149122039076	-0.017325340538274385	-0.0819369842925368	0.1342177984548132	0.0075881623383183446	0.22031933930894404
50.026830291443176	7.997261908418024	11.66668845115192	34.76446531543291	0.07592176820008428	-0.016590120418663035	-0.08083519585187668	0.13213289163024514	0.0067856125547081005	0.21680124282473953
50.289730358886025	7.994847463817721	11.737393380775258	34.81922016409858	0.0757648405213377	-0.015878819518279803	-0.07976292363681661	0.1300561125081475	0.006016641761400799	0.21331327009594278
50.552630426328875	7.992433019217416	11.808098310398595	34.87387320528134	0.07562060299549123	-0.015191620865392714	-0.07871996147758345	0.12798717707913887	0.005281643363984062	0.20985516656599695
50.81548627750355	7.9846598339294514	11.877743396246006	34.92797146002823	0.075522636956267	-0.014512664630426539	-0.07774524738934074	0.12596074196087392	0.004568468471991309	0.20656810655398078
51.07816817089512	7.955804031575406	11.943218793395982	34.979737167072685	0.07555232820188981	-0.013831697761750203	-0.07692928611250792	0.12405100006054845	0.0038974288285642785	0.2038155604817279
51.3408500642867	7.9269482292213596	12.00869419054596	35.031182616057976	0.07556475858558284	-0.013237661312812734	-0.07610033659686906	0.1220995100847266	0.00335877183473001	0.20100499192428553
51.60353195767827	7.898092426867314	12.074169587695938	35.082341629466725	0.0755587649118308	-0.012732579243810764	-0.0752561189792143	0.12010313140551729	0.0029568478417157096	0.19813358594850697
51.86589427030616	7.864535387572138	12.138145766672247	35.13181405940613	0.07555350564015849	-0.012327634288859609	-0.07441734767580624	0.11808149033253838	0.0027171673947737566	0.19531272072362987
52.127361904971465	7.817817064601531	12.19792482988475	35.17677022278716	0.07572010093086103	-0.012074618553462512	-0.07380319835573543	0.11643588444285506	0.002686555676146646	0.19305870960312335
52.38882953963679	7.771098741630924	12.25770389309725	35.22102235270699	0.07599241100659393	-0.011934545808126057	-0.07335203564721338	0.11514819125879092	0.0028030193096196523	0.1910355937027291
52.6502971743021	7.724380418660317	12.317482956309753	35.264556864494324	0.07620956192293979	-0.011891827093138565	-0.0728530783018327	0.11382084379141168	0.003099230153507138	0.18886769529412817
52.91142854420258	7.674300014159378	12.375739263512076	35.305526698796584	0.07637784376466562	-0.011963706038275202	-0.07231298262915675	0.11246194544466614	0.0036057089863225063	0.18662806293481912
53.17182484449125	7.616870151065772	12.430666849461629	35.34152150468524	0.07649613744791962	-0.012177964433637164	-0.07173020190026733	0.11107099787648404	0.004373174803858882	0.1843794413304927
53.43222114477993	7.5594402879721665	12.485594435411183	35.376445055315	0.07654366799638139	-0.012507098509252723	-0.07107715803861603	0.10961020177749005	0.005350243390891807	0.18194643296152072
53.69261744506859	7.502010424878559	12.540522021360736	35.41029606813519	0.07651958832490867	-0.01295322597797751	-0.07035115577329575	0.10807462865231117	0.006539494506718168	0.17932795971954052
53.95264289541909	7.442367870515847	12.594751727026047	35.44219789096862	0.07642141932280344	-0.013533821133741485	-0.06954800201967085	0.10645651239107917	0.00797469474011197	0.17654653560983866
54.21198771956388	7.378664332159938	12.64770060300533	35.471273174831914	0.07624172917763192	-0.014268899907711081	-0.06865768754687748	0.10474168195968864	0.009694082043759466	0.1736065822285616
54.47133254370867	7.31496079380403	12.700649478984614	35.49906707488523	0.07598012429477286	-0.015134930207657979	-0.0676772274874145	0.10292687711270705	0.011647727398446505	0.17045686905611093
54.730677367853474	7.251257255448122	12.753598354963898	35.52557717807857	0.07563570255934449	-0.016134167320786617	-0.06660375147574893	0.10100684918173133	0.013838378154040284	0.16709624794627354
54.98969513463562	7.186599062109591	12.806970649269632	35.55148342618265	0.07520283525563048	-0.017279855286220055	-0.0654279390536191	0.09896279421761432	0.016295870232351947	0.16350292545015635
55.24817360163115	7.120366694674248	12.861041137345623	35.57716793256222	0.07467544030218931	-0.018584572222506923	-0.06414008518515844	0.0967778913634013	0.019046172360643744	0.15965667580477713
55.506652068626664	7.054134327238906	12.915111625421613	35.60145800958836	0.07405941319787865	-0.020033999869914273	-0.06274662599054084	0.0944677476304908	0.02205004073583939	0.1555877741667761
55.7651305356222	6.987901959803562	12.969182113497606	35.62432453124977	0.0733537993482605	-0.021630524714537074	-0.06124452412382731	0.09202680901488008	0.0253103825319092	0.15129500559777725
56.023393853390274	6.9221514342812025	13.024806948576256	35.64823121499168	0.0725622032015478	-0.02330798330872211	-0.059652385356761366	0.08945106446254954	0.028747564229743217	0.14678095893170812
56.28131646491	6.857163944501107	13.082893218177198	35.67457402018043	0.0717641216053632	-0.02438389529999507	-0.05823445628707367	0.08692934717874409	0.03143311282259755	0.14256254986720374
56.539239076429716	6.7921764547210115	13.14097948777814	35.69899495405854	0.07093776958015781	-0.02550274332466176	-0.05678282413270473	0.08438147955000184	0.034202235856209635	0.1382901948813828
56.79716168794944	6.7271889649409164	13.19906575737908	35.72101349754209	0.07008118465875271	-0.02666712879270357	-0.055294796206129905	0.08180376483582288	0.03705621121618435	0.13396124692549238
57.05481197917279	6.662927865747344	13.259076716310659	35.74339951591467	0.0691921677712958	-0.027881191763332553	-0.05376429307586569	0.07917809423860445	0.04000838667528542	0.1295185192718903
57.31202051994076	6.599845097279248	13.32220985305864	35.767833993217906	0.06826807814218773	-0.029150174438051027	-0.05218601888195858	0.07649238743687731	0.04306922475870522	0.12492624584284519
57.56922906070872	6.536762328811149	13.385342989806619	35.78867668103557	0.06730701808880686	-0.030475043817748095	-0.0505624412934408	0.07376643480434882	0.04622122695358938	0.12027050742599403
57.82643760147669	6.473679560343052	13.448476126554597	35.80551451913681	0.06630692288131443	-0.03185853686988441	-0.048890727308905646	0.07099634696620641	0.049465737735181675	0.11554851903690307
58.08354135603266	6.411930813732647	13.513269314965985	35.82106425543128	0.06527043089543128	-0.03329523643082265	-0.04717203869668745	0.06817657204562372	0.052793025169407176	0.11072406375950535
58.34045942164343	6.352546052868817	13.58100423813849	35.83754206767173	0.06419905188646298	-0.034782417727856646	-0.04540697388675756	0.06530316488598643	0.05619605600580219	0.1057707586609977
58.597377487254214	6.293161292004986	13.648739161311	35.849208755083076	0.06308234586612775	-0.03633767826024797	-0.04358576420572414	0.06237573188963286	0.05969589409035138	0.10074608331751397
58.854295552865	6.233776531141157	13.716474084483508	35.855775403782374	0.06191822982116711	-0.03796377923161836	-0.041705551565627864	0.059390349240890074	0.06329389580378106	0.09564722808326376
59.11126060689506	6.1762666894987435	13.785553773953234	35.859947263074474	0.060715279175011	-0.03964397977572277	-0.039776676973399594	0.05635575062765804	0.06695495232218893	0.09046283810633401
59.36832304194613	6.12264251906848	13.857420420657423	35.864890346357946	0.05948366963569256	-0.041359507643986014	-0.0378122406731686	0.05328419607195595	0.07063954113830012	0.08518522447165976
59.62538547699721	6.0690183486382185	13.929287067361614	35.86440189226233	0.05819971738551117	-0.04315313771565676	-0.03578303937250481	0.05014698350045561	0.0744236456339826	0.07983155777655773
59.88244791204828	6.015394178207955	14.001153714065799	35.85833340617836	0.056861425616405656	-0.04502751692235109	-0.033686333264998654	0.04694035148401852	0.07830856605634605	0.07439914465201539
60.139598753139474	5.963885802463189	14.074138217381366	35.849467719996966	0.055604392285848486	-0.0466141740860522	-0.03193229979256838	0.04414888474666525	0.08153693729508342	0.06981017389038884
60.39698173318203	5.9179331371525805	14.150058018569784	35.84281416470729	0.05446649396127463	-0.04785600848836322	-0.030526171189024662	0.04180391288305238	0.08400912884034797	0.06599009651726828
60.65436471322459	5.871980471841973	14.225977819758198	35.83123849390801	0.05331367066926584	-0.04909481455024199	-0.029092623831536595	0.039472599215067856	0.08642081663392873	0.06215394674810631
60.911747693267145	5.826027806531366	14.301897620946615	35.81505669318758	0.05214436505132078	-0.050331307814783816	-0.027629847816980968	0.037153975654994544	0.08877195858505563	0.058296715781236234
61.16930148539163	5.781405599482976	14.37798656909674	35.79556188502613	0.050968367976271016	-0.05154236131815597	-0.02615317956123052	0.03487036494342049	0.0910167033658727	0.05443776127412432
61.42749415920109	5.741759652935421	14.454708170948448	35.775813133820726	0.049814442618799616	-0.052662357596602156	-0.024707795330106228	0.032686141092923	0.09302941954365128	0.050637308867513046
61.685686833010564	5.702113706387868	14.53142977280016	35.75249621018769	0.04863822421183374	-0.053780472763488164	-0.02322792128765022	0.030514301573645798	0.09498136823858362	0.04679867488440972
61.943879506820025	5.662467759840315	14.608151374651868	35.72588597775739	0.04743835067300024	-0.05489733264044497	-0.02171197447326665	0.028353999685735348	0.09687251263763266	0.04291747857339796
62.20224788926014	5.623453968157956	14.684582940032897	35.69608970699532	0.04622127523257258	-0.05599739664025145	-0.020170839472363332	0.02622115768443016	0.09867268482262936	0.03901597708604761
62.46177063900259	5.588593295782714	14.759109029188924	35.66247319711615	0.045029669983416024	-0.0569901723069107	-0.018673769950267177	0.024209360845139416	0.10021461174202705	0.035239551059276446
62.72129338874503	5.553732623407473	14.833635118344947	35.6263555990152	0.04381135171891393	-0.05798160826421495	-0.017138502570239317	0.02220847080642218	0.10169666539760143	0.031410323711787105
62.98081613848747	5.518871951032231	14.908161207500974	35.58796327950116	0.04256515104057302	-0.0589722418033639	-0.015563678301598344	0.020217760644890642	0.10311881418398806	0.027524534005182164
63.240416281542736	5.484163873326823	14.982476756003349	35.547231098950306	0.041293001952021395	-0.05995684580897895	-0.013952933141032773	0.018242598460000873	0.10447078241853912	0.023591211750824834
63.50188431851345	5.453138680420506	15.051710888662274	35.49781605493726	0.04006706222407809	-0.06080154260601486	-0.012422971204426501	0.01642386599787808	0.10551688559195034	0.01990623850743153
63.76335235548415	5.4221134875141885	15.120945021321198	35.446720455856635	0.03881280704145197	-0.061644958672818155	-0.01085434365781399	0.014614368930713589	0.10650557908716468	0.01616101231673619
64.02482039245487	5.391088294607872	15.190179153980123	35.39411960145677	0.037556543569549454	-0.0624251058686137	-0.009277865980770236	0.012907714700528237	0.10729258836706933	0.012329221605635118
64.28628842942558	5.360063101701556	15.25941328663905	35.340162554674954	0.03656849910403824	-0.06257344802636926	-0.008016492822051071	0.012127541906705036	0.10661806356455017	0.008346564270556545
64.5501369547888	5.333051163775536	15.320812852666801	35.27359186951767	0.03572731758194163	-0.062471463763935364	-0.006980134736095305	0.011591679762617853	0.10551856897920214	0.004984789933226269
64.81415341706295	5.306322349953925	15.381659711559873	35.20499917484682	0.034931678725089385	-0.062294617708081285	-0.006008850643687698	0.011112805439889122	0.10429817373280321	0.0018300942859728524
65.07816987933711	5.279593536132316	15.442506570452945	35.13526034835496	0.034174901316884894	-0.06205548270062019	-0.00509267961774885	0.010677760820960731	0.10297980555986243	-0.001142856177773979
65.34218634161127	5.252864722310706	15.503353429346019	35.064450828175914	0.033457931350486476	-0.06175349517115988	-0.004233815557305486	0.010287532154018973	0.10156378650060395	-0.00392822447895231
65.6082394214563	5.231180130008918	15.556715779573594	34.98248300064991	0.03288547382091473	-0.06120206009956873	-0.0036041067782834166	0.010149315504861447	0.09973355385160312	-0.0061165211672775015
65.87475541728523	5.210642071450703	15.60837692740446	34.89716833144476	0.03237269057238697	-0.06055210973804957	-0.003066891986598912	0.010098972698119518	0.09774764424454122	-0.008039380567562718
66.14127141311414	5.190104012892489	15.66003807523533	34.81086325667489	0.03189606806545396	-0.05984633610654614	-0.0025843082189409114	0.010089712866644234	0.09567966638438236	-0.009787193590835443
66.40778740894307	5.169565954334273	15.711699223066194	34.72362399694606	0.03145622929697539	-0.05908436805799287	-0.0021578002978137815	0.010122185517800045	0.0935298323551634	-0.011356116213918967
66.67607590948747	5.156089536216758	15.755363301285799	34.625453503604994	0.031164219634140004	-0.05805525205627645	-0.0019745788204849303	0.010437680138137386	0.09094217314232088	-0.012328074749147088
66.9451915011914	5.145908240718307	15.795295764283193	34.52153606774486	0.030952241571616808	-0.05688339670651153	-0.001923227387919983	0.01089902810437228	0.08812688444087718	-0.012959134389057679
67.21430709289534	5.135726945219856	15.835228227280584	34.41655268689785	0.030767249418245178	-0.055669253923363554	-0.0019151099721136803	0.011392444070047886	0.08525404872367444	-0.013448218754408329
67.48342268459929	5.1255456497214045	15.875160690277974	34.31053529475089	0.030609484224026984	-0.05441268010257604	-0.0019507856039214042	0.011918179342612988	0.08232374805028764	-0.013793840515400339
67.75359586658973	5.125981617954964	15.90614645509506	34.19353505462245	0.03059883171872476	-0.05286262461035994	-0.002241175745732936	0.012776240351595667	0.07891521344443739	-0.01355401239070718
68.02468327961716	5.135595650846797	15.929398271086011	34.066510453357544	0.030789690397704045	-0.05103549312430142	-0.002810657895006296	0.013949124911246382	0.07509239963093092	-0.012759205342819262
68.2957706926446	5.145209683738631	15.952650087076957	33.9379916242471	0.031862581597188536	-0.0487972448807091	-0.004159108387742793	0.015524035379079152	0.07097386813206177	-0.011061017867055382
68.56685810567201	5.154823716630465	15.975901903067907	33.80809336505128	0.032941372923595315	-0.04655208360605848	-0.005503982409436515	0.01709951113185265	0.06683892341241969	-0.009412278342848628
68.83674825442483	5.179122672933335	15.990758569825726	33.67012845629625	0.034121807691692464	-0.04404628725880198	-0.007048160823209824	0.019002255175637382	0.06226990819013485	-0.007358335509741616
69.10468316196201	5.2274034418653565	15.991905196001966	33.51939530220677	0.03542775034971904	-0.04116536689307192	-0.00888179789313187	0.0214036710020441	0.05707552273176052	-0.004634470418315948
69.37261806949923	5.275684210797378	15.99305182217821	33.36693446570383	0.03668606934568844	-0.038344636818259746	-0.010656153184621842	0.023754021300717965	0.05197119336554992	-0.0019932157308768577
69.64055297703644	5.3239649797294	15.994198448354453	33.21289672632987	0.0378967313056324	-0.03558412623658786	-0.012371199581330499	0.026053269916526706	0.04695698405827575	0.0005654737464907272
69.90468034559586	5.384807694258755	15.99272279483116	33.06002481925581	0.039078900555510436	-0.03274865516924714	-0.01411699444626176	0.02849741744800421	0.04181752528780077	0.0032629232777406365
70.15490618633608	5.491514741944826	15.981673058309504	32.91541379233551	0.04024731938920606	-0.029528548312769094	-0.016090513083638423	0.03156914264603103	0.03605458670732217	0.00664317119056514
70.40513202707629	5.598221789630896	15.97062332178785	32.76999199178248	0.041309041833640675	-0.026448531939056722	-0.01793622654007905	0.034529328410106086	0.030500859937224397	0.009870116332567335
70.65535786781652	5.7049288373169675	15.959573585266197	32.62404524782047	0.042264731723134996	-0.023508025193079277	-0.01965467418096925	0.0373786938940769	0.02515507262839257	0.012942859761438061
70.90432440594941	5.813817423752262	15.947634071607544	32.478194109956576	0.043113632520233806	-0.020692426313257965	-0.021257887698153757	0.04014801325964835	0.019993342295839975	0.01590403121929025
71.12896677644166	5.964843709214099	15.91850799125928	32.338836080448765	0.04381230795275795	-0.01777508790496435	-0.0229362924709871	0.043370637729869696	0.014642565507995935	0.019534458400975018
71.35360914693389	6.115869994675935	15.889381910911016	32.20168961034049	0.044373534167231	-0.015053169839932046	-0.024450642808242377	0.0464517415815157	0.00957447528583283	0.022976947893510125
71.57825151742611	6.266896280137773	15.860255830562753	32.067225072339895	0.04479953451846924	-0.01252472668269679	-0.025802745185707823	0.049393733448970675	0.00478481019928606	0.02622848890391511
71.80289388791836	6.417922565599608	15.83112975021449	31.935915426261836	0.04509253236128907	-0.010187812997794105	-0.026994406079171793	0.05219902196661907	0.00026930881829063773	0.0292860706392098
72.01097220568953	6.591555386761971	15.807037938846552	31.837434538158544	0.045229469821173054	-0.007956362156638657	-0.02805260375088845	0.055025003443499115	-0.004055519911412724	0.032120595077242506
72.21708711357874	6.7678678598391775	15.783542861480306	31.747742488051014	0.0461950385566213	-0.006040334337457658	-0.029660118968236764	0.05730830966390293	-0.007491444255143595	0.03532530694856762
72.42320202146794	6.944180332916382	15.760047784114057	31.663612473706138	0.04705276659050691	-0.0042739228371452545	-0.031126710617087546	0.059418700177382135	-0.010714012281694937	0.03834003606364125
72.62931692935716	7.120492805993587	15.73655270674781	31.5850825404131	0.04780017249132738	-0.002654326039488696	-0.03244677546501564	0.06135637509938047	-0.013726185699634585	0.04114813281754269
72.82864931002011	7.305321543277129	15.724441062418153	31.538444220398812	0.04835307421354706	-0.0011141905282225938	-0.03351728805895252	0.06314724224969964	-0.016590348883247553	0.043339053634955514
73.0258026925815	7.492886270099543	15.715986532634261	31.506306038466573	0.048766191410748415	0.0003065873823386864	-0.03439896626117732	0.06477708620733108	-0.019264244966036775	0.04515635128777179
73.22295607514286	7.680450996921955	15.707532002850366	31.480088154450737	0.04906497760104389	0.0015885935375157844	-0.03512079631914693	0.0662381512976742	-0.021729343776823958	0.04671862974515947
73.42010945770426	7.868015723744368	15.699077473066474	31.459510744076674	0.04924852417376856	0.0027328537880597745	-0.03568072653135953	0.06753051079578257	-0.02398672978640315	0.0480197925226556
73.61227817498718	8.060537627080206	15.703093531694893	31.46922663447135	0.049759971829494744	0.0032129587269461093	-0.03607143290133604	0.06836262462304696	-0.025436351134975492	0.04852297256959547
73.80172674644395	8.255764675545997	15.713914825404178	31.497256156400983	0.05119589215808548	0.0022484032487307196	-0.03640866771619391	0.068782865240233	-0.02548406486604569	0.04837710608186579
73.99117531790074	8.450991724011788	15.724736119113466	31.528301243847316	0.052456093304147224	0.0010902860695914283	-0.036543178387217594	0.06963433253360828	-0.02561499542045496	0.0480944449889594
74.18062388935753	8.646218772477578	15.73555741282275	31.56074876982359	0.053540031203934815	-0.0002616367011161421	-0.036473989351829765	0.07091728915463608	-0.025830193404055717	0.04767534574643359
74.37422637273023	8.8367089471156	15.752721557140179	31.594624124008273	0.0544461476438645	-0.001759787620276359	-0.036182875306858035	0.07256442414330361	-0.026133167738242133	0.04691993070186635
74.57086542086265	9.023736404096702	15.774522409462637	31.628010203906843	0.05517756356958957	-0.003421978493721202	-0.03567702799852484	0.07458575444038262	-0.026511568533006277	0.04588662905956822
74.76750446899507	9.210763861077801	15.796323261785094	31.65907666562791	0.05573491526994453	-0.005284880772949866	-0.034968184854923395	0.07702891196291481	-0.02696214506669167	0.044723605890305156
74.96414351712748	9.397791318058903	15.818124114107551	31.68746266151875	0.05611711284183967	-0.007348983035209452	-0.03405439156706534	0.07989442287101234	-0.027487001979747176	0.04343157526851513
75.16381085171759	9.581218547625634	15.842333793514616	31.710802478040026	0.0563250598950069	-0.009585781644694055	-0.03293360354061662	0.08314157149622292	-0.028091061789653125	0.041940804862510214
75.36594556211718	9.76171239748901	15.868506127961378	31.729787741499262	0.05635903667146777	-0.012002448148518693	-0.031605145282160275	0.08677443816416774	-0.028771720600310798	0.04026678976636047
75.56808027251677	9.942206247352386	15.894678462408137	31.74694485240555	0.0562166555120029	-0.014623552669626913	-0.03006718403140774	0.0908260549323297	-0.02952791699860264	0.038468259609580176
75.77021498291637	10.122700097215764	15.9208507968549	31.76319006335691	0.055896618385670845	-0.017449677083958056	-0.028317392284601898	0.09529704843633581	-0.03036215752703627	0.03654606482623411
75.97681091221179	10.298608626573182	15.941928833440812	31.766348657655133	0.05539787020833205	-0.020446294114639253	-0.02638584798379736	0.10021376257641613	-0.03134388489077781	0.03466503098896636
76.1868414815644	10.47098697150062	15.95908482990615	31.76138276764306	0.05595244043281339	-0.02210651668391135	-0.02591773826571357	0.10261781102235805	-0.03143421662897955	0.03389825953936054
76.39687205091701	10.64336531642806	15.976240826371493	31.759414909490385	0.05650674272317868	-0.023520073381993592	-0.025579167571170718	0.10466788559860914	-0.03143692119861986	0.033249345841282765
76.60690262026964	10.8157436613555	15.993396822836834	31.760758342243765	0.05690999273206438	-0.024859419427943338	-0.025174996595941967	0.10670823464080469	-0.03147736170094992	0.032590467800873234
76.82998343978906	10.969412001079473	16.013664566867106	31.746704215884755	0.05731647904326639	-0.02580303936349193	-0.024986168520475936	0.10845090415730982	-0.031667939329005086	0.032391828666392626
77.06123013895392	11.111373005794235	16.03587941197034	31.725602780316166	0.05767096331563751	-0.026466476844038828	-0.02490942565472601	0.11000532025286047	-0.031972932797777666	0.03247158252214193
77.29247683811877	11.253334010509	16.05809425707357	31.709284042189047	0.05787862080075768	-0.027050751560536043	-0.024770436243577214	0.11155203470307709	-0.03232279977353503	0.03253569130171836
77.52372353728363	11.395295015223764	16.080309102176805	31.697276262926017	0.05794040866450514	-0.027556889047852987	-0.024569405394003496	0.11309029544905524	-0.03271658309039901	0.032583813160165426
77.77013829627953	11.504636304980547	16.10990124889641	31.66592392087924	0.058097628558919	-0.027570984395831746	-0.024642161018070867	0.1140054840586067	-0.03313545204161816	0.032810331332693336
78.0229644569055	11.600189536410628	16.14261171424974	31.629064118007733	0.05823975329283809	-0.027352843978399453	-0.024804867074871416	0.11465115825182785	-0.03357698213712987	0.03310238811159674
78.27579061753144	11.69574276784071	16.175322179603068	31.595715582387033	0.05827097829515097	-0.027082314352666576	-0.024917574726201052	0.11528597098675322	-0.034045642804265246	0.03337729004971835
78.5286167781574	11.79129599927079	16.208032644956397	31.564852644689193	0.05819234074416048	-0.026760506781100157	-0.024980506224553348	0.11590910733757338	-0.0345403968647216	0.03363466672623589
78.79376964197454	11.844123724478848	16.23206548645178	31.49181909133707	0.058354989370459846	-0.02600975454341355	-0.025386750972027736	0.11583751520386183	-0.03498957396622904	0.03407992221658055
79.06160721948177	11.887645980925882	16.25420837122411	31.410928112099345	0.05853556671962832	-0.02515384748978081	-0.025850146646733595	0.11561138611038196	-0.03543456474092699	0.034558112879437775
79.32944479698901	11.931168237372912	16.276351255996442	31.330699582952423	0.05866305765707379	-0.024278282059247373	-0.026287263826482055	0.11537973268213626	-0.03588911329522882	0.035024912836559154
79.59728237449626	11.974690493819946	16.298494140768774	31.250029085661133	0.058737800961751255	-0.023383421229265035	-0.026698175106763443	0.11514228873566017	-0.03635288085017959	0.03548020109546075
79.86926458382906	11.98214188198996	16.30451875586487	31.12630950781379	0.05912046540879129	-0.02225104538259166	-0.027413927463920552	0.11439973453900011	-0.03673768307877449	0.03608497122254074
80.14139208578288	11.98832878365956	16.309978335091607	30.999230918661805	0.05981845448957428	-0.02121148133499269	-0.02835030582463725	0.11258949051346845	-0.036611129347076374	0.036891462762520755
80.41351958773669	11.994515685329159	16.315437914318338	30.86960343920288	0.06080462125785735	-0.020263973184461822	-0.02948591033263952	0.1098020591467531	-0.036012514688545355	0.03788247134772811
80.68561353984353	12.00143281903783	16.319330141050497	30.73598985987067	0.061805770563441956	-0.019323399402232568	-0.030629711191387812	0.10702477362096018	-0.03542509573023666	0.03891345960114966
80.9574456050281	12.0140500747576	16.310987762923585	30.59041533595931	0.06289728408752657	-0.018464802770553568	-0.03180561521453094	0.10440658049767218	-0.034940706753765066	0.04023897476492365
81.2292776702127	12.026667330477371	16.302645384796676	30.44139921955848	0.06397754071791092	-0.017617140829617167	-0.03296771742072564	0.10181488682592214	-0.03445844328693061	0.04155702929999806
81.50110973539728	12.03928458619714	16.29430300666976	30.288642349007215	0.06504661958597725	-0.0167804860047566	-0.034116024516021096	0.09924980794975938	-0.033978299964893856	0.04286762186516275
81.77265342194508	12.055176216595774	16.28461013113161	30.132574973383388	0.06611306266657406	-0.015986646993341513	-0.03524395843863399	0.09678210488902494	-0.03353536193741352	0.044248773493552135
82.04330669336053	12.081178002156072	16.27074737898736	29.97429832041125	0.06718891037264176	-0.015309771901826471	-0.03632938168578128	0.09457769794602279	-0.03320439548954951	0.04585910461921298
82.31395996477599	12.107179787716374	16.256884626843103	29.811234849880034	0.06824479104114953	-0.014656819508904429	-0.03738754823019222	0.0924298993649543	-0.03287795720551071	0.04745511811462969
82.58461323619144	12.133181573276673	16.243021874698847	29.643127128806682	0.06928097448281925	-0.014028036759981802	-0.03841848093718227	0.09033910242924446	-0.032556028793044735	0.049036809406739
82.8553122373903	12.158604931092459	16.229005400918	29.469234145034612	0.07029566389671596	-0.013417864047860047	-0.03942340094049259	0.08829204152477538	-0.0322323246917176	0.05059082711355529
83.12610061244143	12.182897815243937	16.214688495037457	29.28887179962634	0.0712875150329992	-0.012819679049024753	-0.04040451467870594	0.08627321188329129	-0.03190067622174161	0.05210514084654202
83.39688898749256	12.207190699395412	16.200371589156912	29.10281108469073	0.07226100646526673	-0.012244414193916729	-0.04136001649675712	0.08430827643067987	-0.03157323076494632	0.05360618305037213
83.66767736254371	12.23148358354689	16.186054683276367	28.910852139812476	0.07321639865982876	-0.011692307875429834	-0.0422899284680624	0.08239761482969786	-0.031249970662598842	0.05509394931036273
83.93877853284373	12.252123659862068	16.172756162688223	28.711704825152257	0.07415153295850666	-0.011114914975230253	-0.043214529909062	0.08043138308884096	-0.030889227344432436	0.056488316246998085
84.2103713048101	12.267022835618505	16.161058177621292	28.504661799520246	0.07340181131299035	-0.01076799421390891	-0.04513515570882891	0.08016801195327858	-0.032407455139756604	0.06835976174199677
84.48196407677646	12.281922011374942	16.149360192554358	28.291941685230405	0.07214871912849584	-0.010500600061593902	-0.0473221671151337	0.08043423565049151	-0.0344887486135659	0.08325701796121691
84.75355684874283	12.296821187131378	16.137662207487427	28.0742899747536	0.07087678121882288	-0.010225937675761326	-0.04948893980520044	0.08069088923031953	-0.036567543850510496	0.09808424821154546
85.02537311311772	12.308575956110824	16.13050380681816	27.855088289424828	0.06961122952860922	-0.009898881652610287	-0.05167389996777646	0.08083783688237804	-0.0386070474408078	0.11279681372513882
85.29754031505304	12.315393239961917	16.130473660233704	27.636488679746293	0.06837929824847948	-0.009496385898791707	-0.05390741383642902	0.08082070999517234	-0.04058517078914252	0.12738355455205003
85.56970751698837	12.322210523813014	16.13044351364925	27.415021473107572	0.06714727372043676	-0.009090563702327815	-0.05613283294028065	0.08079809609125316	-0.04255916980651224	0.14192013729367914
85.84187471892369	12.32902780766411	16.130413367064794	27.191398043883705	0.0659151561358844	-0.008681415118279832	-0.05835015725835541	0.0807699952807428	-0.04452904446931909	0.15640656141776618
86.11356192174311	12.333650526101193	16.139939000329782	26.974684723172526	0.06478083806902626	-0.008229880912545895	-0.06061288224365301	0.08064695132512417	-0.04644727272996762	0.17070627749049402
86.3842756777278	12.333822626432738	16.168843926888517	26.773965677241172	0.06387683919728004	-0.007698040851259972	-0.06298633921929774	0.08033680778065813	-0.04825750552781399	0.1846496068163268
86.65498943371247	12.333994726764285	16.197748853447248	26.572922268541564	0.06302068154074134	-0.007166231306094277	-0.06536724325878306	0.08002088411166451	-0.050052344977990645	0.19849872922376544
86.92570318969716	12.33416682709583	16.226653780005982	26.37230973341228	0.06221236049124484	-0.006634450951412142	-0.06775559486711363	0.07969917766687006	-0.0518317916486277	0.21225365752729822
87.19395452851758	12.335150164477644	16.26714892687577	26.186100305086	0.06162352693694438	-0.006095496229780345	-0.07017314212513442	0.07934830876269866	-0.05354255256073817	0.2255424661040565
87.4530957159271	12.339134817991187	16.350524160618136	26.05036292136194	0.061766841120047995	-0.005528627133078068	-0.0726837123080678	0.07889661851232262	-0.05502285870190463	0.23724651369992827
87.7122369033366	12.343119471504728	16.433899394360502	25.916905471189416	0.062038982890024096	-0.004959586174311757	-0.07521019069016309	0.07842492161822268	-0.05645829084762505	0.24866811229189295
87.9713780907461	12.347104125018271	16.517274628102868	25.78668614415804	0.06243965764994514	-0.004388288606420078	-0.07775260955601529	0.07793304858627627	-0.057848885318068755	0.25980808110154474
88.22963275618034	12.352001283840975	16.60271927806268	25.66365000422664	0.06339209287657778	-0.0044257151059811555	-0.07663424896479562	0.07717520515792334	-0.05722872449241142	0.2536785931333778
88.47268114711248	12.372550402347258	16.72366007130938	25.59729338204557	0.06497907315931784	-0.004588078600492612	-0.07520088272600456	0.07663991832850477	-0.05636468996796924	0.2447001823670656
88.7157295380446	12.393099520853543	16.844600864556078	25.535373083312734	0.0665440542677161	-0.004735402146406257	-0.07383833753059432	0.07612859328095868	-0.055529621135288726	0.23598732017529334
88.95877792897674	12.413648639359826	16.96554165780278	25.478208915507587	0.0680909152091685	-0.004868705044935625	-0.07254732122662956	0.07564094687605892	-0.054722527007078754	0.22753731673541303
89.20182631990888	12.434197757866109	17.08648245104948	25.4260617534763	0.06962353499107084	-0.004989006597294235	-0.07132854166217541	0.07517669597457961	-0.05394241659604854	0.21934748222477887
89.44028550924006	12.459446039201936	17.215362175562753	25.39221045775516	0.07126865431358688	-0.005107849825631668	-0.07021474071285666	0.07479913412950807	-0.05319536649911975	0.21126497538365846
89.67825979804353	12.485190839700337	17.345080737044917	25.36510202519383	0.0729173033665378	-0.005212731737848908	-0.06918610237766439	0.07444440839407816	-0.05247417339142279	0.20344720048751203
89.91623408684701	12.510935640198742	17.474799298527078	25.343455727046244	0.07456141613124802	-0.005303664982891668	-0.06824057384316164	0.07410509475471777	-0.05177680205317819	0.1959078057460958
90.15420837565048	12.536680440697143	17.604517860009242	25.32730021964042	0.07620609628893704	-0.005381990674072999	-0.0673790864380383	0.07378082067995102	-0.05110194862422038	0.18864325211038954
90.39040629445138	12.566052501859591	17.736667409783692	25.322006720918985	0.07788856516355747	-0.0054580973111512335	-0.06660478846466618	0.07351516779206874	-0.05046374953896386	0.18159903424618926
90.62614187958292	12.596368625762423	17.869449669937026	25.32347545149026	0.07959043325864282	-0.0055235763463805975	-0.06592322216719008	0.07326799607156415	-0.049848370235001965	0.17482454498258132
90.86187746471444	12.626684749665255	18.002231930090364	25.330105759153984	0.08130939770145183	-0.005577304435423775	-0.06533562992152638	0.07302659057877933	-0.04925012494173636	0.16833062456264994
91.09761304984596	12.657000873568085	18.135014190243698	25.341624673273035	0.08305155246776359	-0.0056208829149818704	-0.06484312376705065	0.07279050649796397	-0.04866745680404098	0.1621130472367672
91.33312807318813	12.692699609203887	18.26680435467881	25.359696288395423	0.08479998757259531	-0.005669076884307189	-0.06442193620857813	0.07260845494895357	-0.04813041100981373	0.15615524220477925
91.56856158652378	12.730387523104815	18.398227883856258	25.382615817950978	0.0865795277310041	-0.00571076153978335	-0.0640984779497498	0.07243581638067725	-0.047614564939510225	0.15047763528589927
91.80399509985943	12.768075437005745	18.52965141303371	25.40912109736338	0.08840669684172145	-0.005742316538203748	-0.06388478636180733	0.07225183115776686	-0.04710589983383731	0.14508231362597043
92.03942861319507	12.805763350906673	18.66107494221116	25.438618304668285	0.09004034126563193	-0.005780141158959135	-0.06371155355221034	0.07205111868241605	-0.046763953716549726	0.14082685903647024
92.2769467994335	12.849737152611251	18.7865402864866	25.466475915882498	0.09020888858564662	-0.005888387666023596	-0.06311364454033812	0.07181722394684166	-0.047229659314205696	0.14091585111449156
92.51528787819365	12.896192211715578	18.90965372903566	25.49471250549185	0.09008941108053349	-0.005976939245002188	-0.062398989897161174	0.07152517213046407	-0.04763146869620778	0.14080424606806347
92.7536289569538	12.942647270819904	19.032767171584727	25.524593282057705	0.0897239326249057	-0.0060416755489918735	-0.06158969788185763	0.07116227400097216	-0.047949296962222845	0.1404620716332797
92.99197003571398	12.989102329924235	19.155880614133796	25.55579101358893	0.08911168645793138	-0.006084832963751976	-0.060682381967420526	0.07073172439516501	-0.048184485943706425	0.1398907335383319
93.23341108218489	13.038691899315985	19.27139061294672	25.579707502738504	0.08814076280015874	-0.006115550153755252	-0.059619084046318195	0.07026406219972907	-0.048396777631575114	0.13922830919157386
93.47589543705294	13.089336402567952	19.38434163778414	25.60144580255155	0.08689776478203981	-0.006127829734780405	-0.058444344890967566	0.06974724589527359	-0.04855362752709948	0.13839726761293974
93.71837979192095	13.139980905819918	19.49729266262156	25.62348957158432	0.08542128260747263	-0.006121094728086952	-0.057174778179318	0.06917573742794504	-0.048637444112303065	0.13735473034123347
93.96086414678898	13.190625409071885	19.61024368745898	25.645561980969433	0.08371053603550417	-0.0060976208364527515	-0.05580693784716266	0.06855278780171166	-0.048649592808852726	0.13610212781820147
94.20844073783792	13.24183499124555	19.71106810617224	25.651593346121977	0.08162979451146822	-0.006066775916713361	-0.054273487316812155	0.06791482935721034	-0.04868272622626435	0.13490433846142752
94.4571723481631	13.293172744427785	19.80914197221442	25.65357230506833	0.07930558459026828	-0.006021891269710942	-0.05263653300445719	0.06724506766119659	-0.048675979295532676	0.13357863860815442
94.7059039584883	13.34451049761002	19.907215838256597	25.65490118774261	0.07677014580508122	-0.005963073976196402	-0.05090908000237496	0.06653950255862215	-0.04861073784586025	0.1320685632892589
94.9546355688135	13.395848250792254	20.005289704298775	25.655418847198675	0.07402277371647038	-0.005892378651194807	-0.04908801703638497	0.06580106921380861	-0.04848823464626202	0.13037540397704236
95.21085219759138	13.444563399940703	20.08307605491147	25.62735834016679	0.07092862021056796	-0.005820751589790934	-0.047112667868800556	0.06509218457150875	-0.04847347514567837	0.1290104630118353
95.46786734172207	13.492998764931153	20.15869809655903	25.595486740683278	0.06764781749246751	-0.005737495632223407	-0.045058473769221744	0.06437039586576156	-0.04843477043641305	0.12755318815958872
95.72488248585276	13.541434129921603	20.23432013820659	25.562728214621778	0.06419621751519693	-0.005642979548582154	-0.04293058607436825	0.06363197964142298	-0.048356262999330366	0.12595186115802912
95.98198112540942	13.589811441133474	20.309617778225086	25.528646428299886	0.06057265067294601	-0.005538823659878839	-0.040726643063838656	0.06288027554079229	-0.04824169383362894	0.12421641026063468
96.24749791423758	13.632335672752715	20.352208700412717	25.45103456303153	0.06370981828426281	-0.00640455618684496	-0.04281718680359267	0.06342011343104777	-0.04823146284467548	0.12690913524453515
96.51301470306578	13.674859904371955	20.394799622600353	25.372834026987725	0.06732468611259003	-0.00736528958979526	-0.04518623224019141	0.06407267433266356	-0.04819600789785245	0.12975071496376386
96.77853149189393	13.717384135991193	20.437390544787984	25.29389596118371	0.07091052457685215	-0.008352269121513167	-0.047514708732929754	0.06475303664426635	-0.04814624305388196	0.13247538264482006
97.04470449159028	13.75721135401341	20.4764864638349	25.208755582920265	0.07448718994916506	-0.00937055662376605	-0.04981311589986704	0.06546513464494233	-0.04810715007459881	0.13521253157674776
97.31610549485174	13.775551581520315	20.48773784423411	25.080583712549416	0.07821719024120473	-0.010436918225807992	-0.052184588090132135	0.06622513991191903	-0.04826250706380566	0.13890574063884203
97.58750649811321	13.79389180902722	20.498989224633323	24.95212618704482	0.08192883688304115	-0.011506881710621879	-0.05454194922605103	0.06699715937989068	-0.04841781205194556	0.1425607486128237
97.85890750137469	13.812232036534127	20.51024060503254	24.82330896205635	0.08562183847689658	-0.01258054158559496	-0.05688495516353977	0.06778123242693525	-0.048573036161761216	0.14617758175074438
98.13044396888264	13.826350652041013	20.51980516887362	24.690367930194462	0.08932841583693957	-0.013670004101927903	-0.059216870707804584	0.0685578806376429	-0.048725803679012206	0.1498439747954396
98.4026260892333	13.820348122234805	20.52132998839843	24.539619441932444	0.09318771224640827	-0.014820677728134496	-0.06156085636568874	0.06924470634492541	-0.04886503976683283	0.15391422321114515
98.67480820958392	13.814345592428598	20.522854807923242	24.38880618002325	0.09705666183048055	-0.015975387672799216	-0.06390730569290175	0.06992845580428965	-0.04900036813206306	0.15798715842563735
98.94699032993456	13.808343062622392	20.524379627448052	24.237831725849567	0.1009352775512947	-0.01713412973198583	-0.0662562295496133	0.07060912726409556	-0.049131790059239046	0.16206277927115692
99.21885296687503	13.798125598922736	20.526823536793625	24.085921657844818	0.10486640116702604	-0.018323984366345324	-0.06859829052041212	0.07125034355053264	-0.049219854740288775	0.16613728258158442
99.48897755167229	13.764978071708269	20.5342674742532	23.930127295737062	0.1090658018648618	-0.01967455073799226	-0.07089971243473235	0.07168257917113431	-0.04907999795766404	0.17020167882063195
99.75910213646954	13.7318305444938	20.54171141171278	23.774071195882787	0.11331944512244627	-0.02104523188948033	-0.07321720916200394	0.07209783270676165	-0.048920005609229336	0.1742824002888298
100.0292267212668	13.698683017279333	20.549155349172356	23.61754943429241	0.11720464329424694	-0.022267810620554725	-0.07537021205899122	0.07245459711356017	-0.048805323646540597	0.1781821072218928
100.29909502978178	13.664420320421097	20.557359683829972	23.460855282796857	0.1175947637632897	-0.022101598012470653	-0.07602479789538433	0.0724410883994559	-0.049217013174485846	0.18046088928527967
100.5619960113624	13.59983975166662	20.586236769910897	23.31544151147957	0.11829029806325805	-0.022193967590330245	-0.07652390184813769	0.07206235922199684	-0.04914950176209984	0.18218279450146452
100.82489699294302	13.535259182912146	20.61511385599182	23.169531143952288	0.11882040042798003	-0.022200040743408495	-0.0769876551099156	0.07165587146917538	-0.04913226283299208	0.18394481041889613
101.08779797452362	13.470678614157668	20.64399094207274	23.023150834709735	0.11918116390935049	-0.02211919695641819	-0.07741329983499658	0.07122056796679821	-0.04916474481801809	0.18574316798175475
101.35069895610425	13.406098045403192	20.672868028153665	22.876364718178692	0.11936868155926386	-0.021950815714071908	-0.07779807817765926	0.07075539154067216	-0.0492463961480337	0.18757409813422135
101.60521099102469	13.327303305802056	20.72689325625721	22.751889307182083	0.11957140563356136	-0.021918205018802532	-0.07795895561873166	0.07002516233127999	-0.04890980421746473	0.18839399233224044
101.85770423819548	13.24508794676688	20.786970347973522	22.632357494412233	0.1195992131607122	-0.021823528782961885	-0.07801889849801767	0.06919884787234475	-0.04851583352958727	0.18894473585733426
102.11019748536627	13.162872587731705	20.847047439689835	22.512417406738816	0.11939195314308618	-0.021608463827689363	-0.07801335070566476	0.06832937275966983	-0.04817622708948906	0.18946263323009843
102.36269073253706	13.080657228696534	20.90712453140615	22.39224410609583	0.11893968751579484	-0.021271431754443893	-0.07793529713704568	0.06741404786981488	-0.04788958187624458	0.18993809714087556
102.6098892400733	12.99802766478586	20.983627927059256	22.289427468291375	0.11830549015117353	-0.02093624529631686	-0.07765575050731797	0.06638339090994862	-0.047379135557138415	0.18948860573637502
102.85115492529687	12.914933979105854	21.0785372027437	22.205932676030915	0.11747807162899941	-0.020609757565723245	-0.07714253187786489	0.06522387503660036	-0.0466034288115996	0.18793712260137466
103.0924206105204	12.831840293425845	21.17344647842814	22.12248418194834	0.11635773438716376	-0.020146805710310217	-0.07651850176503892	0.06400548788562219	-0.04586652695921862	0.18622568995380046
103.33368629574397	12.748746607745836	21.268355754112587	22.039461736784613	0.11492931621797249	-0.019544981614738038	-0.07577295743399726	0.062724126741991	-0.04516628945302691	0.18433968072270066
103.5745937797264	12.666457919054112	21.364596304023827	21.958897367881054	0.11318590846537227	-0.018815578353656992	-0.07488528707859597	0.06138026556772037	-0.04447826371029369	0.18217490787057788
103.80828072237873	12.600396181464705	21.48767238511882	21.911528313190615	0.11128642400385005	-0.01823219055418024	-0.07364971737709365	0.0600618777167266	-0.04336064561407767	0.17796654480434948
104.04196766503105	12.534334443875295	21.610748466213813	21.865503681863107	0.10909643308220879	-0.01748247192098605	-0.07229826160728013	0.05869231416801097	-0.04227763999201122	0.17351693369297264
104.27565460768338	12.468272706285886	21.733824547308807	21.821277622888434	0.10684302996878202	-0.01644766195755295	-0.07104020418782078	0.05735998052640444	-0.0413079899471937	0.1689775815057617
104.5093415503357	12.402210968696476	21.8569006284038	21.779001459647215	0.1044597895912894	-0.015374022530620465	-0.06968567161528391	0.056017306165694405	-0.040310113224170045	0.1641529792969297
104.7436241560975	12.349659654039247	21.984592208739958	21.746267743340066	0.10204292803227984	-0.014394986377095211	-0.06820113059960232	0.054821970689846795	-0.03920223411221838	0.1585848231071119
104.9783920177666	12.308114581726235	22.11604379743728	21.72155784979486	0.0995706377844528	-0.013496396474781937	-0.06657799043477225	0.05374464505177887	-0.037994411731613116	0.15236360215189615
105.2131598794357	12.266569509413223	22.247495386134595	21.698716679734563	0.09696157711767314	-0.012577828012925719	-0.06483353621838862	0.052656739636210585	-0.03674848954093358	0.1458572523523857
105.44792774110479	12.225024437100215	22.37894697483192	21.677729765476144	0.09421472435355686	-0.0116422258292214	-0.06296452261911423	0.05155819434441347	-0.03546260447959717	0.13906180719250114
105.6826956027739	12.183479364787203	22.510398563529243	21.658556626639623	0.09132905781372	-0.010692534761363597	-0.06096770430561199	0.050448949077659	-0.03413489348702167	0.1319733001561643
105.92855486461335	12.170426112739532	22.626592782803716	21.63091283374256	0.08850953218594856	-0.009862632210203835	-0.05905042126926143	0.04978958689696973	-0.0330637010183307	0.12542843012481197
106.17444453841243	12.15745098356859	22.742745167278606	21.604859814135875	0.08556990116548174	-0.009031472712272146	-0.05701169695569828	0.049124053220138644	-0.031954621887872875	0.11865725732090215
106.42033421221151	12.144475854397648	22.85889755175349	21.58024780255508	0.0825093316484667	-0.00819955935196981	-0.054850030630763234	0.04845107221643793	-0.030806302608095023	0.11165642674721753
106.66622388601061	12.131500725226708	22.975049936228384	21.55688367760179	0.07932752833023478	-0.007367743301576596	-0.052564484267862026	0.047770626515004744	-0.02961820468224847	0.10442479192680865
106.91501136526799	12.135115507839137	23.083109741488084	21.530974885100626	0.07619990344340773	-0.006635159895202397	-0.05029403576877247	0.047347666488507925	-0.028548334567116956	0.09746434157707186
107.16825010281805	12.164213706596545	23.178738705250876	21.50036817437961	0.07324294769768162	-0.006050705924719011	-0.04813469135983695	0.047324753583446795	-0.02769283617355208	0.09111531752837955
107.42148884036813	12.193311905353951	23.274367669013664	21.47027289157776	0.07019696335315238	-0.005460272541481422	-0.04588229331777015	0.04729513172546489	-0.026813958493743288	0.0846375055304769
107.67472757791819	12.22241010411136	23.369996632776456	21.440380845266112	0.06706251194361405	-0.004862241206907841	-0.043538625338152184	0.04725883394596186	-0.025912725501078957	0.07803308565573908
107.92796631546825	12.251508302868766	23.465625596539244	21.41039482081713	0.06384015500286026	-0.0042549933824161355	-0.0411054711165633	0.04721589327633732	-0.02499016116894788	0.07130423797654234
108.18058821503021	12.311500828899257	23.54493613905445	21.37526055597236	0.06573072828536505	-0.004044915236956926	-0.0422561493773817	0.04776099485086043	-0.02467744819877779	0.07101613532514794
108.43300079978306	12.381976886003025	23.618709267703863	21.337981696722455	0.06958097385150531	-0.003925464861950612	-0.04481406153243529	0.04845173461742449	-0.024639067174343488	0.07343765608293883
108.68541338453588	12.452452943106792	23.692482396353284	21.29996469225314	0.07334591075501544	-0.0037342693773046707	-0.04734816133751247	0.04906948627438442	-0.024655393008035355	0.07607582966287058
108.93782596928871	12.522929000210556	23.766255525002702	21.26100519148735	0.0770211098031302	-0.0034681914381429818	-0.049857526044121074	0.049612158258489705	-0.024728025130574843	0.0789318863962692
109.1908155127491	12.592986986699463	23.837912706965383	21.21887426572314	0.08062002069471884	-0.0031085904244146324	-0.052382855830235234	0.05008304944204401	-0.02489941304327869	0.08217083408345266
109.45247174680792	12.656764994014962	23.87778554280948	21.144840894130837	0.08437871399406863	-0.002436730725062052	-0.05550017573855669	0.05055644293349963	-0.025739246271196937	0.0880479161168046
109.71412798086673	12.720543001330466	23.91765837865358	21.069666284231662	0.08801670743989534	-0.0016849875770828782	-0.05857776523152845	0.050950684792650046	-0.02663082726809347	0.09406640158159994
109.97578421492551	12.784321008645962	23.957531214497678	20.993199684061683	0.09153175532601744	-0.000851770271932352	-0.061615156453695676	0.05126471454713191	-0.027574966983422388	0.10022691428511027
110.23744044898434	12.848099015961463	23.99740405034178	20.915304807924876	0.09492161194625529	6.451189893482063e-05	-0.06461188154960526	0.05149747172458201	-0.028572476366638414	0.10653007803461084
110.50014338203273	12.907276040632182	24.036968163932926	20.834008024016118	0.09842313192119853	0.001146314040412489	-0.0680766464199034	0.05169558028135593	-0.03013814855270076	0.11498005048451587
110.76478391792503	12.957935929864497	24.075960784553065	20.74769016736257	0.10174479572258074	0.002338233832563179	-0.0715038070394401	0.051756930765387454	-0.03174239550204928	0.12353290349767547
111.02942445381734	13.008595819096811	24.114953405173207	20.659698174907412	0.1048505190728105	0.0035908881086485853	-0.0748200718648682	0.051747603230937	-0.03336885339245939	0.13202920337668778
111.29406498970965	13.059255708329125	24.153946025793346	20.569921992363692	0.10774412466035686	0.0049037377715768216	-0.07802737674483548	0.05166811227068315	-0.0350169341180127	0.14046887660831278
111.55870552560197	13.10991559756144	24.192938646413488	20.478250468767744	0.11042943517368914	0.006276243724256044	-0.08112765752798975	0.051518972477304456	-0.03668604957279082	0.14885184967931045
111.82635934939721	13.149121333851287	24.220661620488027	20.372175719915028	0.11304847793959515	0.007767162766073758	-0.08426642101371891	0.051274721341889075	-0.03837850802291703	0.1573641268195086
112.09601133669193	13.180731622555705	24.24091149637073	20.256021239980754	0.11430801928814868	0.008860548160154079	-0.08627644226243193	0.05107031126182368	-0.039888390674786854	0.16590777115643385
112.36566332398661	13.212341911260122	24.261161372253436	20.138071037499714	0.11319018772075426	0.009105502411858866	-0.08620391020870954	0.051041761402697595	-0.041032194417492986	0.17423991804948405
112.63531531128132	13.24395219996454	24.28141124813614	20.01850129365179	0.11212342862600011	0.009360551220777457	-0.08616698501276289	0.051011904395261244	-0.042164924027934286	0.18243503790470608
112.90496729857601	13.275562488668957	24.301661124018842	19.897505981954946	0.11110622091853703	0.009626050585608583	-0.08616493849543527	0.05098074023951466	-0.04328688695953227	0.19049373753806242
113.17615788851107	13.29742356407421	24.306872362801272	19.761989893479146	0.11020728609011302	0.009947813618530092	-0.08629814724316962	0.05094771336123521	-0.04442920224536193	0.19877291588631096
113.4476911357801	13.317113422980714	24.308734394218053	19.622881162768316	0.10934808174185909	0.010286678171013738	-0.08647347962009803	0.05091330457654098	-0.04557375060649645	0.20706103518568497
113.71922438304915	13.33680328188722	24.310596425634838	19.48339216529026	0.10851054299190113	0.010632142247626774	-0.08666695099123822	0.05087764252242948	-0.046714258789826116	0.21528530905991258
113.99075763031819	13.356493140793726	24.31245845705162	19.3437346863456	0.10769458210950748	0.010984226381093636	-0.08687851935783565	0.05084072719890069	-0.047850744528158316	0.22344577250795528
114.26229087758723	13.376182999700232	24.314320488468404	19.20411928115712	0.10690011136394628	0.011342951104138792	-0.08710814272113573	0.0508025586059546	-0.04898322555430062	0.23154246052877595
114.53358816576943	13.388095083098662	24.295027823917987	19.04965635357192	0.1061585704841667	0.011763745155626415	-0.08745714062360282	0.050784772163802026	-0.05019197750825378	0.24018103016260262
114.8048830673502	13.399928498409064	24.27552119079997	18.895931122005596	0.105420868794285	0.01218708576301887	-0.08781485035550182	0.05076548419149179	-0.05140217156672171	0.24882648995001985
115.07617796893095	13.411761913719467	24.25601455768195	18.743253458556104	0.10468714760382926	0.012612260214356217	-0.0881804581184685	0.05074447350787851	-0.05261290799177094	0.2574728194363767
115.34747287051174	13.423595329029869	24.23650792456393	18.591763656335193	0.10395795877822309	0.013039139349645724	-0.08855422810339733	0.05072174011296217	-0.05382407523613523	0.2661197984625964
115.61850470859532	13.435262124388046	24.2146323298111	18.44021962635968	0.10323450313377472	0.013474046714084514	-0.08894683289740954	0.0507021600683274	-0.055048013732391786	0.27483442936574465
115.88729944529314	13.445511977715004	24.172611000613262	18.278614062020413	0.10251647679047801	0.01396355918392643	-0.0894343042249002	0.05072179892182719	-0.056379829575194086	0.2841468749749236
116.15609418199097	13.45576183104196	24.13058967141542	18.118724164413653	0.10186517995326876	0.014520679960825424	-0.09132864058114183	0.05109349258819675	-0.057923921078560266	0.2916400784011467
116.42488891868877	13.466011684368915	24.088568342217584	17.96046573823151	0.10129010738359862	0.015129232244165725	-0.0942752772510082	0.05172747804597607	-0.05964044283810472	0.2978627594328258
116.6936836553866	13.476261537695873	24.046547013019744	17.803715870949215	0.10074777294759164	0.015739993507511974	-0.09727125756143025	0.05236989060560579	-0.06138338266075636	0.3041705503787633
116.96176904018704	13.487018003105716	24.001112861599943	17.646754741230325	0.1002440881632974	0.016363381222383545	-0.10033340587868779	0.053029714425279664	-0.06317563196271894	0.31066440610663026
117.22575372475364	13.500703147912077	23.935949488428214	17.481782720646684	0.09993124920960644	0.01709921330424336	-0.10391820791175807	0.05385601111940429	-0.06558961383281194	0.3181216676944156
117.48973840932027	13.514388292718438	23.870786115256482	17.3182493604284	0.0996220529162796	0.017828282298037915	-0.10746183962835287	0.05467216818115153	-0.06798499629426297	0.3254978783446547
117.75372309388689	13.5280734375248	23.80562274208475	17.156178774548657	0.09931409236273545	0.018549573392669296	-0.11095691215141623	0.0554761485774939	-0.070353215180335	0.3327862664565626
118.01770777845351	13.54175858233116	23.740459368913022	16.995643571202844	0.09900734547894208	0.019263031413057553	-0.11440337030586824	0.0562679192033834	-0.07269419324591608	0.33998663339985136
118.28094231468644	13.556249700041972	23.672937858182422	16.835838347402362	0.09871230159625898	0.019978009156276587	-0.11782323000765872	0.05705841480090343	-0.07504127859655255	0.34716681398873234
118.53754336226791	13.577867957646426	23.584563566697483	16.6697613333996	0.09851122383743321	0.020766868901937477	-0.12138063606830682	0.057931766445654766	-0.07765250691089445	0.3548454416471445
118.79414440984938	13.599486215250877	23.496189275212544	16.505890019531055	0.09831099592939857	0.021545203896761685	-0.1248730594259814	0.05878941501495965	-0.08022887137874223	0.3624085266136408
119.05074545743085	13.621104472855329	23.407814983727608	16.344518349012926	0.09811157191254505	0.022312899241724374	-0.12830038518165754	0.059631291569403166	-0.08277021114146108	0.36985565525173175
119.30734650501232	13.642722730459782	23.319440692242672	16.185984854019928	0.09791290582726275	0.023069840037800746	-0.13166249843631053	0.060457327169570446	-0.08527636534041627	0.37718641392492824
119.56394755259379	13.664340988064238	23.231066400757737	16.030668774880656	0.09771495171394179	0.023815911385965977	-0.1349592842909155	0.0612674528760466	-0.08774717311697312	0.3844003889967407
119.8159100432941	13.69694122165773	23.13327538364556	15.876565216189618	0.09757359803369296	0.024609229719072125	-0.13827950293785557	0.06213799043177966	-0.09037700639563748	0.391720208180629
120.06766136029273	13.730041417756922	23.035055663197596	15.726404403352637	0.09780880019799794	0.025457807803191318	-0.14182836472864455	0.06293195687273033	-0.09297650085257739	0.3994168028603311
120.31941267729135	13.763141613856117	22.936835942749624	15.580726222473476	0.09903323775428052	0.02646404451837944	-0.14608328602505238	0.06353903216934424	-0.09551865397848967	0.4082334463964346
120.57116399428998	13.796241809955312	22.83861622230166	15.439823439089144	0.10021229369013161	0.027449807389444268	-0.15022326598530317	0.06413561900253599	-0.09801242655184157	0.41681121075670513
120.82291531128861	13.829342006054507	22.740396501853688	15.303932852248682	0.10134592963992495	0.028414751125749097	-0.15424780585625514	0.06472141044729515	-0.10045716635698605	0.42514986574738567
121.07591254726076	13.870260217788152	22.648769576822033	15.175269875919229	0.10243325527231144	0.02937599377834825	-0.15817541452954823	0.06532406151256155	-0.10288385482610585	0.4331578938864154
121.3294270707676	13.914424356519984	22.559879885077684	15.05235777385244	0.10347749961902443	0.030326767214947956	-0.16200637548822655	0.06593037920412473	-0.10528370573161397	0.4409191315747857
121.58294159427442	13.958588495251817	22.470990193333336	14.93440480626989	0.10447944659792593	0.031260059858328866	-0.16573424646998586	0.06652898331080546	-0.10764458788717077	0.4484764790918387
121.83645611778127	14.002752633983647	22.382100501588983	14.821505968733726	0.1054390495575506	0.03217545184530184	-0.16935842100577572	0.06711950062088001	-0.10996570821786333	0.4558296565287827
122.08997064128809	14.046916772715479	22.293210809844634	14.713727862929845	0.10635626184643276	0.03307252331267754	-0.17287829262654425	0.06770155792262457	-0.11224627364877858	0.4629783839768236
122.34528978335393	14.094041945343882	22.212058848046617	14.61270466013208	0.10723160069196583	0.03395563100988793	-0.17631516269906886	0.06827843555838459	-0.11447155002585922	0.4698624367417164
122.60380103141293	14.146404753371666	22.14459379754152	14.51912206614335	0.10807189994758055	0.03483353527548265	-0.17970595754843188	0.06885679709091744	-0.11664415644632288	0.47648558588209056
122.86231227947192	14.19876756139945	22.077128747036426	14.429898197437964	0.1088791443517639	0.0356999792926695	-0.18302106828591613	0.0694318151264057	-0.11879464307518964	0.48297713550125665
123.12082352753092	14.251130369427234	22.00966369653133	14.34501600161741	0.10965329109675594	0.03655457779160849	-0.18625993841064165	0.07000314720276937	-0.12092228218053959	0.4893368287526545
123.3793347755899	14.303493177455014	21.94219864602624	14.26444222470836	0.11039429737479656	0.03739694550245963	-0.18942201142172832	0.07057045085792844	-0.12302634603045265	0.495564408789724
123.63784602364889	14.355855985482798	21.874733595521146	14.188128283651752	0.11110212037812589	0.038226697155383044	-0.19250673081829656	0.07113338362980302	-0.12510610689300913	0.5016596187659057
123.90129662129593	14.411389300023156	21.834951254054168	14.119654848926364	0.11180702705605668	0.03905657619262407	-0.1956535707379351	0.07168010683237322	-0.12708610713899887	0.5076093181075608
124.16504736754035	14.467115276181353	21.79685110295276	14.054625456801153	0.11230476300207594	0.039530703011977426	-0.19748355454584257	0.07184129409321868	-0.12802119907808113	0.5104015634145126
124.42879811378478	14.522841252339553	21.758750951851354	13.992792738719453	0.11267929549997739	0.03978866276703191	-0.19851546805097495	0.0717662325458107	-0.12831979783126965	0.5112742686396753
124.6925488600292	14.57856722849775	21.720650800749947	13.934199755301531	0.1130462329540925	0.04004169347510903	-0.19952235555539927	0.07168497912322534	-0.12860127278203495	0.5120906128636271
124.95629960627362	14.634293204655947	21.68255064964854	13.878878486254662	0.11340549661622489	0.04028976888681004	-0.20050434830610944	0.07159750757606388	-0.12886580767616856	0.5128518560575097
125.21935846435572	14.692509799949555	21.643510778717705	13.826758077947085	0.11375742325983587	0.04054436956712999	-0.2014707149302621	0.071522164455998	-0.12915339871969475	0.5135823114682232
125.48166591190694	14.753431279570812	21.603450344906395	13.77788606133684	0.11410177823603362	0.04080617844196986	-0.20242128320085465	0.07146003629071371	-0.12946658548238307	0.5142824528617262
125.74397335945815	14.81435275919207	21.563389911095086	13.732368317796814	0.11443795476472512	0.04106257062417215	-0.2033458930049006	0.07139097569940306	-0.12976195970303173	0.5149276781722213
126.00628080700936	14.87527423881333	21.523329477283774	13.690179435806204	0.11476586282171525	0.041313516105671785	-0.20424469438272547	0.07131495267400095	-0.13003973143809613	0.5155194277868314
126.26858825456057	14.936195718434586	21.483269043472465	13.6512774071537	0.11508541238280875	0.0415589848784037	-0.20511783737465444	0.07123193720644234	-0.13030011074403167	0.5160591420926794
126.5308957021118	14.997117198055848	21.443208609661152	13.61560367283027	0.1153965134238105	0.04179894693430285	-0.20596547202101295	0.07114189928866213	-0.13054330767729383	0.5165482614768885
