Q20	Q30	EHFB	M22	M23	M33
32.0	0.0	0.0001	0.039633999999999996	0.0	0.056849800000000006
32.195384347023435	0.00013048939424744775	0.009148717513878616	0.04213866388807011	0.004941998240642746	0.055761605240184524
32.39076869404688	0.0002609787884948955	0.014237644893902326	0.0444913395761612	0.006396851367816906	0.0548253020750267
32.58615304107032	0.00039146818274234324	0.015346789480143348	0.046697567845528073	0.007143453688870624	0.05403534972327155
32.78153738809376	0.000521957576989791	0.012555173421946638	0.04876288699597912	0.00748949570163432	0.05338620988511083
32.973385955442325	0.008583420601444132	0.006744445587186664	0.050637877135282394	0.0075617614869555524	0.05287965038773021
33.10407753348301	0.15382381277418994	0.01140414119590089	0.05142737175201115	0.00741137049962551	0.05259639447670433
33.23476911152369	0.29906420494693586	0.012967344616230888	0.052088008146978684	0.007236485312067953	0.05237007324294304
33.36546068956438	0.4443045971196818	0.011417930383997328	0.05263152204096633	0.007051340048105745	0.05218895096566503
33.49615226760506	0.5895449892924275	0.006746856470460596	0.053068067692819375	0.006866132174928438	0.05204287338602498
33.63166892485247	0.7285830017667139	0.0016234603401866438	0.053461657989410875	0.006683739350815944	0.05192105111228199
33.80459223582056	0.8195367736131398	0.01747742204057859	0.054186067111130054	0.0064662045002670514	0.051815972638071875
33.977515546788645	0.910490545459566	0.03631523352326179	0.05481556679188103	0.006245180345969273	0.05174620853631204
34.15043885775673	1.001444317305992	0.0580707792636786	0.055358748195235744	0.006028224157143304	0.051703167643430456
34.32336216872483	1.0923980891524183	0.08267925613784576	0.05582315281888415	0.005820894050675762	0.05167930846173723
34.499873401449165	1.1721095814623355	0.11054974686552095	0.05628788311492999	0.005612984421731564	0.05167722571923736
34.693515584867555	1.198143499535057	0.14363926653307701	0.05703958797028222	0.005336842395212356	0.05174239880410734
34.88715776828594	1.2241774176077784	0.1797818917542224	0.05774116811635436	0.005052696214639744	0.051838594742036545
35.08079995170433	1.2502113356804998	0.21891714910577476	0.05839607678286318	0.004764278327116411	0.051962360303308315
35.27444213512271	1.2762452537532212	0.260985597596114	0.05900754870712612	0.004474634466072342	0.05211046075060514
35.46849134184111	1.2962556510438263	0.30604765957607316	0.059613511003847194	0.00417384439633832	0.05229211385222256
35.66387556798712	1.2965091516980223	0.3544616262784822	0.060297560898303106	0.003829079626473086	0.05254287746070763
35.85925979413313	1.2967626523522182	0.40586223034866303	0.060947675933702775	0.003479386564001174	0.052827388254015506
36.05464402027914	1.2970161530064144	0.4601806683717437	0.061979458139314186	0.003386497759515039	0.05310528246563811
36.25002824642516	1.2972696536606105	0.5173223408481274	0.06408441879832646	0.003934660817187692	0.053276637702089125
36.4452441380589	1.293074426878497	0.5772062217696199	0.06623473618793063	0.004424317976013008	0.053431117835406675
36.64005051478633	1.2780565816406853	0.6398422954814323	0.0684459516492868	0.004821551113305507	0.05357828751919527
36.834856891513766	1.2630387364028732	0.7049678944656858	0.07066375698878777	0.005162976181150593	0.05369580635713617
37.0296632682412	1.2480208911650614	0.7724247444522936	0.07288485615757898	0.00544982887234429	0.05378697039808399
37.22446964496863	1.2330030459272496	0.8420550694547423	0.07510616680084412	0.005683466751444061	0.053854861996854964
37.41908057684951	1.2158738957671724	0.9137235608389275	0.07732607954126311	0.005853306668734934	0.05390503234363938
37.61333340256995	1.1948762818817413	0.9873082691501084	0.0795372355667507	0.005949102137470923	0.05394197064742552
37.80758622829039	1.17387866799631	1.0626165682007178	0.08173176913106295	0.005994382740956517	0.053963379706184776
38.00183905401083	1.1528810541108787	1.1394878227080598	0.08390705209054532	0.005991709598784203	0.05397188766357163
38.19609187973127	1.1318834402254474	1.2177622668953383	0.0860607209263117	0.005943702267776979	0.053969858038472256
38.3904065289531	1.1114784114868084	1.297273058423847	0.08819261382222934	0.00585676070983218	0.05395866783663168
38.58481034666122	1.0919280726210971	1.3778574618419615	0.09030332535168713	0.00573518292441199	0.05393980529845533
38.77921416436935	1.072377733755386	1.4593703169203678	0.09238908504668475	0.005576109508320756	0.05391593569821262
38.97361798207747	1.0528273948896745	1.5416566183514235	0.09444846683068918	0.005382062585855596	0.053888485112436456
39.1680217997856	1.0332770560239632	1.6245622991820856	0.0964802316763214	0.005155567028156158	0.05385869256850592
39.362717044529774	1.017333248389636	1.7078466728357897	0.0985085221566739	0.004919933767066567	0.05382259342282547
39.55773765746401	1.0054160079367431	1.791351729377893	0.10054420930540069	0.004677460582045059	0.053780235805060694
39.752758270398246	0.9934987674838505	1.8750284410647513	0.1025614810703178	0.004405683659630594	0.053737973677234985
39.94777888333248	0.9815815270309578	1.9587296640804814	0.10455958108982993	0.004106123983760897	0.05369656340094379
40.142799496266726	0.969664286578065	2.0423154531101964	0.10642895400730536	0.004035324415521732	0.053602477528028325
40.338002764216384	0.9626517901827167	2.1255131040525477	0.10831153363824131	0.0040735949530534285	0.05348126859843688
40.53336957456216	0.960030816208099	2.208311749701137	0.11023630477724047	0.0041275597823125865	0.053353066119498534
40.72873638490793	0.9574098422334812	2.2908477259564344	0.11216637802549147	0.004175431294710947	0.05322427443250558
40.92410319525371	0.9547888682588636	2.373079518834361	0.11410171958303601	0.004217233092160405	0.053094927337416324
41.11947000559949	0.9521678942842459	2.45496567454602	0.11604229610729007	0.004252989150955969	0.052965058176814864
41.31484555396297	0.9504772152511051	2.53642179040422	0.11799066769869375	0.004287231827959918	0.052833308048178367
41.51022712734941	0.949427991587766	2.6174228563510584	0.11994377772711726	0.004318516471432932	0.052700111220289225
41.70560870073585	0.9483787679244269	2.697958155112684	0.1218992396867244	0.004343728435857432	0.052566449264050435
41.9009902741223	0.9473295442610878	2.7779866009990912	0.12385702448308308	0.004362877338875268	0.05243235127389437
42.09637184750874	0.9462803205977487	2.8574671310716737	0.12581710320941022	0.004375972935194355	0.05229784615660368
42.291712134489195	0.942610799329946	2.9364570864726853	0.1277835877840935	0.004370779275012806	0.05216706202993562
42.48702977544579	0.9375040175244045	3.0148622666543203	0.12976048007600938	0.00435313734485873	0.05203827860459327
42.68234741640238	0.932397235718863	3.0925857478937955	0.13174674731865407	0.00432987381961436	0.05190930067098745
42.87766505735897	0.9272904539133215	3.16958656055402	0.13374235849103508	0.004301038948449685	0.05178015925011068
43.07298269831556	0.9221836721077801	3.2458238585939636	0.13574728341424272	0.004266683994798303	0.05165088452087283
43.26801633528667	0.911116401056844	3.3213656142859533	0.13779523675875086	0.004200530299302297	0.05153147350990252
43.46293467329226	0.8976293109929059	3.3960867430989006	0.13987872600674348	0.004119109371076032	0.05141630075087411
43.65785301129786	0.8841422209289675	3.469899758382237	0.14198615146190996	0.004033366064682954	0.051301387908467826
43.85277134930346	0.8706551308650293	3.5427650826325476	0.14411749208452762	0.003943426416970064	0.05118675602240607
44.04768968730905	0.857168040801091	3.614643643214167	0.14537581884016673	0.003872600345330205	0.051003447647924215
44.2415065307949	0.8331758837680054	3.6854057662666215	0.14395633729595025	0.0038229755584841384	0.05062548714910339
44.43498308526376	0.8059383552436361	3.7550978620465285	0.14252185325348085	0.003752091460095581	0.05024981617486185
44.62845963973262	0.778700826719267	3.823759464898485	0.14103956306373364	0.0036740199161341427	0.04987023073425769
44.821936194201484	0.7514632981948977	3.8914018601250304	0.13950943278061195	0.003589027963265954	0.049486764773387704
45.015412748670336	0.7242257696705284	3.9580362491708043	0.13793142544492448	0.003497400252275595	0.049099455251443144
45.2077713442204	0.6901178374515125	4.023412236003012	0.136342569519909	0.0033666471649493068	0.048719808316474045
45.399901979933325	0.6546089806718117	4.087726293091198	0.13470021559003303	0.0032222397669043846	0.048337888545373436
45.59203261564626	0.6191001238921106	4.151040562106545	0.1329955161956824	0.003071283226304197	0.04795135647568802
45.784163251359196	0.5835912671124093	4.213365615111518	0.13122839018912094	0.0029143239452038006	0.04756029325515388
45.97629388707213	0.548082410332708	4.27471156971164	0.1293987550677034	0.0027519382052009467	0.04716478138641634
46.16785285044091	0.5096244035729965	4.334922455474626	0.12751061920612597	0.002569970010030389	0.046769305635569886
46.35933545658982	0.4707724842938116	4.3941408594194495	0.12555493101337237	0.002381733692188298	0.04636985891086541
46.55081806273874	0.4319205650146265	4.45239642348209	0.12353070828090587	0.002189959301666833	0.04596593217237583
46.74230066888766	0.3930686457354415	4.509696400695054	0.12143785686467203	0.0019954518688557973	0.04555761956415586
46.93378327503658	0.3542167264562565	4.56604705848618	0.11927628632808603	0.0017990522972618442	0.045145011522790185
47.12573977458224	0.31778263960952224	4.6216108660827455	0.11705293054679117	0.0016136795214365131	0.044725054171013835
47.31772123053654	0.281475881851128	4.676251185069583	0.11476536537262431	0.0014286435523672115	0.04430098616544613
47.50970268649084	0.24516912409273373	4.729963093898701	0.1124132658849399	0.00124415962214392	0.043873043294961465
47.701684142445124	0.20886236633433944	4.782748521398542	0.10999657338450292	0.0010611121121243327	0.043441284258794934
47.89366631879356	0.17256010956148052	4.834608383110789	0.10751526774405039	0.000880438333404467	0.04300575499411061
48.08738923498766	0.1471339059418429	4.886236462056072	0.10606506875845549	0.0007451889871164664	0.04260590256723555
48.28111215118177	0.12170770232220526	4.936975888985292	0.10583217796374055	0.0006057191116252792	0.04226529917924171
48.474835067375885	0.09628149870256761	4.98682534779772	0.10559673157432377	0.00047433263271612564	0.041922623071479356
48.66855798357	0.07085529508292995	5.035784317192179	0.10535883270735823	0.00035106769238620934	0.04157777112679557
48.8623830000579	0.046597536422411066	5.083914346499879	0.10512953235212066	0.00024053182016422846	0.04122987725363377
49.05757987114457	0.038039405362799726	5.132008839911488	0.10504597361545955	0.00019654535216328742	0.040870096480220025
49.252776742231234	0.029481274303188403	5.179276799358928	0.10496172439051034	0.0001551026944254465	0.04050943651147711
49.4479736133179	0.020923143243577066	5.225722328955789	0.10487679527058766	0.0001162409145244975	0.04014788675409048
49.643170484404564	0.012365012183965733	5.271349918010515	0.10479119623853296	7.999714975016921e-05	0.03978543722521865
49.83838984686223	0.004915372623029072	5.316212702769948	0.10471555621419401	4.984819668205517e-05	0.03942176886301909
50.03377321132422	0.005548603048930031	5.360632857544542	0.1047170891227562	4.580746780241238e-05	0.03905547967581167
50.2291565757862	0.006181833474830979	5.404273513807003	0.10471866741117382	4.149599381079221e-05	0.038689261363229
50.42453994024818	0.006815063900731937	5.44713887694987	0.10472029098176823	3.691006499972491e-05	0.038323114022949696
50.61992330471017	0.007448294326632894	5.489233122970168	0.10472195973026462	3.2045972183316735e-05	0.03795703775924853
50.815306817735134	0.007909605271136872	5.5305529146880685	0.1047219950148912	2.6505406198115648e-05	0.037591026416337124
51.01069098479734	0.0076140538079263855	5.571076114501974	0.1047146454114582	1.9126967183577418e-05	0.037224997984415614
51.206075151859544	0.007318502344715899	5.610839457069786	0.10470727285693902	1.1775220575575337e-05	0.03685893824320138
51.40145931892174	0.007022950881505411	5.649847370689124	0.10469987739467937	4.45185375546776e-06	0.03649284714934871
51.596843485983946	0.006727399418294925	5.688104297421241	0.10469245906849348	-2.8414458022590514e-06	0.03612672465904335
51.792227697815655	0.006533660661875172	5.725619396520943	0.10468603052297236	-9.956893437643472e-06	0.03576060236215066
51.98761204924213	0.006657381767371909	5.762407106460223	0.10468275543503933	-1.667592057113987e-05	0.035394576183870055
52.182996400668614	0.006781102872868646	5.79846520637322	0.10169534860480625	-7.996263447993466e-06	0.03501338920168305
52.3783807520951	0.006904823978365383	5.833845406799242	0.09850587539282431	9.71895732800584e-07	0.03463119401895886
52.57376510352157	0.007028545083862118	5.868611301333305	0.09531634553723231	9.160019152877432e-06	0.03424901778330024
52.769149087687865	0.006902647196674131	5.902815345493364	0.0921244891632339	1.6389220683643443e-05	0.033866702013571885
52.96453222917269	0.006203996512119645	5.936507609426304	0.08892760332026568	2.2547423973891256e-05	0.03348396944535351
53.15991537065751	0.0055053458275651605	5.969778043605595	0.08573102305485453	2.810407891110544e-05	0.033101144169916594
53.35529851214233	0.004806695143010676	6.002690638767026	0.08253474857484489	3.3042698471822663e-05	0.03271822597941649
53.55068165362715	0.004108044458456191	6.035309375883952	0.07933878010384926	3.734680042686305e-05	0.03233521465024092
53.7460650726823	0.0035050944211676713	6.067701982752519	0.07614388092714054	4.102339743740947e-05	0.03195220249961421
53.94144897964109	0.003070363727187042	6.099934695677991	0.0729505505686263	4.404758866047404e-05	0.031569283564449394
54.136832886599876	0.0026356330332064125	6.132064506275696	0.06975741113166074	4.635425185305133e-05	0.03118630616539255
54.33221679355866	0.002200902339225783	6.164155245958307	0.06656446291714228	4.793314908646562e-05	0.030803270001545428
54.52760070051746	0.0017661716452451535	6.196270740027016	0.06337170623697218	4.877404435992527e-05	0.030420174761006263
54.722984807374196	0.001542086009584561	6.2284810291310375	0.06018059648148243	4.885815185988744e-05	0.030037295368441415
54.91836918752298	0.0016059854069344218	6.260850582884839	0.05699151255553053	4.814823264314791e-05	0.02965478016342999
55.113753567671765	0.0016698848042842824	6.293433889303719	0.053802402279388886	4.6645531755722054e-05	0.029272271839118083
55.309137947820545	0.0017337842016341423	6.3262945665965304	0.05061326598275679	4.435155252068709e-05	0.028889770065806668
55.50452232796934	0.001797683598984003	6.359496233891572	0.047424103993634406	4.126779839024696e-05	0.028507274515495187
55.69990670959566	0.0018050120629357982	6.393101571962054	0.04423458705422597	3.74031551973019e-05	0.028124691834752216
55.89529109281578	0.001751318940883208	6.427174632798357	0.04104472780539812	3.2758742581873285e-05	0.027742002667169793
56.0906754760359	0.0016976258188306174	6.461779426440114	0.0390133059124645	0.0002927627322356488	0.027383438192810753
56.286059859256014	0.001643932696778027	6.496955944041534	0.038280932360003864	0.0008334272025977622	0.027091404047791274
56.481444242476144	0.001590239574725437	6.532719094540746	0.037499638812980816	0.0013361003308646298	0.026848305438926117
56.67682861871343	0.0015174183677705763	6.569082472301074	0.03667405427321561	0.0017975108655301207	0.026649384579918063
56.87221298905929	0.0014284587787276443	6.606059869277683	0.03580892613889464	0.0022147491960064275	0.026489922073790848
57.067597359405156	0.0013394991896847125	6.6436649643827845	0.03490905829542364	0.0025852422645129525	0.02636522502636021
57.26298172975102	0.0012505396006417806	6.681911353661457	0.03397917189429726	0.0029067046325265476	0.02627057228613156
57.458366100096875	0.0011615800115988488	6.720812623180585	0.0330239871830421	0.003177110129420697	0.026201243605578267
57.65375046813216	0.0010677666005376861	6.760382418061061	0.03204820502175332	0.003394651507673563	0.026152508960265254
57.84913483462205	0.0009707068013721862	6.8006343182328015	0.03105655277475888	0.003557705744045175	0.026119652518967022
58.044519201111925	0.0008736470022066862	6.84158183949231	0.030053760936604928	0.003664774403541749	0.02609796376299782
58.239903567601814	0.0007765872030411863	6.883238523293523	0.029044545942553342	0.003714400385733268	0.026082726257095668
58.43528793409169	0.0006795274038756864	6.925617900192145	0.028033623241610427	0.0037050524447989307	0.02606922455225434
58.63067231301088	0.0006165008799091063	6.968732586678621	0.027025802665598987	0.0036349602683584596	0.0260528286988956
58.82605669827507	0.0005708479113787882	7.012596383471861	0.026025736836661425	0.0035017307123074498	0.0260287856548264
59.021441083539244	0.0005251949428484713	7.057223259924717	0.025038089105982014	0.003301804540354849	0.025992337726851163
59.216825468803435	0.00047954197431815317	7.102626754454119	0.024067574190902982	0.003029286346831962	0.025938770197627557
59.41220985406762	0.00043388900578783497	7.148820400349465	0.023118906344887287	0.0026732320366282115	0.025863368813692708
59.60759424315685	0.0004211449605679056	7.195816669062836	0.022196870997073414	0.0022101505158582573	0.02576149831444862
59.80297863375447	0.0004213783917013553	7.243629725191215	0.021306134001707073	0.0015741731214374156	0.02562839049161441
59.99836302435209	0.00042161182283480497	7.292273558466772	0.020451383091547655	0.00014362806530716452	0.02545929651600612
60.19374741494971	0.00042184525396825464	7.341778307134031	0.020403254657575413	1.1586277033320814e-05	0.025359137064831363
60.38913180554733	0.0004220786851017043	7.392242035972083	0.020361774448264675	1.2621463529894928e-05	0.025259726917736595
60.58451619346975	0.0003935458855242904	7.443781017628023	0.020320244585095952	1.3063446775261992e-05	0.02516025630824344
60.77990058064438	0.00035697192926889017	7.496510018667594	0.020278709177916802	1.3183298807307279e-05	0.0250607702197383
60.97528496781901	0.00032039797301348997	7.550544243518556	0.020237183124222926	1.3119168121074322e-05	0.0249612857193152
61.170669354993635	0.0002838240167580897	7.605999137371787	0.020195666459331324	1.2881431242719512e-05	0.024861802771657154
61.366053742168255	0.00024725006050268947	7.662990150060322	0.020154159218570597	1.2473387446161426e-05	0.024762321341435554
61.561438129061045	0.0002092058798986767	7.7216327563543885	0.020112659864632485	1.18495446449969e-05	0.024662838441249422
61.75682251589819	0.00017087138606113088	7.782042387691476	0.020071170117860325	1.1017635400972546e-05	0.02456335646526904
61.95220690273533	0.0001325368922235851	7.844334501886766	0.02002969036376755	9.950741455554417e-06	0.024463875964863945
62.147591289572475	9.420239838603929e-05	7.90862456659085	0.019988220639436352	8.579617946658686e-06	0.02436439690295193
62.34297567640961	5.58679045484935e-05	7.975028054321162	0.019946760981961766	6.74305510981663e-06	0.02426491924243796
62.538358982638144	0.0006698306272303	8.043663489897762	0.019905580449718872	2.3719910787874476e-05	0.0241666944231668
62.73374217004537	0.0013555184925519907	8.114649268062701	0.01986425737310537	3.427710946489023e-05	0.024068584936488814
62.9291253574526	0.0020412063578736815	8.18810087757906	0.019822752067890546	4.2656285158011766e-05	0.023970452547367023
63.124508544859836	0.0027268942231953724	8.264133765602512	0.01978106391152032	4.99207777483867e-05	0.023872297878355497
63.31989173226706	0.0034125820885170634	8.34286329203422	0.01973919228558235	5.6464148259776275e-05	0.02377412154786661
63.51527563760394	0.003844377750586596	8.424398538287948	0.019697200533818706	6.0504643535539896e-05	0.023675458062178044
63.71065957832482	0.004263660041733148	8.508858581939053	0.019655096859259393	6.42494598741878e-05	0.023576759373734026
63.906043519045696	0.0046829423328797	8.59635888956285	0.019612879399028026	6.781709830358274e-05	0.02347804903758263
64.10142745976657	0.00510222462402624	8.686998534147566	0.019834068211516537	0.0008510843243231684	0.023321071224201954
64.29681136083802	0.005493250451298118	8.78053665531942	0.020296082116784384	0.0013891111475907646	0.02311335831910609
64.49219335548287	0.00452564626407404	8.87635222382262	0.020752927817997625	0.0017018885669080879	0.02290912335300264
64.6875753501277	0.0035580420768499634	8.973921984174618	0.021202919829077377	0.001907128078296219	0.022711710739228223
64.88295734477254	0.0025904378896258865	9.07267178307571	0.021645002439833208	0.0020406195038204324	0.022522176187973267
65.07833933941737	0.0016228337024018099	9.172027407110255	0.022078117501183183	0.002119452667213959	0.022341577848319732
65.27372149633999	0.0007385892909135453	9.271419312284753	0.02250125724440829	0.0021536784459367563	0.02217103343184789
65.46910577739762	0.0009454826308616675	9.370333817192721	0.022914179429796566	0.002151205734428358	0.022012134701606505
65.66449005845524	0.0011523759708097895	9.468137476880628	0.02331526276271768	0.0021151202656792953	0.021865081524566933
65.85987433951286	0.0013592693107579116	9.564255656904486	0.02370340906474714	0.002048929869402705	0.021730972079153622
66.05525862057047	0.0015661626507060336	9.658113735795602	0.024077520692971692	0.0019554559871827427	0.021610904008279884
66.25064290972215	0.0017639918187101755	9.749136484923026	0.024436489066470668	0.0018370635264690495	0.021505973237684252
66.44602724868132	0.0019060437270329517	9.836745923115737	0.024779150720307813	0.0016957793318087464	0.021417276815792637
66.64141158764049	0.002048095635355728	9.920371138659839	0.025104475196723115	0.0015335665738366437	0.021345922172014337
66.83679592659968	0.002190147543678504	9.99943755576324	0.025411368033390048	0.0013521914525591327	0.02129300376867591
67.03218026555885	0.0023321994520012802	10.073370607559335	0.025698735134926574	0.0011533468960312802	0.02125961570115933
67.22756457895026	0.0023963089173596784	10.141589344858103	0.025965347235420516	0.0009386126503005916	0.02124687197949707
67.42294878266478	0.0021260717836121966	10.203496825430664	0.026209625225144945	0.0007094143078861924	0.021255964622073242
67.61833298637927	0.0018558346498647141	10.258544909883653	0.026431032854991553	0.0004677873886719707	0.02128791887225606
67.81371719009377	0.0015855975161172319	10.306158933566318	0.026628480121825664	0.00021545654993062902	0.021343824733180247
68.00910139380827	0.0013153603823697494	10.345764232287122	0.026791874457647216	-2.112502247715742e-05	0.021426159538014796
68.20444214518756	0.003213550140079141	10.377184635177423	0.026749661031831	0.00023655449212837547	0.021561402001460353
68.39965867387416	0.011310896422200437	10.401134889950473	0.026694089617112608	0.0004820626351139977	0.021718217056378185
68.59487520256076	0.019408242704321732	10.417498141688412	0.026614868726197595	0.0007090634616724587	0.021897415378572174
68.79009173124734	0.027505588986443022	10.426718065021644	0.0265143803104694	0.0009159592483532102	0.022096615016658907
68.98530825993394	0.0356029352685641	10.429237693437832	0.02639501060285715	0.0011013427512356498	0.022313429737709247
69.18026704674344	0.047301147208401395	10.42590713106394	0.02626363169172032	0.0012671781708154983	0.022544724273323446
69.37464670781384	0.06709022124986849	10.41774637211734	0.02612624451431286	0.0014165921375607795	0.0227879702058435
69.56902636888422	0.08687929529133558	10.404315530973069	0.025974193023516223	0.0015414018338047732	0.023042799234190302
69.76340602995461	0.10666836933280266	10.386051869693272	0.025809971607888255	0.0016405850491508782	0.023306716969806053
69.957785691025	0.12645744337426976	10.363390766375346	0.025636086261253178	0.0017132464636306693	0.023577217418866498
70.151742923829	0.1496263530255567	10.3372434794148	0.025457331278592465	0.0017616140817978511	0.023851635687600202
70.34501368377595	0.17828771096256546	10.308394084860083	0.025276254323570176	0.0017867554467817933	0.024127818856620353
70.53828444372287	0.2069490688995742	10.276514457961289	0.025091124355225883	0.00178290375251346	0.02440361783913133
70.73155520366979	0.23561042683658298	10.242023973985479	0.024904565996132527	0.0017491659613033948	0.0246764080125602
70.92482596361673	0.26427178477359176	10.205337706984057	0.024719206323715895	0.0016844528880644825	0.024943562299481185
71.11763882529475	0.2957000285760222	10.167333376915648	0.024538168421293027	0.0015895802630247562	0.025202612082480966
71.30983889432184	0.3308311195815545	10.128602384392675	0.024363352436427614	0.0014627387239428918	0.025451185127479854
71.50203896334894	0.3659622105870868	10.088923462397755	0.024196399674750606	0.0012961419494835532	0.02568648626979424
71.69423903237603	0.401093301592619	10.048680750272531	0.0240399678491185	0.0010800484290184346	0.025905857796567667
71.88643910140313	0.43622439259815127	10.00825055687707	0.02389668942316738	0.0007879175819759434	0.02610666724416401
72.07816378135277	0.473783121257353	9.968445855391963	0.023912973549773495	0.0008171292329934461	0.0264349283915119
72.26941853586385	0.5137415867704517	9.929423375539272	0.024239079945937252	0.0014514508529793195	0.026863282576964274
72.46067329037496	0.5537000522835503	9.890646150798515	0.024688090148595666	0.0020636820845010015	0.027152116132746054
72.65192804488603	0.5936585177966489	9.852009204290528	0.025243476849799905	0.0026471946554020437	0.027317956366805878
72.84318279939713	0.6336169833097476	9.813412640128805	0.02588980975790414	0.0031902418072639075	0.0273762335707897
73.03502123530514	0.6705670833872261	9.774206041270586	0.02661690388017711	0.0036841017163340914	0.02734291627807047
73.22734227560387	0.7050297813034614	9.734402003107961	0.02741290914781795	0.004121539582401352	0.027230559425874323
73.41966331590262	0.7394924792196969	9.694381737635258	0.028262882013218187	0.004496211032882228	0.02704982368023927
73.61198435620138	0.7739551771359322	9.654071944414882	0.029155566773136424	0.0048042661985154686	0.02681196474440663
73.80430539650013	0.8084178750521674	9.613405854034609	0.030080498200799166	0.00504331581171226	0.026527447845149946
73.99763673217312	0.836174512103695	9.571177509137925	0.03104548113088804	0.0052132022425261685	0.026207087114174483
74.19157487477729	0.859903332818174	9.527808287083328	0.03203978922577658	0.0053112639492452485	0.025857751564834504
74.38551301738147	0.883632153532653	9.483943794760885	0.033045719981949995	0.00533609636884883	0.02548678721955513
74.57945115998564	0.907360974247132	9.439542951985631	0.03405536990692865	0.005287970111576435	0.0251020975708159
74.77338930258982	0.931089794961611	9.39457020157341	0.03506131530330437	0.005167780539866883	0.02471110631602508
74.96813712424091	0.9453473983294086	9.347570203242823	0.03609141298245967	0.004970050656355788	0.024319914894751004
75.16328877311906	0.9548812343567857	9.299245223064839	0.037127383937505386	0.004693678242002857	0.02393474962680268
75.35844042199722	0.9644150703841631	9.250279289671246	0.0381459901740211	0.004341913003100041	0.023562903627184245
75.55359207087537	0.9739489064115401	9.200644442815225	0.039140318588488904	0.003916153299532304	0.02321128999941359
75.74874371975352	0.9834827424389173	9.150315141105459	0.040103645696654096	0.003418238435517901	0.02288663222774544
75.94398668795006	0.9809955147701016	9.097701695859696	0.041079768770978436	0.0028239101943381304	0.022597710077651056
76.13926065561054	0.974427589421339	9.043786466133374	0.04143694700859742	0.002628275076602451	0.02258342428608853
76.33453462327103	0.9678596640725764	8.989073293688504	0.0415462623238701	0.002616445735461115	0.022668712689493675
76.52980859093151	0.9612917387238137	8.933548060562416	0.0416527701841355	0.0026041330366942273	0.022754182890041618
76.72508255859202	0.9547238133750512	8.877197672298221	0.041756468518173884	0.002591343563636754	0.022839836958952097
76.91964465740789	0.9376719307681481	8.81876243194947	0.04189012089975841	0.002551992873382821	0.02292866669482622
77.11401410253357	0.917782765607452	8.759068614864406	0.042024599072270144	0.002504183516853639	0.023018996098677743
77.30838354765926	0.8978936004467557	8.698422411190034	0.0421503921743873	0.0024549322178825787	0.023110096316354082
77.50275299278495	0.8780044352860594	8.636802738301238	0.04226747907045268	0.0024043111131512537	0.023201988483512404
77.69712243791065	0.8581152701253633	8.57419126702715	0.042375839293999726	0.0023523928790995345	0.023294693066619316
77.89044479689525	0.8299889894515085	8.509596911756578	0.04249176298092919	0.002277202333203208	0.023391538613945117
78.08360863543513	0.8006156755458804	8.443763303229147	0.042597350854600306	0.002197001938955226	0.023490317755976767
78.276772473975	0.7712423616402524	8.376818646572938	0.04268981071514594	0.0021152541612777	0.02359060923886861
78.46993631251487	0.7418690477346244	8.308752202646176	0.042769105279683556	0.002032125477708735	0.023692450345503165
78.66310015105476	0.7124957338289964	8.23955713357227	0.04283519976115894	0.0019477836332244993	0.023795875862934697
78.85544549294862	0.6782061962714024	8.168609402845467	0.04289205637737609	0.0018487002438809155	0.023903767082211157
79.04770657192142	0.6434105413490641	8.096422828082526	0.04293364193233228	0.0017472356659202603	0.024014035333351957
79.23996765089422	0.6086148864267245	8.02306362522693	0.04295939069539905	0.0016450346325394018	0.024126444747890566
79.432228729867	0.5738192315043849	7.9485404347131166	0.04296927074474237	0.0015423403850635398	0.024241027247660984
79.6244898088398	0.5390235765820455	7.872865978750623	0.04296325464524737	0.0014393978230799545	0.0243578102677781
79.81664491230619	0.5036474128501693	7.795974787218708	0.04294110520486969	0.00133483906356627	0.024477282090884032
80.00879899908644	0.46826567995157287	7.717964048024142	0.04288510242008008	0.0012301844069203536	0.024592718507413083
80.20095308586669	0.4328839470529763	7.638862301271789	0.04244975091660537	0.0011195621374249015	0.02457785000189994
80.39310717264692	0.39750221415437975	7.558711675973421	0.04200660504616669	0.0010110061316945024	0.02456418618017262
80.58527134935873	0.36217704701322706	7.477565531278056	0.041555690391020327	0.0009048797920982363	0.02455167518305726
80.7778079036393	0.32893948761083547	7.3957967591936935	0.041098509353356925	0.0008066025511442833	0.024538069728634395
80.97034445791985	0.29570192820844393	7.313125359228163	0.04063404032150878	0.0007108092832848451	0.02452554960617493
81.16288101220042	0.26246436880605234	7.229593366979925	0.040162287190637865	0.0006177052506879152	0.024514110920516863
81.35541756648097	0.22922680940366075	7.145242301205147	0.039683258708780034	0.0005274990742914332	0.02450374492362439
81.54807026306635	0.1967391463189794	7.060251797761677	0.0391979150824118	0.0004421470416485529	0.02449352649670476
81.74164073599994	0.1701772921381808	6.975643597598327	0.0387136730880616	0.0003734153479556737	0.024476959108451515
81.93521120893354	0.14361543795738227	6.8903815488744575	0.03822376049824917	0.0003073023313827112	0.024461078828898
82.12878168186714	0.1170535837765837	6.804504498267531	0.0377281926566651	0.00024396383125980045	0.024445870314353624
82.32235215480074	0.09049172959578514	6.718051118039906	0.03722698833982758	0.0001835576920477676	0.024431314788300212
82.51612014380727	0.06584750766617595	6.63148581744671	0.0367239084761911	0.00013004794763695642	0.024414878230997434
82.7110408564013	0.05239477964922315	6.546951754693211	0.03623869048659579	0.00010092527537984748	0.02438415623095144
82.90596156899531	0.038942051632270366	6.462033571649954	0.03575074248908938	7.328206360726048e-05	0.02435362265660662
83.10088228158932	0.02548932361531758	6.3767669160417695	0.03526007078080099	4.7180005026407864e-05	0.02432327121083384
83.29580299418333	0.012036595598364796	6.29118746631198	0.03476668247309274	2.268129786722431e-05	0.02429309478227094
83.49083260310948	0.001874858743527262	6.206204190982173	0.0342792590000888	5.268746226486081e-06	0.02425866197203534
83.6862162533848	0.002412719647730854	6.123861563433447	0.033819065086579204	6.082844784066674e-06	0.024209908267514485
83.88159990366012	0.0029505805519344456	6.0413799331168505	0.0333589753794224	6.820754533143658e-06	0.024161152214373885
84.07698355393542	0.0034884414561380376	5.958791167115385	0.03289415662589986	0.00017650361486318858	0.02410486363716883
84.27236720421075	0.00402630236034163	5.8761262323919	0.03239449721410413	0.0005784641786366791	0.02406447864570967
84.46775104183361	0.00439691242940961	5.793366279838732	0.03185946065269032	0.0009384289164847329	0.02405924083792809
84.66313540676984	0.004296773902003116	5.710451237199456	0.03129386730636391	0.0012537250549862977	0.024083740002345828
84.85851977170606	0.0041966353745966235	5.627546919504429	0.0307045894843936	0.0015234228729587012	0.024131911109480226
85.0539041366423	0.00409649684719013	5.5446832208883166	0.030097178089783832	0.0017463175564282301	0.024198203256326788
85.24928850157852	0.003996358319783636	5.4618900369520205	0.029477184943046908	0.0019216586387682422	0.024277064622373324
85.44467285845847	0.0038829536929578363	5.379193307184109	0.028850133383836803	0.002049123049027085	0.02436294420058275
85.64005720090725	0.003745785462371227	5.296619733172766	0.028221559116122525	0.0021288459819797014	0.024450281246295835
85.83544154335601	0.0036086172317846173	5.214206284678517	0.027597072607266654	0.00216149307936214	0.024533513365739532
86.03082588580477	0.0034714490011980076	5.131982878116523	0.02698223055336118	0.002148170146061321	0.024607083862821854
86.22621022825354	0.0033342807706113983	5.049979431913659	0.026382590907972105	0.002090491391094669	0.024665434783976772
86.42159455565884	0.003178900657380183	4.968220341338073	0.025803684076474757	0.001990577053336056	0.024702992054389403
86.61697885808873	0.0029932848158050343	4.886731840361546	0.025251062835740787	0.0018511492706902298	0.024714169894348367
86.81236316051863	0.002807668974229886	4.805553025146295	0.0247303441475228	0.0016756704887522659	0.024693421950881547
87.00774746294852	0.002622053132654738	4.724713844414425	0.024247094243019095	0.0014682670670509094	0.024635181992790717
87.2031317653784	0.0024364372910795897	4.644244249616844	0.0238068810563864	0.001233867329490429	0.02453388208591911
87.39851604244558	0.0022272382471762975	4.564167006671714	0.023415262171243876	0.0009781813946297142	0.024383900734921977
87.5939002921532	0.0019925992740837083	4.484511518982897	0.023077829153435248	0.0007074905368388636	0.024179636798579564
87.78928454186081	0.0017579603009911194	4.405315525118763	0.022800179270054035	0.0004261177320074615	0.02391556036137585
87.98466879156844	0.0015233213278985306	4.326609012716218	0.022587892257658917	8.928650106337104e-05	0.0235860916867521
88.18005304127605	0.0012886823548059418	4.248419638549029	0.022758987608981044	1.1537738947607404e-05	0.023725004055933592
88.3754373574618	0.0011910195008539514	4.170804666504031	0.022959478300276635	1.0904070161424958e-05	0.023907463106966984
88.5708217428801	0.0012360081462902666	4.0937774818391395	0.023159903558178842	1.0841293485374322e-05	0.024090382947742416
88.76620612829836	0.001280996791726582	4.017306766738157	0.023360330576261388	1.0753771196006078e-05	0.02427329319483897
88.96159051371666	0.0013259854371628973	3.941404477133296	0.023560759378392967	1.0643227184370125e-05	0.024456193824388017
89.15697489913494	0.0013709740825992125	3.8660825713624347	0.023761189988475786	1.0511222337658064e-05	0.02463908481248729
89.35235928625214	0.0014071559591944374	3.791350398479636	0.02396162555714745	1.033698636946238e-05	0.02482194272913277
89.5477436744857	0.0014375509325579704	3.7172208532324684	0.02416206456727166	1.0134945938110414e-05	0.025004778082574085
89.74312806271926	0.0014679459059215036	3.6437076288303065	0.024362504865628246	9.921826216979519e-06	0.025187606855359125
89.93851245095281	0.0014983408792850366	3.5708226955346594	0.02456294646851104	9.698300780512489e-06	0.02537042903119404
90.13389683918638	0.0015287358526485696	3.498578025231574	0.024763389392229322	9.465011620090693e-06	0.02555324459376961
90.329281227932	0.0015554754233738977	3.4269845376528885	0.02496383457799605	9.217259118139118e-06	0.02573604577540232
90.52466561701317	0.0015798194963008582	3.3560545881267703	0.02516428152026159	8.959292965817777e-06	0.025918836279555036
90.72005000609434	0.0016041635692278183	3.2858008482085803	0.02536472957633246	8.69550364165889e-06	0.026101621431071496
90.91543439517554	0.0016285076421547787	3.2162352960248413	0.025565178759332497	8.426318717507642e-06	0.026284401216827888
91.1108187842567	0.001652851715081739	3.147369911002898	0.025765629082395436	8.152154770303382e-06	0.026467175623690352
91.30620317295649	0.0016800296022703445	3.0792174663203937	0.0259660801432306	7.875047315562733e-06	0.026649949112561848
91.50158756151191	0.0017082798431010198	3.0117894404689376	0.026166532360294047	7.593310108236726e-06	0.026832718155419256
91.69697195006734	0.001736530083931695	2.9450975158505335	0.026366985929269147	7.306596678518096e-06	0.027015480927385545
91.89235633862278	0.0017647803247623705	2.879153678049081	0.026567440865439187	7.0153386069498535e-06	0.027198237413177454
92.08774072717821	0.0017930305655930459	2.8139697255490117	0.026710967615816417	0.00013174160635995568	0.02730073043683486
92.28312511007657	0.0018457110086796422	2.7495585281193877	0.02678994504049751	0.00024077160188619364	0.027299495090266048
92.47850949076212	0.0019079474922185998	2.6859158056681482	0.02687558899226309	0.00031576630088129746	0.027291607518380313
92.67389387144769	0.0019701839757575576	2.6230384446135897	0.02696711039743712	0.0003747700288238626	0.027277845942280565
92.86927825213324	0.002032420459296516	2.560925945069206	0.02706372019488586	0.00042213056250682687	0.027258999423100536
93.0646626328188	0.0020946569428354736	2.499577806214757	0.027164629449659715	0.0004594733237344527	0.027235856895789834
93.26004701938353	0.0021330389311777585	2.4389871529461367	0.027269035299830064	0.00048749501422005694	0.027209190165318566
93.4554314070104	0.00216711138925349	2.379158745631906	0.02737615656651161	0.0005065442519458808	0.027179804415356716
93.65081579463727	0.0022011838473292213	2.3200932297734926	0.02748520731993438	0.0005167964558082922	0.027148491066975908
93.84620018226413	0.0022352563054049528	2.261790095231466	0.027595399517564626	0.0005183551981876159	0.027116038162709855
94.041584569891	0.002269328763480684	2.204248831356521	0.02770594518590474	0.0005113031101914672	0.027083233676056213
94.23696895951822	0.0022625051611820496	2.1474581371432064	0.027816018492045548	0.0004957052637246342	0.027050844526545215
94.43235334954336	0.00224754646284249	2.0914261870286572	0.027924856949940572	0.00047169124736386886	0.027019677902560102
94.62773773956849	0.00223258776450293	2.0361546117536156	0.028031680258638173	0.0004394068772916142	0.02699052559874965
94.82312212959364	0.0022176290661633704	1.981642891643865	0.028135701023677122	0.00039903130505938926	0.02696417500957507
95.01850651961877	0.002202670367823811	1.9278905072485717	0.028236131820305765	0.00035078691195765323	0.026941413559788036
95.21389069678378	0.001918075016724492	1.8748263703264136	0.028331865453020195	0.00029481329014195235	0.026922922567563155
95.40927486689787	0.0016245480425545109	1.8225183308042128	0.02842239753145378	0.0002315676866326389	0.02690960300259867
95.60465903701197	0.0013310210683845295	1.7709681815607856	0.028506950859610275	0.00016143164271229256	0.026902245920435084
95.80004320712607	0.0010374940942145484	1.7201753796807895	0.02858473748750383	8.484211933618244e-05	0.02690163927105819
95.99542737724016	0.000743967120044567	1.6701393866124479	0.028654968871618097	2.3009283306749666e-06	0.0269085715979844
96.19081159580858	0.0009737525350830987	1.6209977390776749	0.028540748342285434	9.054312820702699e-05	0.026657817672426126
96.38619581692879	0.0012310976375213326	1.5726284857382171	0.02841188838644752	0.00019646996835870847	0.026411089158194
96.58158003804901	0.0014884427399595806	1.5250337414952937	0.0282704732513448	0.0003151482491474282	0.026176871130178064
96.77696425916925	0.001745787842397829	1.4782228091673366	0.028114393724568414	0.0004454167129636527	0.02595727280078715
96.97234849500103	0.0019773885299002583	1.4321982742077548	0.027941518480066454	0.0005858495788826125	0.025754393068849864
97.16773288263329	0.001943346939378465	1.386906935135928	0.027749560363345242	0.0007345995937815559	0.025570244455663225
97.36311727026552	0.0019093053488566714	1.3424273598274952	0.02753668177314641	0.0008898528150974841	0.025407022227952325
97.55850165789778	0.0018752637583348778	1.2987688454189923	0.02730077856607665	0.001049281309047249	0.025266830529110423
97.75388604553001	0.0018412221678130842	1.2559406899651286	0.027039746473913606	0.0012101493325095442	0.02515177362735995
97.94927043277194	0.0018055385004017413	1.2139517661699946	0.026751480566342415	0.0013692315273069985	0.025063955100189297
98.14465481450767	0.001746691207431625	1.172805794588442	0.026433872285461735	0.0015226877557251244	0.02500546807154582
98.3400391962434	0.0016878439144615088	1.1325180982888379	0.026084827085355387	0.0016659465262101967	0.024978428182128573
98.53542357797913	0.0016289966214913924	1.0930979833473895	0.02570223996797084	0.0017934143896939261	0.024984940429990044
98.73080795971487	0.0015701493285212762	1.0545547574291332	0.02528400571948641	0.0018981137429324928	0.025027110028951943
98.92619234103476	0.0015099914811969027	1.016897392214421	0.02482801918507695	0.0019710531212081958	0.025107041623348328
99.12157672077515	0.0014448552747238492	0.9801342584046803	0.024332176199177692	0.002000096998386632	0.025226838609948458
99.31696110051553	0.0013797190682507958	0.9442759549710179	0.023794370228895325	0.001967710210032083	0.025388609893126825
99.5123454802559	0.0013145828617777424	0.9093317976823552	0.02321249505160911	0.0018456552319484794	0.025594461695504122
99.7077298599963	0.0012494466553046894	0.8753111040683039	0.02258444420584696	0.0015789374026880523	0.025846500478552397
99.90311424170196	0.0011949860625356074	0.8422259012539681	0.021908104582833057	0.0010004149790370839	0.02614683887710152
100.09849863218133	0.0011881849926784712	0.8100946256066675	0.02143813405331392	9.515392600236551e-07	0.026303942262914642
100.29388302266074	0.0011813839228213354	0.7789099791214839	0.02120799378052335	1.634031622624198e-06	0.02628331268816333
100.48926741314013	0.0011745828529641992	0.7486725701974556	0.02097785321117107	2.168159069872415e-06	0.026262683234519295
100.68465180361953	0.0011677817831070633	0.7193828263489048	0.020747712344782183	2.647659241011004e-06	0.026242053902457395
100.880036193985	0.001158787413196915	0.691040632100676	0.02051757231864225	3.0969608611076007e-06	0.026221423618446454
101.07542058411683	0.0011452939654512185	0.6636458562445243	0.020287434115963173	3.5232890428946007e-06	0.0262007913516817
101.27080497424865	0.0011318005177055218	0.6372000437358989	0.020057295294484814	3.93817524885347e-06	0.026180159355611354
101.46618936438047	0.001118307069959825	0.6117036194454593	0.019827155853264992	4.345372336502949e-06	0.026159527631177616
101.66157375451229	0.0011048136222141284	0.5871570071338403	0.019597015791361548	4.747210114480055e-06	0.02613889617932264
101.85695814462802	0.0010910933681572948	0.563560574932983	0.019366875198328786	5.144656410443684e-06	0.026118264902462492
102.05234253470627	0.0010768451036138294	0.540914673188832	0.019136734169825188	5.537780721950942e-06	0.026097633681613212
102.24772692478449	0.0010625968390703636	0.5192198497277107	0.018906592481506095	5.928361651850381e-06	0.026077002753001784
102.44311131486273	0.001048348574526898	0.4984765235913399	0.01867645013237651	6.3168142782973405e-06	0.026056372117623138
102.63849570494096	0.0010341003099834324	0.4786851126490012	0.01844630712144157	6.703392963493415e-06	0.02603574177647219
102.8338800951388	0.0010217857819213956	0.4598464888634085	0.018216162908873845	7.094954109543213e-06	0.026015112462575655
103.02926448548487	0.0010118692821283592	0.44196117378941935	0.017986017515545443	7.494639768331479e-06	0.025994484282267742
103.224648875831	0.0010019527823353226	0.42502901809987403	0.017755871666799893	7.894729505336902e-06	0.0259738563015504
103.4200332661771	0.000992036282542286	0.40905043791970863	0.017525725361944782	8.295235075904681e-06	0.025953228521116117
103.6154176565232	0.0009821197827492496	0.3940258485574887	0.017295578600287628	8.696132645353917e-06	0.025932600941657356
103.81080204690642	0.0009796954671720494	0.3799574255958193	0.01706543019995565	9.132361140662671e-06	0.025911975977346607
104.00618643734116	0.0009876768547952591	0.3668462851558724	0.01684767725307273	9.60197076205076e-06	0.025892037863743837
104.2015708277759	0.000995658242418469	0.35468675472348205	0.017009056179900305	9.42059715747761e-06	0.025893005659710772
104.39695521821064	0.0010036396300416785	0.34346228931857276	0.017170434911882724	9.23883511637217e-06	0.025893973735551246
104.59233960864539	0.001011621017664888	0.3331533163458251	0.017331813449110677	9.05672521073648e-06	0.025894942091174586
104.78772399873962	0.0010248646222173355	0.3237415317507056	0.017493190821508797	8.897182151796877e-06	0.025895912740661876
104.98310838857111	0.0010421689356472884	0.3152070988797438	0.01765456706940195	8.753099121188727e-06	0.025896885483003392
105.17849277840259	0.001059473249077241	0.3075294738823568	0.01781594289115069	8.606390367722012e-06	0.025897858835837947
105.37387716823406	0.0010767775625071937	0.30068908344515205	0.017977318286951614	8.457165686779321e-06	0.02589883279896894
105.56926155806553	0.0010940818759371464	0.2946663521315644	0.018138693257001338	8.305532816340566e-06	0.025899807372199764
105.76464594768825	0.0011135024587607234	0.2894422356248694	0.018300067279835037	8.159356555188934e-06	0.025900783553159445
105.96003033713126	0.0011347449521255401	0.2849970943060041	0.018461440353071845	8.01688462100957e-06	0.025901761310247642
106.15541472657426	0.0011559874454903567	0.2813108915555321	0.018622812903437716	7.871337549930315e-06	0.02590273981651016
106.35079911601724	0.0011772299388551721	0.27836404298880457	0.018784184931173963	7.722852225421872e-06	0.025903719071705644
106.54618350546025	0.0011984724322199889	0.27613696161581797	0.01894555643652198	7.571562509679838e-06	0.02590469907559276
106.74156789518362	0.0012168534543297266	0.2746093041430534	0.019106928302524587	7.408890708664885e-06	0.02590567822508067
106.93695228503783	0.0012338992449339716	0.27376186603565367	0.01926830014601794	7.240405699515465e-06	0.025906657249792922
107.13233667489203	0.0012509450355382167	0.2735754032239177	0.01942967157180947	7.070417792971449e-06	0.025907636873801487
107.32772106474623	0.001267990826142462	0.274030320733937	0.019591042580092824	6.899018541396835e-06	0.02590861709691272
107.52310545460044	0.0012850366167467071	0.2751070215016593	0.019752413171061665	6.7262986663985725e-06	0.02590959791893297
107.71848984235484	0.0013166599268499217	0.2767898669065476	0.019913777944379527	6.588941034772908e-06	0.025910588796111307
107.91387422901187	0.0013559016546706188	0.27905739975961913	0.020075139023403438	6.4655779349810964e-06	0.025911585864735298
108.1092586156689	0.001395143382491316	0.28188747824780086	0.020627609076834107	0.001293209491807601	0.025734816814187843
108.30464300232595	0.001434385110312013	0.2852519283627056	0.021456281211297473	0.0019993327132538613	0.02545002115998587
108.50002738898297	0.0014736268381327102	0.28911564826320313	0.022244678963405394	0.0023637771843552633	0.025205503737659236
108.69541177483345	0.0015166555965451939	0.2934443530908384	0.02299385577071332	0.002563134252935271	0.025000212851711598
108.89079616048056	0.0015606392842008137	0.29820194991555976	0.023704867941178057	0.0026565902935857424	0.02483309130973769
109.08618054612764	0.001604622971856433	0.30335286521984695	0.024378770643802013	0.002674279945375554	0.02470308355029932
109.28156493177474	0.0016486066595120528	0.30886179288420135	0.02501661832100175	0.0026346982376892984	0.02460913513098013
109.47694931742183	0.0016925903471676723	0.3146934328514524	0.025619465107330475	0.0025505076681637574	0.024550191917226766
109.6723337033147	0.001735464215742357	0.32081219108624626	0.026188364805089674	0.002431022985966323	0.02452519932406347
109.86771808927821	0.0017780191436794096	0.3271829956277599	0.026724370605935768	0.0022834550773867864	0.02453310459306833
110.0631024752417	0.0018205740716164616	0.33377065107204174	0.027228535636317174	0.002113597550423391	0.024572854807074794
110.2584868612052	0.0018631289995535137	0.34053988139030644	0.02770191275675497	0.001926239940221267	0.024643397105561828
110.45387124716872	0.001905683927490566	0.34745541641665995	0.028145554530030918	0.001725431444102009	0.024743678925747754
110.64925563405103	0.0019437629833101652	0.3544807989711635	0.028560509616608765	0.0015146510969276203	0.024872647352780292
110.8446400210189	0.0019814252666235013	0.3615818568282734	0.028947831573390512	0.0012969480111291096	0.025029252228482384
111.04002440798678	0.0020190875499368375	0.3687234461247586	0.029308572281740913	0.0010750136783995868	0.025212442047196033
111.23540879495465	0.0020567498332501734	0.3758703168528032	0.02964378309648731	0.0008512515654461282	0.025421165454093907
111.43079318192251	0.002094412116563509	0.3829872241914899	0.029954515109039223	0.0006278275927068602	0.02565437135776643
111.62617756339863	0.0021536669066786304	0.39004467838617163	0.030241856257798308	0.00040673567749309757	0.025910997636321553
111.82156194424664	0.002215391289205258	0.3970023878291471	0.03050683241655551	0.00018974873455498883	0.02618999779146544
112.01694632509464	0.0022771156717318855	0.4038244946145508	0.030718477733390023	-3.3839482756509412e-06	0.026466957197974348
112.21233070594266	0.0023388400542585135	0.410480904357672	0.03058367404679114	-2.9087191370658183e-06	0.02650731846564049
112.40771508622322	0.002401891851819789	0.4169576367893532	0.030448974077295608	-2.4611150418040713e-06	0.026547680564449075
112.60309944843729	0.0025072078492022285	0.42325459030258683	0.030314566407622902	-2.003318028993595e-06	0.026588013931479085
112.79848381065136	0.0026125238465846677	0.42934908761406404	0.03018032732458811	-1.5781783706731221e-06	0.026628350322047346
112.99386817286543	0.0027178398439671077	0.43522983752081734	0.030046256837340662	-1.1856513684026093e-06	0.026668689727004383
113.1892525350795	0.0028231558413495473	0.44088553770646033	0.029912354955013976	-8.256923188667645e-07	0.0267090321372168
113.38463689767954	0.0029275267332925267	0.4463046052657222	0.02977861437984716	-4.989701494715575e-07	0.026749378174020066
113.58002128074024	0.00298179686382527	0.4514615223042203	0.0296446134543645	-2.4033287782338367e-07	0.02678975988981659
113.77540566380094	0.003036066994358014	0.4563590497972508	0.029510699412579635	-9.779057574624494e-09	0.026830143153947363
113.97079004686164	0.0030903371248907578	0.4609858191320096	0.029376872261275052	1.9271108624805779e-07	0.02687052795962985
114.16617442992234	0.0031446072554235016	0.46533045597462963	0.029243132007227196	3.671573305508809e-07	0.02691091430008765
114.36155880636146	0.0032119327789543843	0.4693855444048693	0.02910963186405571	5.206565520516322e-07	0.02695129437209943
114.55694314395055	0.003355856834187414	0.4731594036212968	0.02897719977445283	6.833723336328012e-07	0.026991631654984027
114.75232748153962	0.0034997808894204428	0.476617697349718	0.028844998192933693	8.106278148799615e-07	0.02703197295093999
114.9477118191287	0.003643704944653472	0.4797490310607204	0.028713027130410608	9.024907029009238e-07	0.027072318249055
115.14309615671779	0.003787628999886501	0.482541995069145	0.02858128659776893	9.590287129565124e-07	0.027112667538443692
115.3384805014085	0.003907157737725874	0.4849772665640662	0.028449392646839815	9.721072946606094e-07	0.027153033676731622
115.53386488967709	0.003876988865147749	0.4870020601411308	0.02831521418543642	9.078554934152786e-07	0.027193479998079296
115.72924927794571	0.003846819992569625	0.48865283284167876	0.028180987427716308	8.227963045950053e-07	0.027233925456201402
115.9246336662143	0.0038166511199915	0.48991817788265096	0.02804671237739805	7.169217405417096e-07	0.027274370047379353
116.12001805448291	0.0037864822474133757	0.4907875151825798	0.027927058364690914	2.872851989780181e-05	0.026999342565236558
116.31540242845122	0.00380312926997999	0.4912779392621567	0.02781161815712467	0.00010299578252400539	0.026532095340637284
116.51078676182871	0.0039526615145662955	0.4914293595290293	0.02768740401985925	0.00021236173764181858	0.026076764605239455
116.7061710952062	0.00410219375915261	0.4912066076206935	0.027546511489083596	0.00035541885611904055	0.025638704988549765
116.90155542858369	0.004251726003738925	0.49061954339646713	0.02738362361760978	0.0005303089814899822	0.025223233437756128
117.09693976196118	0.00440125824832524	0.4896780362870579	0.027193409789338728	0.0007345730524211071	0.024835680568957626
117.29232410965741	0.004503285506584889	0.48837497552013875	0.026969226972014485	0.0009646293657067847	0.02448121296808717
117.48770849767575	0.004471537123420956	0.48668873852311767	0.026703238613477915	0.0012153722244488967	0.02416453247372055
117.68309288569408	0.004439788740257024	0.48467669729715634	0.026393775391970988	0.0014832030089408639	0.02389120099607619
117.8784772737124	0.004408040357093092	0.48234876911988406	0.026035618246701635	0.0017625035091480968	0.023666437595946135
118.07386166173075	0.0043762919739291604	0.4797148692413565	0.025623551019260858	0.0020465376223860947	0.023495458431739315
118.26924600298378	0.004272805541170627	0.4767582395628634	0.02515042857801264	0.0023258462652233215	0.023382468333713102
118.46463026633386	0.0040498158412423605	0.47347028318132955	0.024610045044171597	0.002589267249397674	0.023331194238301142
118.66001452968393	0.0038268261413140947	0.469904978438075	0.024000722697984048	0.0028267600725774148	0.02334797505513099
118.85539879303401	0.003603836441385829	0.466072196821923	0.02331749843771897	0.0030230294390934834	0.023437773885933648
119.05078305638408	0.0033808467414575636	0.46198179553165625	0.022555429633802998	0.003157967477735277	0.023605533360282538
119.24616729255213	0.0031366599535735205	0.45763542241664795	0.021709229076247928	0.003203116306736543	0.023855461875198984
119.44155148521735	0.00285854879200382	0.45303773932132524	0.020774028592070108	0.003115760142052688	0.024191628598386763
119.63693567788256	0.0025804376304341195	0.4482115502984301	0.019745710723386985	0.002821890155223406	0.024619810312579243
119.83231987054779	0.002302326468864419	0.4431666317087513	0.01861950360383522	0.002142232151287454	0.025144778884139733
120.027704063213	0.002024215307294718	0.4379127358348426	0.017551393852917745	1.9010452516171506e-05	0.02567999746925859
120.22308835272474	0.0018818841635982809	0.4325112862816071	0.017411047644573647	1.854226951588325e-05	0.025715504450478367
120.41847274332156	0.00188127553133239	0.42696448223768735	0.01727092209673383	1.872418689348227e-05	0.02575906139273949
120.61385713391837	0.0018806668990664992	0.4212125126408282	0.01713079655295662	1.8893489528750798e-05	0.02580262003724884
120.80924152451519	0.0018800582668006083	0.41525230308523164	0.01699067101327888	1.904989686800283e-05	0.025846180383969557
121.00462591511202	0.0018794496345347176	0.4090807792280543	0.016850545477737452	1.9193112578049633e-05	0.0258897424328648
121.20001030568996	0.001877191940259906	0.4026941661549562	0.01671041776310201	1.931453276649505e-05	0.025933226020246877
121.39539469624958	0.0018733322133447734	0.3960893886621842	0.01657028812271875	1.941387283961936e-05	0.025976640110045787
121.59077908680923	0.0018694724864296406	0.3892640465054229	0.016430158740251	1.949879563302267e-05	0.026020064762738764
121.78616347736886	0.0018656127595145077	0.3822150660218521	0.016290029615932195	1.9568954762653855e-05	0.02606349997809241
121.98154786792848	0.0018617530325993753	0.3749393739475464	0.01614990074999575	1.9623980303485182e-05	0.02610694575587329
122.17693225844705	0.001856334884889356	0.36743320256782663	0.016009770383539977	1.9655367007074783e-05	0.026150336956948444
122.37231664893855	0.001849891171030979	0.35969370062754735	0.015869639280202345	1.9665348659177798e-05	0.02619370149808605
122.56770103943003	0.0018434474571726025	0.3517182502340117	0.015729508638091905	1.9658798226300214e-05	0.02623708364305711
122.76308542992157	0.001837003743314226	0.34350378106687335	0.015589378457598065	1.96352490778461e-05	0.026280483391472164
122.95846982041306	0.0018305600294558492	0.33504722347186394	0.015449248739110424	1.9594196107121545e-05	0.026323900742941674
123.15385421075523	0.001820878948488785	0.3263440065119242	0.015309116462121705	1.9517862223520713e-05	0.026367222438192416
123.34923860100977	0.0018092981451105447	0.31739165750022263	0.015168983203414525	1.9412629806455807e-05	0.02641050668494114
123.54462299126433	0.0017977173417323042	0.3081879881552662	0.015028850810794416	1.9287972314017423e-05	0.026453822532580593
123.74000738151888	0.001786136538354064	0.2987299361611149	0.014888719284960713	1.9143230961235976e-05	0.026497169980411458
123.93539177177344	0.0017745557349758238	0.2890144403993288	0.014748588626612961	1.8977677908881236e-05	0.026540549027734183
124.13077616209364	0.0017641684195115186	0.279039963670362	0.014643514343127405	1.8718519596179968e-05	0.026589591226618515
124.3261605524398	0.001754252950288522	0.26881505507833825	0.014555759121298008	1.840134518869787e-05	0.02664143178523737
124.52154494278598	0.0017443374810655254	0.2583554192599346	0.014468004259247923	1.8061310287951805e-05	0.02669328955622224
124.71692933313213	0.001734422011842529	0.24767709898397858	0.014380249757553606	1.7697045987790124e-05	0.026745164538996686
124.91231372347829	0.0017245065426195324	0.23679613630646915	0.014292495616791608	1.7306979388920502e-05	0.026797056732984145
125.10769811362727	0.001711390932081715	0.22572703736360714	0.014204739756040459	1.687341960788036e-05	0.026848888779160737
125.30308250371169	0.0016972277271053871	0.21448687592360804	0.0141169837246944	1.6405668518248554e-05	0.026900719162257312
125.49846689379612	0.0016830645221290591	0.203092197322265	0.01402922822587118	1.590663498840795e-05	0.02695257411279256
125.69385128388053	0.0016689013171527311	0.1915590435147956	0.01394147326039443	1.537346077302675e-05	0.027004453629942853
125.88923567396496	0.0016547381121764036	0.1799034554425293	0.013853718829088046	1.4802667855795868e-05	0.027056357712884296
126.08462002309543	0.0015364787203449542	0.16809180029327944	0.013765907653067207	1.3730340109315937e-05	0.02710622077167751
126.28000436383994	0.0013969040427321516	0.15617986557645464	0.013678089889165348	1.2535076191525112e-05	0.027155884194575024
126.47538870458443	0.0012573293651193572	0.1441939358824696	0.013590277701526054	1.1312154581646863e-05	0.027205789394697963
126.67077304532894	0.001117754687506555	0.13215009510056883	0.013502471098124108	1.0061247347989906e-05	0.027255936364071535
126.86615738607345	0.0009781800098937529	0.12006441709738015	0.013414670086962155	8.781864492820187e-06	0.027306325094693107
127.06154174512443	0.0010542539889897146	0.10805443103511234	0.013326971691192228	8.381045321980718e-06	0.027360300943256775
127.25692610674997	0.0011606562017831307	0.09604824094746767	0.013239283241486325	7.90726493766983e-06	0.027414589280907318
127.45231046837554	0.0012670584145765469	0.0840475307431352	0.013151590476750559	7.168633696111558e-06	0.027468693368142123
127.6476948300011	0.0013734606273699628	0.07206830939063025	0.013063893390660669	6.053742825188499e-06	0.02752261321128547
127.84307919162666	0.001479862840163379	0.060126594158224834	0.012976191976908533	4.25554843339787e-06	0.02757634881664548
128.0384633624708	0.0012023425739891443	0.04806104680209644	0.012895281222479049	8.125313612505227e-07	0.02762204621880719
128.23384752185308	0.0009017569304918622	0.036052135445399064	0.012842638224602704	1.4260792128340661e-06	0.027653206076472196
128.4292316812354	0.0006011712869945804	0.024114780362695824	0.01279000085567922	1.5507237334769916e-06	0.027684460408444182
128.62461584061768	0.0003005856434972985	0.012252167189642702	0.01273736911453652	1.318553390065045e-06	0.027715809215895254
128.82	0.0	0.0004772363135769182	0.012684743	0.0	0.027747252500000003
