Q20	Q30	EHFB	M22	M23	M33
160.5260071347894	0.0	1.0000000000000022	0.017262015753056754	-0.00017340201554223397	0.030156189247786472
161.02671979477236	0.0	1.0228026969156163	0.017130018889346472	-0.00021247563450500995	0.03002370412210502
161.5274324860567	0.0	1.0455755104250812	0.016998628902451886	-0.00022265333553268634	0.029895045428457796
162.02814515556642	0.0	1.0683304797359583	0.01686906325995597	-0.0002141167644968451	0.02976974695127152
162.52885791903597	0.0	1.0910796517303092	0.016742539423042112	-0.000190922170302754	0.02964734239613939
163.02957063873464	0.0	1.113835061775822	0.016620275475461087	-0.00015458126169204685	0.029527364973226448
163.53028351521883	0.0	1.1366087606220803	0.01650349009209397	-0.00010344713670962208	0.029409347137862092
164.03099632549316	0.0	1.1594127794592393	0.016393448617742577	-0.0	0.02929277479880915
164.5317093556572	0.0	1.1822576329236814	0.016291389844484028	-0.0	0.02917676682412582
165.03242229650908	0.0	1.205148689687534	0.016195687835014485	-0.0	0.029061999357204344
165.53313552074457	0.0	1.2280902872094508	0.016105255209893095	-0.0	0.02894833828505185
166.03384863168327	0.0	1.2510867277334257	0.01601900473154852	-0.0	0.0288356496699891
166.5345620899988	0.0	1.274142352854244	0.015935849010277142	-0.0	0.028723799380561223
167.03527540993565	0.0	1.2972614606408623	0.01585470081540965	-0.0	0.028612653497343307
167.53598914184744	0.0	1.3204483969617504	0.015774472744478574	-0.0	0.02850207787008683
168.0367027089926	0.0	1.3437074494937493	0.01569409212901325	-1.3530699127939537e-05	0.028391924241606414
168.53741675341533	0.0	1.3670239276333036	0.01561301928406346	-4.600494653989472e-05	0.028282128673532095
169.038130605179	0.0	1.3903218992360906	0.015531742629699299	-5.593114092304506e-05	0.028173585214821554
169.53884500031552	0.0	1.4135132299144308	0.015451248095419848	-5.833771479047067e-05	0.02806708801139331
170.03955917321363	0.0	1.4365097154931303	0.015372521704146179	-5.5877399683737116e-05	0.027963431682243196
170.54027395644343	0.0	1.4592232251749409	0.015296549096684054	-4.9626195253446226e-05	0.027863410645906545
171.04098848600995	0.0	1.4815655506616663	0.015224316059842726	-3.999050455500042e-05	0.027767819783215845
171.5417036937758	0.0	1.503448564041107	0.015156808013529125	-2.6525307292900365e-05	0.027677453733849482
172.0424186144817	0.0	1.5247840644186772	0.01509501478360745	-0.0	0.027593103048068456
172.5431342821738	0.0	1.5455066517412892	0.015039647966294539	-0.0	0.027515204750450255
173.04384962735483	0.0	1.5656214291598631	0.014990386282579614	-0.0	0.027443267876553674
173.54456578919147	0.0	1.5851472626658742	0.014946783154463702	-0.0	0.027376546284989114
174.0452815909856	0.0	1.6041029266926272	0.014908392217271148	-0.0	0.02731429415326575
174.54599827989043	0.0	1.6225072887388732	0.014874766907299768	-0.0	0.027255765344582447
175.04671456918484	0.0	1.6403791218857735	0.01484546084170941	-0.0	0.02720021402614656
175.54743181666086	0.0	1.6577372949510432	0.014820027470516191	-0.0	0.027146894061104945
176.04814862304968	0.0	1.6746005772475938	0.014798021715998986	-4.014287985554145e-06	0.027095058384616892
176.5488664590499	0.0	1.6909839599411876	0.01477902322928016	-1.2038700336410274e-05	0.027044077324099625
177.0495838108021	0.0	1.7068906874199998	0.014762644660395742	-1.4553183378371022e-05	0.02699371703273594
177.55030226359796	0.0	1.722321925007472	0.014748524015039613	-1.5138394534040508e-05	0.026943798020013718
178.05102018763495	0.0	1.7372787375031238	0.014736299388930625	-1.4468742623574067e-05	0.02689414112400879
178.55173928368356	0.0	1.7517622906429893	0.01472560877973768	-1.2821178509410309e-05	0.026844566859499378
179.05245780556533	0.0	1.7657736489167173	0.014716090252776454	-1.0300264931670866e-05	0.02679489609298159
179.5531775693779	0.0	1.7793139780499887	0.014707381787836777	-6.782793401239132e-06	0.02674494934852399
180.05389671329553	0.0	1.7923843302580638	0.01469912203290314	-0.0	0.026694547235072454
180.55461716730915	0.0	1.8049723846565253	0.014691195589120286	-0.0	0.02664361260586018
181.05533695608165	0.0	1.8170265688201919	0.014684191537542947	-0.0	0.02659237737412927
181.55605812053764	0.0	1.8284883371387373	0.014678831131525868	-0.0	0.026541123799017966
182.05677857561008	0.0	1.8392990471385566	0.014675835676069861	-0.0	0.02649013456231636
182.55750046844207	0.0	1.849400149900846	0.014675926446494939	-0.0	0.02643969191576588
183.05822160988188	0.0	1.8587330059975002	0.014679824731155481	-0.0	0.026390078550603054
183.5589442466176	0.0	1.8672390614814907	0.014688251842170557	-0.0	0.02634157671710644
184.0596660931056	0.0	1.8748597142400643	0.014701928593212408	-1.2731966371904993e-06	0.02629446895387646
184.56038948678508	0.0	1.881563245938266	0.01472109601416405	-3.6245767214667433e-06	0.026249023518059883
185.06111205559807	0.0	1.8873932052487543	0.01474464299503681	-4.582626957166968e-06	0.02620547372338
185.56183621671377	0.0	1.892406335406029	0.01477122440676686	-5.032994895929216e-06	0.026164044790426784
186.06255952369492	0.0	1.8966593271519225	0.014799494875207285	-5.124356872143961e-06	0.02612496235209911
186.56328446015488	0.0	1.900208917175115	0.014828109286011158	-4.890135467634571e-06	0.02608845164702291
187.06400851966936	0.0	1.9031118034206886	0.014855722239293198	-4.291073465887469e-06	0.0260547382909112
187.56473423678824	0.0	1.905424716691608	0.01488098860661936	-3.1399303727312286e-06	0.02602404754887147
188.06545906166193	0.0	1.9072043214647771	0.014902564060657082	-0.0	0.02599660433834496
188.56618556217967	0.0	1.9084816106778622	0.014919697809601798	-0.0	0.025972294871623607
189.06691116361995	0.0	1.9092177453282688	0.01493324686026225	-0.0	0.025950090270762265
189.56763844775125	0.0	1.909362150281797	0.014944340123838277	-0.0	0.02592880620336909
190.06836483524873	0.0	1.9088642457964597	0.01495410638593858	-0.0	0.025907258559684947
190.5690929007612	0.0	1.9076734499119614	0.014963674548723611	-0.0	0.025884262999898957
191.06982008197423	0.0	1.9057391892303719	0.01497417341663418	-0.0	0.025858635411075363
191.57054892429497	0.0	1.9030108740553098	0.014986731905545411	-0.0	0.025829191422865414
192.07127690491888	0.0	1.899437998501887	0.015002478366729322	-2.2887256180054013e-06	0.025794747496933307
192.5720065172657	0.0	1.8950009771888656	0.015022064315239924	-6.916222512872356e-06	0.02575465092101213
193.07273530089077	0.0	1.8897616027603552	0.015044874918616927	-9.691072520512984e-06	0.025709657870879647
193.57346567442409	0.0	1.8837948224311951	0.015070093316521952	-1.1598493169422292e-05	0.025660749446208272
194.0741952623864	0.0	1.877175637048438	0.015096902443676322	-1.2698330234660551e-05	0.025608907171194357
194.5749263863761	0.0	1.869978989152096	0.015124485500733947	-1.2894692423866959e-05	0.0255551120771472
195.0756567776092	0.0	1.8622798846076691	0.015152025466559558	-1.193220189906322e-05	0.025500345652071193
195.57638863960932	0.0	1.8541532634598452	0.015178705585953299	-9.102474459001879e-06	0.025445588880903286
196.07711983050177	0.0	1.8456740659876871	0.015203711793982812	-0.0	0.02539182054837971
196.57785241652667	0.0	1.8368886384338086	0.015226689864174008	-0.0	0.025339663546604895
197.078584400794	0.0	1.8277709039462684	0.015248411240975488	-0.0	0.025288880103199244
197.57931769548708	0.0	1.818283370085745	0.01526983472344078	-0.0	0.025239086305914336
198.0800504640661	0.0	1.8083886138710987	0.015291918950927196	-0.0	0.025189898618526798
198.58078445085377	0.0	1.798049142912526	0.015315622724641233	-0.0	0.025140933148058
199.08151799182596	0.0	1.7872275334625227	0.015341904692506682	-0.0	0.025091806334837916
199.58225265305063	0.0	1.775886293467263	0.01537172366887728	-0.0	0.02504213430038863
200.08298695160045	0.0	1.7639880565079542	0.01540604396735862	-8.131657007054249e-06	0.02499152727936602
200.583722268626	0.0	1.7515154855778396	0.015445434292889653	-2.2951669053519825e-05	0.02493981216322924
201.08445730703968	0.0	1.7385007015024032	0.015489349622720583	-3.19136506212207e-05	0.024887490059877043
201.58519326032547	0.0	1.7249832137828507	0.01553711516558792	-3.800089430126958e-05	0.024835125473606553
202.08592901803252	0.0	1.711002592892433	0.015588056377785337	-4.1412296811864945e-05	0.024783282692062467
202.58666558717448	0.0	1.6965983515689258	0.01564149940086189	-4.184998948184423e-05	0.0247325253038798
203.08740204083327	0.0	1.681810057332746	0.015696770651608696	-3.8497261721592804e-05	0.024683416619862494
203.5881392045709	0.0	1.6666772269746943	0.015753197180684405	-2.9036232666918644e-05	0.024636519330467996
204.0888763281959	0.0	1.6512393956898315	0.0158101327186132	-0.0	0.024592369400283406
204.58961406438948	0.0	1.6355277972476754	0.015867352281079907	-0.0	0.02455107519522722
205.09035182951675	0.0	1.6195540709647132	0.015925173597814493	-0.0	0.024512187253837355
205.59109011509787	0.0	1.603326968227412	0.015984119560374252	-0.0	0.024475048796608417
206.0918284909829	0.0	1.5868552700200276	0.016044712954626065	-0.0	0.02443900311255239
206.59256730188537	0.0	1.5701477321448916	0.016107476660413764	-0.0	0.024403393431110424
207.09330625572528	0.0	1.5532131314771833	0.016172933481106586	-0.0	0.024367563025485633
207.5940455668044	0.0	1.536060227983261	0.016241606285934695	-0.0	0.024330855130484635
208.09478506397673	0.0	1.5186977936236117	0.01631410877621057	-2.705672504978031e-05	0.024292523006678193
208.5955248489248	0.0	1.5011343194617364	0.01639112890232952	-7.171987431500841e-05	0.024251960790749795
209.09626485323173	0.0	1.4833776780472865	0.01647205535745339	-9.864656811309914e-05	0.02421035646195317
209.59700508450047	0.0	1.46543565188199	0.016556520614727368	-0.00011651209728039359	0.02416872348140868
210.0977455584118	0.0	1.4473160231837934	0.016644165040267066	-0.0001260078712199879	0.024128067420031075
210.59848620714743	0.0	1.4290265772345394	0.016734637167644423	-0.0001263444696627184	0.02408938567460497
211.0992271120324	0.0	1.410575093905329	0.016827593679553866	-0.00011518111394284334	0.024053667509467778
211.599968148032	0.0	1.3919693606841907	0.016922698932958165	-8.560406561951934e-05	0.02402189449276608
212.10070944437425	0.0	1.3732171229353252	0.017019944730936643	-0.0	0.02399471977338709
212.60145083606844	0.0	1.3543192958006791	0.017120548707982877	-0.0	0.023971360481240267
213.10219248365885	0.0	1.3352615663445773	0.017223892762192487	-0.0	0.02395240213178508
213.60293419812288	0.0	1.3160275834660875	0.01733045243049652	-0.0	0.023937273529351925
214.1036761562291	0.0	1.296600982051874	0.017440703327353833	-0.0	0.023925403464410834
214.604418159224	0.0	1.276965411476663	0.01755512098633715	-0.0	0.023916220736387037
215.1051603867353	0.0	1.2571045063412039	0.017674181026499928	-0.0	0.023909154135447766
215.60590264277653	0.0	1.237001916052927	0.017798358979650104	-0.0	0.023903632456965265
216.10664509832685	0.0	1.2166413187199578	0.01792920985768803	-8.033038389161428e-05	0.023898004829800423
216.6073875707784	0.0	1.1960142416342536	0.018070595783530284	-0.00020058493568776334	0.023888264364459084
217.10813021285088	0.0	1.1751290564476513	0.018217644221944846	-0.0002716638516449971	0.0238790338687205
217.608872864038	0.0	1.1539963353370843	0.01836866666693269	-0.00031667397057787866	0.023871738405534432
218.1096156510572	0.0	1.1326266384745354	0.018522104079898058	-0.0003380664338985727	0.023867673650090643
218.61035844239188	0.0	1.1110305370030427	0.018676531246152966	-0.00033441545188226936	0.02386800137780722
219.1111013328088	0.0	1.0892185924001767	0.01883065765552561	-0.0003003235231570874	0.023873748727281097
219.61184422492235	0.0	1.067201374479481	0.018983324575977185	-0.00021848612719343934	0.023885810998428323
220.1125871772988	0.0	1.0449894217771056	0.01913691620592997	-0.0	0.023901541056551394
220.6133301301737	0.0	1.0225894167801253	0.0193025068312367	-0.0	0.02390967199147962
221.11407310327073	0.0	1.000000000000003	0.019470571975481576	-0.0	0.023919682140607256
