Q20,Q30
1.605260071347894666e+02,0.000000000000000000e+00
1.606439448423516012e+02,3.056409614941423686e-05
1.607600128278735099e+02,1.210018059240828376e-03
1.608794095488225366e+02,1.236008101865738312e-04
1.609943850975431019e+02,1.344469497459454752e-03
1.611146332766619196e+02,1.680990001597887449e-04
1.612289377780114989e+02,1.533910819502487012e-03
1.613496794699310897e+02,1.615199720071947270e-04
1.614635888228509657e+02,1.642273109442176542e-03
1.615846096849231515e+02,3.400484670303194953e-04
1.616983328127848552e+02,1.581676672224154988e-03
1.618194573878539870e+02,2.087233184490775058e-04
1.619331132754255691e+02,1.683659421526297918e-03
1.620542410375583131e+02,5.740114938347859203e-04
1.621680006449034579e+02,1.494841793702329780e-03
1.622888479042521226e+02,1.876107568566987883e-04
1.624030134617679835e+02,1.615769860397664763e-03
1.625233923014471031e+02,5.531615700796474813e-04
1.626380842351459819e+02,1.391152194340248855e-03
1.627577271839505784e+02,5.574787193560338649e-04
1.628734057818481347e+02,9.986841831792123668e-04
1.629920157756100991e+02,1.536161152461487742e-03
1.631087038502536757e+02,1.448882512963305374e-03
1.632263410839288156e+02,1.949170244053955500e-03
1.633438641553873083e+02,1.257548981804762316e-04
1.634610194911134613e+02,1.836387406885654165e-03
1.635785580003722828e+02,3.011800142300432095e-04
1.636960342511119109e+02,1.605432664098225366e-03
1.638130544608116566e+02,1.857142003347651794e-03
1.639309119495453615e+02,2.510842380674424383e-04
1.640479157158331418e+02,1.414200277211746619e-03
1.641655550885493540e+02,1.473513119346346253e-03
1.642827252443738359e+02,6.796494935977512655e-04
1.644004296202674880e+02,1.658207052996207766e-03
1.645173630273646097e+02,6.294583814726673141e-04
1.646354354540841314e+02,7.819378741266958498e-04
1.647520592001562818e+02,8.172953384634942114e-04
1.648703588801811577e+02,7.638717882139677874e-04
1.649868929907281938e+02,1.229266728860597870e-03
1.651051487763675425e+02,5.985229534071741589e-04
1.652217767714498393e+02,3.532444080615018602e-04
1.653401650367887896e+02,1.491809360392262014e-03
1.654562878251879852e+02,1.044611867958322813e-03
1.655753089905671800e+02,5.506246753416120521e-04
1.656909772823919411e+02,1.364618117004558553e-03
1.658101634730189176e+02,4.758093155774725715e-04
1.659257771278497842e+02,5.527277527066861221e-03
1.660425703714162182e+02,2.633525879392546384e-02
1.661550851355665657e+02,5.570929472742074812e-02
1.662667292294386527e+02,9.424763682738099280e-02
1.663741085065097707e+02,1.401145358840268640e-01
1.664790166636517768e+02,1.935239391790565255e-01
1.665798433582782252e+02,2.529852014618874101e-01
1.666774835385712663e+02,3.184013813008145233e-01
1.667712895240986199e+02,3.886595202692361140e-01
1.668617778711081030e+02,4.634939785516904998e-01
1.669487934981438571e+02,5.421121713134429143e-01
1.670326879720106774e+02,6.241926434139959401e-01
1.671135357658429257e+02,7.091821415918444504e-01
1.671916131087514827e+02,7.967743815808685515e-01
1.672670842988804623e+02,8.865838580520443157e-01
1.673401810079623999e+02,9.783501932934157708e-01
1.674110878103913080e+02,1.071802956033125476e+00
1.674800010310302696e+02,1.166735037660491470e+00
1.675470930509920606e+02,1.262954460053091754e+00
1.676125278638835994e+02,1.360303433073763557e+00
1.676764528981833564e+02,1.458643983875272720e+00
1.677390020434285418e+02,1.557859158558064783e+00
1.678002951900277822e+02,1.657848834099498347e+00
1.678604392401958876e+02,1.758527603128439365e+00
1.679195288992635255e+02,1.859822250063744686e+00
1.679776482312414032e+02,1.961670553767030922e+00
1.680348712158484545e+02,2.064018446485081260e+00
1.680912638721465555e+02,2.166820049873878773e+00
1.681468846538324158e+02,2.270034616301126906e+00
1.682017865829420771e+02,2.373627238303979592e+00
1.682560173948265003e+02,2.477566172402775990e+00
1.683096213781004735e+02,2.581823682560671518e+00
1.683626392287450528e+02,2.686374067188662451e+00
1.684151090287709565e+02,2.791194636040719157e+00
1.684670681470133502e+02,2.896263125887620582e+00
1.685185531455704222e+02,3.001558897914038848e+00
1.685695998299865153e+02,3.107061885561281045e+00
1.686202439015552557e+02,3.212752989783826063e+00
1.686705209522225459e+02,3.318613399387658536e+00
1.687204668430415495e+02,3.424624866285375546e+00
1.687701176446577449e+02,3.530769285732098695e+00
1.688195098165573143e+02,3.637028887717780101e+00
1.688686801050804149e+02,3.743385987691843386e+00
1.689176655905222333e+02,3.849823119047845577e+00
1.689665035530128705e+02,3.956322892872471186e+00
1.690152314332828212e+02,4.062868091530794423e+00
1.690638866762764110e+02,4.169441597098742847e+00
1.691125066363608482e+02,4.276026461120483013e+00
1.691611284091606251e+02,4.382605875725030131e+00
1.692097886927783748e+02,4.489163234872043162e+00
1.692585236085731424e+02,4.595682136256631800e+00
1.693073685263696859e+02,4.702146445190309443e+00
1.693563578696137029e+02,4.808540324055327275e+00
1.694055249080605279e+02,4.914848308411847277e+00
1.694549015328444455e+02,5.021055369394357371e+00
1.695045180159693246e+02,5.127147011474131766e+00
1.695544027446052837e+02,5.233109374338870801e+00
1.696045819391632108e+02,5.338929364159813673e+00
1.696550793344075316e+02,5.444594804280940892e+00
1.697059158442295654e+02,5.550094613010049471e+00
1.697571091855030261e+02,5.655419009657724594e+00
1.698086734696336180e+02,5.760559754932089049e+00
1.698606187622996799e+02,5.865510419952157939e+00
1.699129505949941858e+02,5.970266697260679933e+00
1.699656694377135864e+02,6.074826746051098958e+00
1.700187701313936373e+02,6.179191573815908001e+00
1.700722412639648553e+02,6.283365458993421804e+00
1.701260645097384838e+02,6.387356402409604783e+00
1.701802139114845716e+02,6.491176611764555737e+00
1.702346551209851953e+02,6.594843003846960094e+00
1.702893445933108296e+02,6.698377715665206011e+00
1.703442287403685498e+02,6.801808607422267450e+00
1.703992430583683984e+02,6.905169731160551549e+00
1.704543112399387326e+02,7.008501736637087198e+00
1.705093442883769796e+02,7.111852178154005166e+00
1.705642396813985329e+02,7.215275666408924593e+00
